anchor;positive;negative
009642.jpg;051662.jpg;008648.jpg
192795.jpg;185091.jpg;198995.jpg
017332.jpg;141102.jpg;074735.jpg
115792.jpg;073536.jpg;067414.jpg
087777.jpg;020285.jpg;115354.jpg
171420.jpg;182510.jpg;062279.jpg
123559.jpg;050614.jpg;162966.jpg
104455.jpg;130401.jpg;039266.jpg
161473.jpg;073387.jpg;088985.jpg
033830.jpg;107761.jpg;047520.jpg
129740.jpg;117070.jpg;040027.jpg
154864.jpg;105603.jpg;101853.jpg
108215.jpg;153255.jpg;146912.jpg
051118.jpg;101319.jpg;159255.jpg
123244.jpg;028023.jpg;077710.jpg
113109.jpg;157609.jpg;121002.jpg
064708.jpg;075399.jpg;195440.jpg
084405.jpg;131722.jpg;033745.jpg
146490.jpg;006357.jpg;089356.jpg
170668.jpg;163101.jpg;076557.jpg
083243.jpg;127422.jpg;033140.jpg
065106.jpg;046697.jpg;111108.jpg
093271.jpg;137290.jpg;104641.jpg
011863.jpg;060295.jpg;169585.jpg
190134.jpg;197833.jpg;093419.jpg
060868.jpg;132485.jpg;041193.jpg
117455.jpg;143557.jpg;061745.jpg
103257.jpg;027886.jpg;133416.jpg
077552.jpg;121298.jpg;184145.jpg
170368.jpg;178091.jpg;148433.jpg
157374.jpg;021969.jpg;153082.jpg
166904.jpg;180665.jpg;010576.jpg
104673.jpg;092686.jpg;118271.jpg
078907.jpg;036384.jpg;110300.jpg
129666.jpg;088834.jpg;120467.jpg
093137.jpg;077940.jpg;037268.jpg
028983.jpg;059319.jpg;110227.jpg
111562.jpg;016050.jpg;098320.jpg
011428.jpg;137451.jpg;087110.jpg
147425.jpg;072966.jpg;100311.jpg
121698.jpg;117322.jpg;143565.jpg
047167.jpg;133179.jpg;003112.jpg
116707.jpg;035465.jpg;192211.jpg
167021.jpg;170311.jpg;116036.jpg
127551.jpg;015496.jpg;183697.jpg
099939.jpg;007742.jpg;165838.jpg
183288.jpg;198007.jpg;142078.jpg
007890.jpg;058113.jpg;171023.jpg
155712.jpg;138936.jpg;084314.jpg
102024.jpg;026386.jpg;064931.jpg
002748.jpg;038510.jpg;144671.jpg
136465.jpg;012526.jpg;126063.jpg
177090.jpg;164668.jpg;130901.jpg
155670.jpg;044506.jpg;024356.jpg
098424.jpg;012539.jpg;163271.jpg
142252.jpg;037277.jpg;149910.jpg
028260.jpg;121996.jpg;044206.jpg
089343.jpg;014237.jpg;096966.jpg
054660.jpg;068313.jpg;088856.jpg
085459.jpg;028101.jpg;131641.jpg
089555.jpg;051368.jpg;133299.jpg
157032.jpg;025490.jpg;139999.jpg
015636.jpg;150430.jpg;067373.jpg
002094.jpg;058470.jpg;199607.jpg
108703.jpg;104703.jpg;005483.jpg
198392.jpg;183113.jpg;152245.jpg
033024.jpg;152877.jpg;031752.jpg
136181.jpg;018198.jpg;151302.jpg
139481.jpg;074240.jpg;000186.jpg
145750.jpg;062756.jpg;009766.jpg
015783.jpg;112227.jpg;120642.jpg
054539.jpg;138854.jpg;095099.jpg
170362.jpg;171733.jpg;069240.jpg
094951.jpg;147445.jpg;079626.jpg
183900.jpg;184691.jpg;083882.jpg
155652.jpg;086592.jpg;183091.jpg
199073.jpg;194665.jpg;128663.jpg
151517.jpg;040432.jpg;187037.jpg
135818.jpg;059140.jpg;098336.jpg
047026.jpg;105739.jpg;115396.jpg
099777.jpg;019723.jpg;002939.jpg
066178.jpg;019229.jpg;134782.jpg
038851.jpg;126627.jpg;079959.jpg
033425.jpg;068799.jpg;004632.jpg
123162.jpg;161499.jpg;048415.jpg
045249.jpg;063854.jpg;105974.jpg
126145.jpg;007016.jpg;022718.jpg
035867.jpg;122849.jpg;163322.jpg
193956.jpg;201368.jpg;137198.jpg
012982.jpg;125971.jpg;114241.jpg
037883.jpg;135305.jpg;186501.jpg
133559.jpg;029030.jpg;115689.jpg
131209.jpg;068353.jpg;121195.jpg
073481.jpg;077965.jpg;164464.jpg
118386.jpg;044927.jpg;005082.jpg
137279.jpg;045478.jpg;077529.jpg
087831.jpg;063098.jpg;083874.jpg
054559.jpg;134990.jpg;002537.jpg
001040.jpg;154624.jpg;068669.jpg
104306.jpg;089427.jpg;146865.jpg
136333.jpg;043372.jpg;107377.jpg
003561.jpg;141904.jpg;188858.jpg
121408.jpg;016887.jpg;097175.jpg
026757.jpg;137538.jpg;130748.jpg
011966.jpg;065092.jpg;058298.jpg
001040.jpg;157523.jpg;023226.jpg
061369.jpg;007006.jpg;063622.jpg
159830.jpg;133640.jpg;139421.jpg
121539.jpg;114991.jpg;123983.jpg
037185.jpg;027844.jpg;165657.jpg
146092.jpg;115489.jpg;092316.jpg
129401.jpg;136737.jpg;082973.jpg
043220.jpg;075694.jpg;031530.jpg
177678.jpg;178868.jpg;116971.jpg
115781.jpg;106226.jpg;167170.jpg
166953.jpg;170048.jpg;097146.jpg
013473.jpg;012958.jpg;089694.jpg
066504.jpg;107488.jpg;113546.jpg
170030.jpg;171368.jpg;190196.jpg
009437.jpg;038078.jpg;061670.jpg
051403.jpg;016875.jpg;190485.jpg
150142.jpg;134354.jpg;171097.jpg
078311.jpg;119684.jpg;067330.jpg
095973.jpg;152402.jpg;195149.jpg
050279.jpg;055881.jpg;025760.jpg
152571.jpg;153760.jpg;131111.jpg
000848.jpg;067950.jpg;144837.jpg
139936.jpg;008100.jpg;147580.jpg
179181.jpg;170553.jpg;070805.jpg
048559.jpg;078718.jpg;080800.jpg
097999.jpg;102995.jpg;138698.jpg
162006.jpg;006527.jpg;182548.jpg
102503.jpg;115775.jpg;079057.jpg
015896.jpg;093007.jpg;038149.jpg
022760.jpg;083331.jpg;038052.jpg
021155.jpg;059609.jpg;202287.jpg
113174.jpg;044904.jpg;136968.jpg
134716.jpg;029266.jpg;110254.jpg
006769.jpg;047417.jpg;115892.jpg
006198.jpg;019095.jpg;160276.jpg
057404.jpg;123700.jpg;088831.jpg
026506.jpg;122634.jpg;025937.jpg
055320.jpg;069546.jpg;001613.jpg
165833.jpg;172772.jpg;056612.jpg
137211.jpg;071357.jpg;084294.jpg
102705.jpg;034066.jpg;039188.jpg
086316.jpg;028608.jpg;017060.jpg
015879.jpg;064342.jpg;066244.jpg
008913.jpg;032283.jpg;062996.jpg
159332.jpg;035089.jpg;198572.jpg
067016.jpg;078458.jpg;155291.jpg
137274.jpg;104454.jpg;022044.jpg
055135.jpg;129542.jpg;077525.jpg
174410.jpg;180422.jpg;037002.jpg
155277.jpg;031982.jpg;048613.jpg
024786.jpg;103294.jpg;168293.jpg
164584.jpg;168910.jpg;123678.jpg
121192.jpg;152037.jpg;151218.jpg
021062.jpg;119683.jpg;034038.jpg
004063.jpg;006928.jpg;132399.jpg
190219.jpg;196256.jpg;066873.jpg
012939.jpg;152492.jpg;017361.jpg
145129.jpg;110097.jpg;035836.jpg
190711.jpg;190753.jpg;004837.jpg
008358.jpg;104756.jpg;177129.jpg
000759.jpg;127373.jpg;094991.jpg
198452.jpg;183669.jpg;040593.jpg
096060.jpg;136497.jpg;025332.jpg
119885.jpg;072517.jpg;132096.jpg
090041.jpg;123230.jpg;108975.jpg
025603.jpg;084067.jpg;164355.jpg
077976.jpg;080023.jpg;180955.jpg
182824.jpg;200631.jpg;170512.jpg
024765.jpg;022994.jpg;095535.jpg
198280.jpg;188864.jpg;073310.jpg
145191.jpg;129305.jpg;083602.jpg
199415.jpg;187242.jpg;088852.jpg
081632.jpg;138916.jpg;073728.jpg
082705.jpg;142988.jpg;135397.jpg
158059.jpg;123035.jpg;186589.jpg
009225.jpg;004214.jpg;040677.jpg
113635.jpg;153995.jpg;080872.jpg
152075.jpg;138688.jpg;046969.jpg
052346.jpg;152435.jpg;102339.jpg
187179.jpg;195561.jpg;153246.jpg
165702.jpg;171783.jpg;053380.jpg
083349.jpg;095130.jpg;108805.jpg
041263.jpg;065643.jpg;023838.jpg
142681.jpg;036286.jpg;025716.jpg
171042.jpg;179928.jpg;115879.jpg
200572.jpg;201063.jpg;028203.jpg
128785.jpg;147945.jpg;102691.jpg
165790.jpg;169396.jpg;036814.jpg
147693.jpg;062812.jpg;024726.jpg
175549.jpg;173104.jpg;091025.jpg
197698.jpg;186557.jpg;190180.jpg
086793.jpg;136021.jpg;108851.jpg
021244.jpg;032760.jpg;172742.jpg
121963.jpg;025130.jpg;195057.jpg
098158.jpg;148530.jpg;124663.jpg
117270.jpg;123817.jpg;082558.jpg
186038.jpg;187462.jpg;131886.jpg
033757.jpg;143064.jpg;049253.jpg
093189.jpg;150324.jpg;039881.jpg
125606.jpg;127565.jpg;197502.jpg
010593.jpg;058158.jpg;063874.jpg
030112.jpg;107239.jpg;012761.jpg
126820.jpg;073902.jpg;121206.jpg
182179.jpg;166228.jpg;091575.jpg
195849.jpg;190340.jpg;018722.jpg
175975.jpg;182462.jpg;055041.jpg
039234.jpg;025836.jpg;087877.jpg
127679.jpg;043029.jpg;184015.jpg
079714.jpg;154016.jpg;058846.jpg
078532.jpg;008828.jpg;145474.jpg
105344.jpg;146084.jpg;013553.jpg
186365.jpg;182818.jpg;019146.jpg
181449.jpg;181885.jpg;161695.jpg
141035.jpg;091756.jpg;179552.jpg
092265.jpg;011068.jpg;190239.jpg
060287.jpg;005665.jpg;132826.jpg
198639.jpg;186299.jpg;181600.jpg
086358.jpg;096536.jpg;071449.jpg
006037.jpg;025762.jpg;048472.jpg
182583.jpg;165900.jpg;057554.jpg
182640.jpg;192347.jpg;176056.jpg
044323.jpg;088189.jpg;019595.jpg
017778.jpg;002160.jpg;135881.jpg
122088.jpg;122260.jpg;164936.jpg
004206.jpg;051641.jpg;002840.jpg
173528.jpg;170364.jpg;097964.jpg
100199.jpg;023604.jpg;110311.jpg
163170.jpg;172389.jpg;046168.jpg
132457.jpg;063741.jpg;042315.jpg
058308.jpg;079582.jpg;060981.jpg
121250.jpg;027523.jpg;151106.jpg
040318.jpg;069807.jpg;108696.jpg
147457.jpg;032702.jpg;050885.jpg
094448.jpg;075882.jpg;097128.jpg
191420.jpg;200666.jpg;163021.jpg
014162.jpg;128033.jpg;137572.jpg
086805.jpg;098403.jpg;052474.jpg
184486.jpg;196481.jpg;130451.jpg
120283.jpg;063752.jpg;182116.jpg
153740.jpg;104865.jpg;060975.jpg
062463.jpg;081923.jpg;104988.jpg
115323.jpg;017061.jpg;062801.jpg
100238.jpg;021163.jpg;171467.jpg
151062.jpg;030860.jpg;035615.jpg
093434.jpg;000537.jpg;121867.jpg
187059.jpg;186108.jpg;100348.jpg
092989.jpg;037621.jpg;200787.jpg
197410.jpg;198673.jpg;016774.jpg
054811.jpg;155707.jpg;114880.jpg
195754.jpg;188956.jpg;052730.jpg
117536.jpg;042929.jpg;108122.jpg
109858.jpg;138537.jpg;084265.jpg
079308.jpg;019697.jpg;195659.jpg
153544.jpg;031356.jpg;053345.jpg
008533.jpg;081225.jpg;057273.jpg
162971.jpg;182019.jpg;148511.jpg
145563.jpg;094396.jpg;091671.jpg
011305.jpg;042441.jpg;143063.jpg
189495.jpg;190984.jpg;177280.jpg
149453.jpg;120682.jpg;105919.jpg
057391.jpg;015907.jpg;044238.jpg
181095.jpg;171605.jpg;067360.jpg
004791.jpg;055050.jpg;125333.jpg
093333.jpg;011642.jpg;055024.jpg
079446.jpg;152513.jpg;020948.jpg
182955.jpg;196495.jpg;072667.jpg
101244.jpg;111562.jpg;038940.jpg
177076.jpg;167724.jpg;112118.jpg
057698.jpg;050554.jpg;031074.jpg
156299.jpg;109721.jpg;063359.jpg
103984.jpg;002911.jpg;068232.jpg
102731.jpg;101191.jpg;086018.jpg
143158.jpg;160587.jpg;039785.jpg
153925.jpg;070632.jpg;125682.jpg
002604.jpg;162552.jpg;012591.jpg
025192.jpg;148579.jpg;005374.jpg
191386.jpg;199737.jpg;196574.jpg
163473.jpg;182094.jpg;150731.jpg
165112.jpg;173038.jpg;129964.jpg
118915.jpg;055154.jpg;146014.jpg
172730.jpg;172681.jpg;103968.jpg
140629.jpg;142045.jpg;076559.jpg
168859.jpg;172364.jpg;040046.jpg
073976.jpg;131386.jpg;144083.jpg
142033.jpg;026459.jpg;031737.jpg
197613.jpg;192133.jpg;084910.jpg
193692.jpg;188838.jpg;013780.jpg
139071.jpg;126974.jpg;063922.jpg
120412.jpg;043176.jpg;091926.jpg
064115.jpg;086114.jpg;078175.jpg
068264.jpg;104113.jpg;130643.jpg
123323.jpg;123693.jpg;151684.jpg
109724.jpg;051369.jpg;083971.jpg
147887.jpg;056015.jpg;070490.jpg
121708.jpg;157427.jpg;113466.jpg
050085.jpg;111728.jpg;045216.jpg
000855.jpg;129596.jpg;094545.jpg
140483.jpg;034387.jpg;139630.jpg
187833.jpg;187081.jpg;172351.jpg
191454.jpg;191431.jpg;026710.jpg
058737.jpg;124581.jpg;188158.jpg
134996.jpg;044700.jpg;181328.jpg
020054.jpg;159148.jpg;109980.jpg
009526.jpg;065128.jpg;106273.jpg
194799.jpg;202319.jpg;047713.jpg
053853.jpg;103195.jpg;150046.jpg
126118.jpg;122554.jpg;133527.jpg
029522.jpg;034338.jpg;194278.jpg
143120.jpg;123409.jpg;021098.jpg
080361.jpg;017887.jpg;118402.jpg
119634.jpg;087622.jpg;175206.jpg
192214.jpg;186416.jpg;076972.jpg
181322.jpg;166755.jpg;077561.jpg
149283.jpg;005973.jpg;009215.jpg
076855.jpg;000689.jpg;162743.jpg
007169.jpg;080320.jpg;133730.jpg
061735.jpg;160139.jpg;158507.jpg
064397.jpg;056217.jpg;139306.jpg
013491.jpg;087635.jpg;039537.jpg
165323.jpg;181092.jpg;080432.jpg
008986.jpg;010671.jpg;013854.jpg
020355.jpg;018722.jpg;066988.jpg
001600.jpg;077455.jpg;110858.jpg
197240.jpg;190676.jpg;165409.jpg
050740.jpg;086261.jpg;098204.jpg
016552.jpg;161690.jpg;151540.jpg
076281.jpg;100346.jpg;119106.jpg
199674.jpg;183377.jpg;013986.jpg
147334.jpg;095606.jpg;169223.jpg
194716.jpg;200117.jpg;044810.jpg
108128.jpg;105658.jpg;064315.jpg
069810.jpg;034177.jpg;162171.jpg
019971.jpg;129174.jpg;022734.jpg
060772.jpg;020568.jpg;082655.jpg
099250.jpg;127955.jpg;142443.jpg
129558.jpg;161997.jpg;012906.jpg
082398.jpg;121983.jpg;008861.jpg
159264.jpg;036218.jpg;040812.jpg
123175.jpg;126838.jpg;043713.jpg
182129.jpg;172528.jpg;032507.jpg
031879.jpg;068104.jpg;035474.jpg
036440.jpg;010379.jpg;168412.jpg
141310.jpg;076570.jpg;078588.jpg
105288.jpg;162051.jpg;159760.jpg
159562.jpg;007642.jpg;200402.jpg
115223.jpg;079538.jpg;030793.jpg
057669.jpg;113681.jpg;061424.jpg
045370.jpg;001929.jpg;111716.jpg
105197.jpg;058863.jpg;116454.jpg
164977.jpg;175122.jpg;103713.jpg
114347.jpg;122693.jpg;055778.jpg
105861.jpg;120691.jpg;074869.jpg
173570.jpg;173413.jpg;056983.jpg
096174.jpg;119463.jpg;065407.jpg
167062.jpg;168046.jpg;142822.jpg
090602.jpg;036842.jpg;115747.jpg
043243.jpg;079241.jpg;034312.jpg
071813.jpg;094686.jpg;163811.jpg
084963.jpg;011977.jpg;132934.jpg
068528.jpg;098197.jpg;152485.jpg
044421.jpg;009363.jpg;093995.jpg
106488.jpg;103319.jpg;140362.jpg
174947.jpg;169373.jpg;054558.jpg
114495.jpg;026184.jpg;063024.jpg
052962.jpg;058062.jpg;002314.jpg
135672.jpg;095432.jpg;009207.jpg
149172.jpg;157553.jpg;122791.jpg
153511.jpg;130480.jpg;049047.jpg
125896.jpg;027888.jpg;184117.jpg
001411.jpg;003729.jpg;053840.jpg
167347.jpg;177166.jpg;001671.jpg
001526.jpg;048151.jpg;096459.jpg
013702.jpg;045620.jpg;001722.jpg
070386.jpg;095901.jpg;134118.jpg
129101.jpg;064533.jpg;054315.jpg
014897.jpg;135265.jpg;194027.jpg
039521.jpg;119244.jpg;029554.jpg
181307.jpg;168469.jpg;147793.jpg
151979.jpg;100149.jpg;084450.jpg
189521.jpg;188049.jpg;023896.jpg
001051.jpg;013814.jpg;034719.jpg
097566.jpg;024027.jpg;064382.jpg
098730.jpg;109124.jpg;114900.jpg
168295.jpg;182455.jpg;011789.jpg
038465.jpg;161571.jpg;153892.jpg
116651.jpg;127498.jpg;098887.jpg
097965.jpg;146143.jpg;135586.jpg
111263.jpg;067074.jpg;164676.jpg
037418.jpg;004745.jpg;046915.jpg
131716.jpg;116802.jpg;055323.jpg
026297.jpg;016232.jpg;021908.jpg
016064.jpg;135542.jpg;199556.jpg
028290.jpg;009553.jpg;195633.jpg
144278.jpg;137658.jpg;056179.jpg
096501.jpg;037184.jpg;068463.jpg
036059.jpg;033060.jpg;074027.jpg
051386.jpg;159994.jpg;079915.jpg
173557.jpg;181730.jpg;168956.jpg
103735.jpg;147374.jpg;015396.jpg
111470.jpg;119141.jpg;009307.jpg
012338.jpg;034497.jpg;044207.jpg
002371.jpg;141412.jpg;186801.jpg
190658.jpg;193547.jpg;111803.jpg
068868.jpg;112121.jpg;160934.jpg
095142.jpg;002469.jpg;163382.jpg
095993.jpg;104706.jpg;159945.jpg
154323.jpg;058232.jpg;128921.jpg
021374.jpg;109871.jpg;032924.jpg
071463.jpg;124855.jpg;001907.jpg
135394.jpg;141681.jpg;153029.jpg
025727.jpg;072515.jpg;184664.jpg
057568.jpg;108424.jpg;036866.jpg
014404.jpg;054413.jpg;172355.jpg
160782.jpg;114485.jpg;006403.jpg
198697.jpg;196616.jpg;177674.jpg
148724.jpg;116318.jpg;093862.jpg
169330.jpg;180527.jpg;059639.jpg
006795.jpg;120503.jpg;195217.jpg
125721.jpg;062162.jpg;200102.jpg
087007.jpg;152888.jpg;151805.jpg
110750.jpg;071981.jpg;194475.jpg
161109.jpg;006765.jpg;004859.jpg
105714.jpg;123694.jpg;058397.jpg
103387.jpg;116436.jpg;069017.jpg
183649.jpg;201463.jpg;137530.jpg
043084.jpg;112067.jpg;200057.jpg
162607.jpg;017686.jpg;162963.jpg
033152.jpg;103956.jpg;143060.jpg
080875.jpg;073630.jpg;194893.jpg
181558.jpg;180722.jpg;027485.jpg
115742.jpg;002460.jpg;059199.jpg
022672.jpg;068432.jpg;059241.jpg
084968.jpg;004080.jpg;181465.jpg
179129.jpg;163916.jpg;038852.jpg
012788.jpg;162524.jpg;196612.jpg
141021.jpg;060318.jpg;157378.jpg
053367.jpg;071441.jpg;045174.jpg
118439.jpg;022967.jpg;186118.jpg
099032.jpg;021007.jpg;096250.jpg
042158.jpg;098320.jpg;008211.jpg
124711.jpg;043924.jpg;141139.jpg
111259.jpg;036596.jpg;106680.jpg
070413.jpg;159507.jpg;112962.jpg
168920.jpg;163447.jpg;079651.jpg
089109.jpg;046459.jpg;030620.jpg
143028.jpg;022153.jpg;106714.jpg
078795.jpg;105940.jpg;084314.jpg
071542.jpg;150551.jpg;177879.jpg
106198.jpg;115495.jpg;042329.jpg
177171.jpg;182581.jpg;202546.jpg
195329.jpg;194988.jpg;097726.jpg
188400.jpg;195525.jpg;014208.jpg
143057.jpg;093341.jpg;157514.jpg
151097.jpg;108589.jpg;063658.jpg
195508.jpg;186036.jpg;174224.jpg
157849.jpg;121266.jpg;078058.jpg
165356.jpg;177332.jpg;152689.jpg
012737.jpg;047776.jpg;065864.jpg
092984.jpg;110636.jpg;070687.jpg
124786.jpg;020183.jpg;170909.jpg
157649.jpg;099991.jpg;045150.jpg
192690.jpg;196288.jpg;133740.jpg
014449.jpg;053472.jpg;019741.jpg
080847.jpg;073697.jpg;149930.jpg
107146.jpg;153910.jpg;090797.jpg
058955.jpg;022889.jpg;120622.jpg
011617.jpg;080606.jpg;077173.jpg
159643.jpg;160057.jpg;109368.jpg
133846.jpg;134376.jpg;166582.jpg
171848.jpg;181767.jpg;160178.jpg
058876.jpg;135878.jpg;136583.jpg
122596.jpg;145380.jpg;010437.jpg
047665.jpg;025444.jpg;046384.jpg
046056.jpg;044449.jpg;093942.jpg
073261.jpg;035698.jpg;024252.jpg
177274.jpg;162940.jpg;190584.jpg
001871.jpg;126280.jpg;031016.jpg
103508.jpg;034136.jpg;051678.jpg
200370.jpg;189836.jpg;003563.jpg
020708.jpg;014504.jpg;037549.jpg
063271.jpg;001883.jpg;122361.jpg
125351.jpg;112444.jpg;140413.jpg
196358.jpg;198410.jpg;013993.jpg
140099.jpg;149625.jpg;144053.jpg
007059.jpg;145459.jpg;027654.jpg
009727.jpg;048261.jpg;129703.jpg
061838.jpg;140168.jpg;110834.jpg
155547.jpg;018846.jpg;031582.jpg
110064.jpg;055799.jpg;201836.jpg
106192.jpg;094305.jpg;013635.jpg
066741.jpg;062283.jpg;201145.jpg
195184.jpg;182883.jpg;115283.jpg
107779.jpg;027837.jpg;081403.jpg
046615.jpg;066144.jpg;099666.jpg
096375.jpg;130432.jpg;094597.jpg
085037.jpg;091598.jpg;174299.jpg
012045.jpg;045681.jpg;023424.jpg
037650.jpg;064105.jpg;097722.jpg
004193.jpg;022302.jpg;129526.jpg
193893.jpg;190446.jpg;112256.jpg
043139.jpg;106146.jpg;010562.jpg
171063.jpg;182016.jpg;140523.jpg
016869.jpg;061195.jpg;012988.jpg
117123.jpg;141986.jpg;009980.jpg
039949.jpg;113573.jpg;169823.jpg
050143.jpg;008418.jpg;192025.jpg
051731.jpg;020840.jpg;129142.jpg
038859.jpg;017794.jpg;140302.jpg
023593.jpg;111271.jpg;139286.jpg
130301.jpg;108945.jpg;170978.jpg
037368.jpg;050535.jpg;092535.jpg
108818.jpg;014186.jpg;171089.jpg
193584.jpg;188989.jpg;130520.jpg
127086.jpg;012497.jpg;128910.jpg
133114.jpg;117807.jpg;198340.jpg
123411.jpg;132020.jpg;063514.jpg
124817.jpg;161370.jpg;012581.jpg
046050.jpg;107629.jpg;129563.jpg
008812.jpg;089811.jpg;122616.jpg
195506.jpg;188137.jpg;119249.jpg
182822.jpg;193447.jpg;030790.jpg
001702.jpg;152274.jpg;132220.jpg
201384.jpg;189468.jpg;041950.jpg
170004.jpg;176088.jpg;184078.jpg
174236.jpg;167210.jpg;161315.jpg
009937.jpg;024789.jpg;001811.jpg
083107.jpg;024590.jpg;049847.jpg
179483.jpg;172287.jpg;146008.jpg
117729.jpg;023481.jpg;086311.jpg
128646.jpg;034708.jpg;121375.jpg
018253.jpg;120837.jpg;158704.jpg
105562.jpg;107413.jpg;190724.jpg
006309.jpg;033013.jpg;158933.jpg
058456.jpg;051724.jpg;085583.jpg
048170.jpg;128928.jpg;010620.jpg
035681.jpg;040811.jpg;192218.jpg
073633.jpg;155791.jpg;187088.jpg
139259.jpg;118736.jpg;201384.jpg
124112.jpg;020439.jpg;158298.jpg
101506.jpg;031245.jpg;065930.jpg
017776.jpg;101918.jpg;076951.jpg
133540.jpg;071449.jpg;061727.jpg
114973.jpg;131282.jpg;089230.jpg
007476.jpg;073000.jpg;022482.jpg
164347.jpg;171138.jpg;144349.jpg
178906.jpg;166506.jpg;181618.jpg
013894.jpg;078001.jpg;123195.jpg
120818.jpg;087994.jpg;183891.jpg
173422.jpg;173177.jpg;192307.jpg
186779.jpg;193995.jpg;084967.jpg
147350.jpg;097926.jpg;007001.jpg
100856.jpg;110998.jpg;087105.jpg
034381.jpg;071901.jpg;046298.jpg
129100.jpg;086683.jpg;177076.jpg
161333.jpg;041291.jpg;174941.jpg
036016.jpg;137500.jpg;048046.jpg
078662.jpg;073095.jpg;025418.jpg
063156.jpg;013085.jpg;074085.jpg
052987.jpg;112738.jpg;006058.jpg
153281.jpg;038654.jpg;151552.jpg
024346.jpg;017177.jpg;110154.jpg
114220.jpg;152686.jpg;015816.jpg
103751.jpg;104305.jpg;006054.jpg
004187.jpg;110033.jpg;043209.jpg
123111.jpg;053905.jpg;031523.jpg
122901.jpg;046101.jpg;024745.jpg
145602.jpg;093395.jpg;105889.jpg
202275.jpg;201840.jpg;023592.jpg
198962.jpg;185750.jpg;104616.jpg
033521.jpg;117835.jpg;114250.jpg
140976.jpg;057510.jpg;173949.jpg
129980.jpg;124450.jpg;068633.jpg
058906.jpg;146192.jpg;124236.jpg
185039.jpg;186096.jpg;111690.jpg
037181.jpg;018226.jpg;135285.jpg
139109.jpg;139266.jpg;125352.jpg
004834.jpg;122688.jpg;188870.jpg
000310.jpg;052571.jpg;186901.jpg
105210.jpg;129855.jpg;184675.jpg
199225.jpg;197023.jpg;134219.jpg
128684.jpg;077936.jpg;172091.jpg
066558.jpg;084908.jpg;101156.jpg
066280.jpg;159393.jpg;049814.jpg
049189.jpg;047366.jpg;004549.jpg
010917.jpg;138164.jpg;136627.jpg
129444.jpg;132866.jpg;137845.jpg
101290.jpg;001175.jpg;183667.jpg
142917.jpg;097281.jpg;151788.jpg
176246.jpg;172888.jpg;139336.jpg
039508.jpg;084447.jpg;027093.jpg
121804.jpg;058408.jpg;043975.jpg
049213.jpg;110044.jpg;134101.jpg
123788.jpg;140623.jpg;023516.jpg
156233.jpg;005166.jpg;025174.jpg
187719.jpg;192972.jpg;064951.jpg
008735.jpg;142025.jpg;017881.jpg
202400.jpg;184892.jpg;021132.jpg
164988.jpg;179174.jpg;172193.jpg
186078.jpg;195030.jpg;108924.jpg
176215.jpg;176715.jpg;078608.jpg
065330.jpg;010705.jpg;108414.jpg
057992.jpg;050019.jpg;060486.jpg
185835.jpg;200124.jpg;139862.jpg
098246.jpg;069553.jpg;081753.jpg
179170.jpg;163342.jpg;198980.jpg
108874.jpg;058802.jpg;132985.jpg
103623.jpg;082343.jpg;181137.jpg
092850.jpg;011452.jpg;120466.jpg
106083.jpg;137998.jpg;123257.jpg
177571.jpg;174481.jpg;185345.jpg
060561.jpg;070699.jpg;103840.jpg
125353.jpg;131523.jpg;063932.jpg
114488.jpg;120561.jpg;080856.jpg
128928.jpg;157904.jpg;069435.jpg
013472.jpg;025976.jpg;114887.jpg
123070.jpg;081567.jpg;179088.jpg
134594.jpg;093416.jpg;032512.jpg
103902.jpg;078845.jpg;039128.jpg
013420.jpg;148525.jpg;106066.jpg
065469.jpg;147556.jpg;188386.jpg
159938.jpg;126728.jpg;015825.jpg
018845.jpg;105007.jpg;142201.jpg
013060.jpg;074470.jpg;096889.jpg
158274.jpg;160187.jpg;057356.jpg
076732.jpg;082781.jpg;144254.jpg
086695.jpg;084682.jpg;177301.jpg
192535.jpg;194075.jpg;160295.jpg
180735.jpg;177295.jpg;143164.jpg
159688.jpg;104521.jpg;012806.jpg
080849.jpg;146475.jpg;021596.jpg
123883.jpg;099759.jpg;127572.jpg
125643.jpg;075471.jpg;175724.jpg
014982.jpg;015074.jpg;183486.jpg
152186.jpg;162498.jpg;153141.jpg
053622.jpg;133796.jpg;181336.jpg
100134.jpg;094993.jpg;178763.jpg
132683.jpg;130377.jpg;089324.jpg
073477.jpg;006061.jpg;094882.jpg
119373.jpg;106056.jpg;000116.jpg
005006.jpg;070763.jpg;176669.jpg
137254.jpg;033391.jpg;068685.jpg
098417.jpg;037815.jpg;099582.jpg
000149.jpg;082370.jpg;045929.jpg
202150.jpg;201568.jpg;077868.jpg
201148.jpg;192125.jpg;079362.jpg
153254.jpg;007939.jpg;164513.jpg
157033.jpg;056540.jpg;187657.jpg
124247.jpg;135253.jpg;167705.jpg
008922.jpg;133476.jpg;117262.jpg
055541.jpg;140007.jpg;042235.jpg
006588.jpg;098357.jpg;038692.jpg
146733.jpg;024044.jpg;116461.jpg
118648.jpg;033795.jpg;100370.jpg
133661.jpg;030164.jpg;087016.jpg
029797.jpg;117144.jpg;164557.jpg
140374.jpg;130892.jpg;190774.jpg
033110.jpg;096034.jpg;086983.jpg
202118.jpg;187376.jpg;103137.jpg
181193.jpg;176220.jpg;029030.jpg
018880.jpg;084790.jpg;083528.jpg
131436.jpg;062199.jpg;065128.jpg
142623.jpg;089081.jpg;037624.jpg
135906.jpg;053333.jpg;105464.jpg
201089.jpg;189404.jpg;168239.jpg
047484.jpg;131898.jpg;009096.jpg
080186.jpg;161807.jpg;067553.jpg
103079.jpg;086390.jpg;131800.jpg
091418.jpg;129692.jpg;146782.jpg
019127.jpg;087019.jpg;131017.jpg
167464.jpg;176495.jpg;196977.jpg
168017.jpg;168914.jpg;077391.jpg
116601.jpg;134315.jpg;143270.jpg
126195.jpg;125230.jpg;091859.jpg
145940.jpg;100719.jpg;055618.jpg
152194.jpg;109209.jpg;143394.jpg
140343.jpg;040359.jpg;108332.jpg
074183.jpg;063515.jpg;104728.jpg
092867.jpg;003592.jpg;066307.jpg
019034.jpg;131673.jpg;191919.jpg
191288.jpg;195362.jpg;155395.jpg
015760.jpg;133359.jpg;070837.jpg
061900.jpg;029626.jpg;037327.jpg
200634.jpg;197421.jpg;128422.jpg
160811.jpg;107161.jpg;059906.jpg
176010.jpg;180537.jpg;012671.jpg
020347.jpg;060962.jpg;018013.jpg
015197.jpg;124040.jpg;163370.jpg
069486.jpg;127232.jpg;019658.jpg
186150.jpg;200426.jpg;025366.jpg
105223.jpg;049158.jpg;058025.jpg
153780.jpg;084865.jpg;069807.jpg
109696.jpg;161502.jpg;148121.jpg
009500.jpg;092591.jpg;101572.jpg
002129.jpg;135496.jpg;106336.jpg
187815.jpg;192197.jpg;147853.jpg
139925.jpg;036220.jpg;012862.jpg
187191.jpg;191620.jpg;051179.jpg
076813.jpg;053543.jpg;039606.jpg
124409.jpg;090355.jpg;021518.jpg
144797.jpg;015253.jpg;180016.jpg
103197.jpg;046326.jpg;050639.jpg
193580.jpg;196114.jpg;036415.jpg
010247.jpg;128325.jpg;057101.jpg
177276.jpg;163226.jpg;130932.jpg
020266.jpg;054039.jpg;078299.jpg
103396.jpg;051497.jpg;148244.jpg
024550.jpg;042024.jpg;013795.jpg
069011.jpg;127470.jpg;143269.jpg
050912.jpg;093370.jpg;183394.jpg
072987.jpg;087097.jpg;023503.jpg
139434.jpg;048299.jpg;186142.jpg
022617.jpg;027446.jpg;035877.jpg
039154.jpg;097913.jpg;059862.jpg
023811.jpg;049775.jpg;066979.jpg
080262.jpg;145186.jpg;149762.jpg
076682.jpg;063502.jpg;116236.jpg
017627.jpg;112915.jpg;084005.jpg
175766.jpg;163023.jpg;067039.jpg
077108.jpg;078996.jpg;124298.jpg
202209.jpg;185626.jpg;140845.jpg
109466.jpg;044538.jpg;009506.jpg
138633.jpg;017598.jpg;081475.jpg
121695.jpg;049451.jpg;162812.jpg
066545.jpg;139527.jpg;060149.jpg
079642.jpg;043934.jpg;098929.jpg
025023.jpg;064456.jpg;062950.jpg
061900.jpg;031416.jpg;126238.jpg
056240.jpg;053845.jpg;075008.jpg
020012.jpg;063189.jpg;073327.jpg
171704.jpg;172956.jpg;041922.jpg
108983.jpg;041001.jpg;144296.jpg
149420.jpg;120382.jpg;170132.jpg
138567.jpg;055103.jpg;055948.jpg
102037.jpg;108595.jpg;177745.jpg
169129.jpg;173548.jpg;183344.jpg
008343.jpg;072587.jpg;023104.jpg
040297.jpg;134646.jpg;135240.jpg
005633.jpg;020735.jpg;046975.jpg
058182.jpg;119834.jpg;028779.jpg
050942.jpg;089131.jpg;166808.jpg
061411.jpg;018878.jpg;140389.jpg
184236.jpg;196294.jpg;075454.jpg
005563.jpg;160278.jpg;009665.jpg
045625.jpg;058096.jpg;051888.jpg
045957.jpg;022480.jpg;112300.jpg
077228.jpg;014729.jpg;113727.jpg
165265.jpg;180266.jpg;062164.jpg
122111.jpg;073270.jpg;100255.jpg
178240.jpg;166072.jpg;040749.jpg
000951.jpg;015695.jpg;143822.jpg
109517.jpg;155205.jpg;151989.jpg
157082.jpg;071068.jpg;111012.jpg
061920.jpg;068277.jpg;051355.jpg
131456.jpg;109685.jpg;025452.jpg
061207.jpg;047062.jpg;050383.jpg
100438.jpg;027390.jpg;133146.jpg
131608.jpg;056406.jpg;161317.jpg
163842.jpg;181058.jpg;162381.jpg
014492.jpg;124545.jpg;117578.jpg
001040.jpg;154929.jpg;010292.jpg
021180.jpg;047747.jpg;011844.jpg
067906.jpg;004634.jpg;134782.jpg
028403.jpg;132003.jpg;041095.jpg
014065.jpg;094599.jpg;032731.jpg
073906.jpg;024108.jpg;056086.jpg
011986.jpg;077758.jpg;059588.jpg
055921.jpg;117908.jpg;123312.jpg
114768.jpg;010113.jpg;019743.jpg
167950.jpg;172067.jpg;018210.jpg
148288.jpg;097460.jpg;198187.jpg
180461.jpg;176781.jpg;126578.jpg
010064.jpg;143808.jpg;184485.jpg
117113.jpg;048903.jpg;120916.jpg
157572.jpg;101249.jpg;032977.jpg
130718.jpg;109125.jpg;201170.jpg
189817.jpg;187186.jpg;199728.jpg
020966.jpg;154139.jpg;054770.jpg
175469.jpg;165284.jpg;158751.jpg
173074.jpg;179122.jpg;169868.jpg
071440.jpg;008819.jpg;085357.jpg
157420.jpg;045196.jpg;186319.jpg
182616.jpg;175090.jpg;199020.jpg
029601.jpg;046690.jpg;113222.jpg
082814.jpg;154089.jpg;034887.jpg
007667.jpg;000109.jpg;002150.jpg
055697.jpg;089478.jpg;160743.jpg
040120.jpg;039510.jpg;031867.jpg
168253.jpg;177808.jpg;014080.jpg
089781.jpg;044084.jpg;012475.jpg
052603.jpg;044911.jpg;032281.jpg
054451.jpg;146370.jpg;087262.jpg
008209.jpg;045228.jpg;084467.jpg
160590.jpg;066549.jpg;061121.jpg
100555.jpg;105133.jpg;169511.jpg
174476.jpg;179058.jpg;083538.jpg
040981.jpg;035868.jpg;067460.jpg
161844.jpg;154182.jpg;033701.jpg
053867.jpg;125029.jpg;140937.jpg
071321.jpg;036465.jpg;135675.jpg
201565.jpg;186978.jpg;054138.jpg
200380.jpg;182849.jpg;075254.jpg
174880.jpg;175596.jpg;076459.jpg
078370.jpg;026305.jpg;058072.jpg
109911.jpg;051492.jpg;154168.jpg
169588.jpg;174779.jpg;161018.jpg
063773.jpg;005009.jpg;086360.jpg
178912.jpg;165784.jpg;081449.jpg
152623.jpg;054389.jpg;151737.jpg
009599.jpg;118751.jpg;096386.jpg
175559.jpg;174262.jpg;017261.jpg
062330.jpg;010433.jpg;085148.jpg
009792.jpg;079960.jpg;036462.jpg
116522.jpg;069035.jpg;163310.jpg
118689.jpg;108707.jpg;174901.jpg
080186.jpg;013575.jpg;139010.jpg
169812.jpg;173631.jpg;161366.jpg
059777.jpg;030367.jpg;076896.jpg
133921.jpg;023577.jpg;017763.jpg
115173.jpg;054938.jpg;066408.jpg
093965.jpg;070421.jpg;182967.jpg
172706.jpg;170482.jpg;103900.jpg
153390.jpg;068276.jpg;062973.jpg
028257.jpg;152513.jpg;091839.jpg
167597.jpg;168143.jpg;157805.jpg
051670.jpg;105160.jpg;161499.jpg
001574.jpg;032658.jpg;137132.jpg
012141.jpg;150098.jpg;115556.jpg
040760.jpg;161387.jpg;106023.jpg
036871.jpg;137655.jpg;042888.jpg
196082.jpg;198415.jpg;166627.jpg
176473.jpg;175353.jpg;177617.jpg
135496.jpg;003018.jpg;131583.jpg
109211.jpg;057038.jpg;052640.jpg
151333.jpg;072470.jpg;097452.jpg
152997.jpg;138979.jpg;174289.jpg
113595.jpg;054979.jpg;106251.jpg
089994.jpg;149939.jpg;190540.jpg
036558.jpg;023283.jpg;068122.jpg
052124.jpg;069317.jpg;006935.jpg
148686.jpg;150293.jpg;189786.jpg
105564.jpg;134775.jpg;130150.jpg
072110.jpg;159336.jpg;127315.jpg
132734.jpg;114121.jpg;032790.jpg
062093.jpg;147310.jpg;091426.jpg
145877.jpg;006384.jpg;067429.jpg
166152.jpg;172157.jpg;004917.jpg
008168.jpg;044510.jpg;168527.jpg
193214.jpg;194594.jpg;095317.jpg
018924.jpg;127218.jpg;032836.jpg
011506.jpg;144696.jpg;182793.jpg
011727.jpg;161048.jpg;173544.jpg
197451.jpg;202050.jpg;148416.jpg
160618.jpg;144467.jpg;047184.jpg
073370.jpg;022894.jpg;055541.jpg
116976.jpg;118739.jpg;013366.jpg
031074.jpg;022767.jpg;033594.jpg
166436.jpg;175554.jpg;108394.jpg
124427.jpg;127990.jpg;105632.jpg
176580.jpg;164529.jpg;158497.jpg
149027.jpg;152451.jpg;167659.jpg
084145.jpg;127102.jpg;105326.jpg
143453.jpg;139987.jpg;114605.jpg
071487.jpg;151827.jpg;158340.jpg
163397.jpg;175280.jpg;051492.jpg
026315.jpg;030203.jpg;174416.jpg
052185.jpg;067524.jpg;163063.jpg
001838.jpg;159057.jpg;060318.jpg
073156.jpg;039887.jpg;082369.jpg
098426.jpg;065575.jpg;089946.jpg
028194.jpg;112765.jpg;021082.jpg
113146.jpg;146441.jpg;196787.jpg
133456.jpg;003022.jpg;163206.jpg
199416.jpg;188489.jpg;176205.jpg
134661.jpg;023688.jpg;186742.jpg
015514.jpg;069591.jpg;010321.jpg
171050.jpg;179780.jpg;028949.jpg
179647.jpg;182258.jpg;038526.jpg
200261.jpg;186319.jpg;021075.jpg
174395.jpg;170548.jpg;115877.jpg
164812.jpg;176917.jpg;123769.jpg
187066.jpg;202001.jpg;056195.jpg
127289.jpg;032103.jpg;176466.jpg
197738.jpg;201789.jpg;099274.jpg
105315.jpg;013814.jpg;151956.jpg
149898.jpg;084025.jpg;012121.jpg
176025.jpg;177740.jpg;014222.jpg
055267.jpg;093733.jpg;123057.jpg
085620.jpg;138463.jpg;076908.jpg
080770.jpg;062039.jpg;008896.jpg
136665.jpg;159727.jpg;078166.jpg
158833.jpg;033112.jpg;047824.jpg
090565.jpg;035344.jpg;187983.jpg
182845.jpg;193733.jpg;185557.jpg
093507.jpg;033810.jpg;022267.jpg
164088.jpg;170698.jpg;085728.jpg
131289.jpg;092515.jpg;174723.jpg
111374.jpg;032211.jpg;069526.jpg
139744.jpg;095114.jpg;020019.jpg
141000.jpg;111488.jpg;058545.jpg
124797.jpg;087103.jpg;186310.jpg
108815.jpg;082761.jpg;033043.jpg
082258.jpg;052463.jpg;178928.jpg
051639.jpg;107342.jpg;018003.jpg
069426.jpg;094846.jpg;201175.jpg
134456.jpg;101478.jpg;201824.jpg
105255.jpg;056963.jpg;168910.jpg
131200.jpg;060771.jpg;195620.jpg
076525.jpg;076825.jpg;105016.jpg
112429.jpg;011716.jpg;122705.jpg
063548.jpg;151095.jpg;141012.jpg
141260.jpg;026840.jpg;149984.jpg
173818.jpg;179598.jpg;109338.jpg
015326.jpg;068008.jpg;002366.jpg
131457.jpg;161695.jpg;157806.jpg
128651.jpg;104225.jpg;036565.jpg
004288.jpg;123078.jpg;184230.jpg
117287.jpg;153113.jpg;111406.jpg
171475.jpg;166745.jpg;092342.jpg
093765.jpg;131486.jpg;135257.jpg
160748.jpg;059262.jpg;150126.jpg
046595.jpg;056354.jpg;059630.jpg
098579.jpg;054071.jpg;056675.jpg
167786.jpg;167225.jpg;088767.jpg
025916.jpg;161894.jpg;161869.jpg
067971.jpg;108940.jpg;188677.jpg
077579.jpg;058067.jpg;015024.jpg
118587.jpg;061336.jpg;077576.jpg
028097.jpg;021942.jpg;108858.jpg
025220.jpg;001278.jpg;176640.jpg
107307.jpg;048278.jpg;154040.jpg
059802.jpg;098770.jpg;102192.jpg
007687.jpg;106684.jpg;165033.jpg
121466.jpg;035296.jpg;177812.jpg
043789.jpg;152008.jpg;009597.jpg
097718.jpg;003392.jpg;163082.jpg
153866.jpg;147046.jpg;094062.jpg
153282.jpg;058453.jpg;017673.jpg
035530.jpg;007462.jpg;102210.jpg
087426.jpg;035933.jpg;191906.jpg
106337.jpg;136557.jpg;135654.jpg
044258.jpg;062596.jpg;030651.jpg
145116.jpg;149634.jpg;112689.jpg
073283.jpg;140326.jpg;137908.jpg
093297.jpg;027503.jpg;119477.jpg
009661.jpg;036911.jpg;130420.jpg
138770.jpg;035318.jpg;153708.jpg
016367.jpg;100194.jpg;175583.jpg
017936.jpg;023012.jpg;070311.jpg
179514.jpg;170760.jpg;023517.jpg
111817.jpg;096642.jpg;076668.jpg
099573.jpg;113447.jpg;089832.jpg
131665.jpg;122339.jpg;010921.jpg
200878.jpg;199349.jpg;053995.jpg
116694.jpg;032419.jpg;001304.jpg
011217.jpg;070505.jpg;112484.jpg
045390.jpg;084202.jpg;179353.jpg
175428.jpg;179416.jpg;051035.jpg
191862.jpg;195631.jpg;058444.jpg
148860.jpg;089571.jpg;049127.jpg
090517.jpg;027932.jpg;026787.jpg
147984.jpg;017049.jpg;149901.jpg
191892.jpg;200339.jpg;000317.jpg
058709.jpg;054461.jpg;164195.jpg
111020.jpg;115582.jpg;054793.jpg
182255.jpg;175290.jpg;114359.jpg
052130.jpg;136237.jpg;057156.jpg
020083.jpg;018288.jpg;075382.jpg
128363.jpg;097514.jpg;135479.jpg
176325.jpg;164470.jpg;078473.jpg
066107.jpg;083402.jpg;004859.jpg
195129.jpg;198453.jpg;133110.jpg
020724.jpg;123568.jpg;007093.jpg
111922.jpg;154884.jpg;050914.jpg
021362.jpg;048010.jpg;135437.jpg
149457.jpg;130064.jpg;088717.jpg
171971.jpg;179162.jpg;063789.jpg
083255.jpg;073846.jpg;114720.jpg
049910.jpg;151253.jpg;050152.jpg
152082.jpg;033891.jpg;146564.jpg
194910.jpg;199652.jpg;071231.jpg
083867.jpg;048434.jpg;005890.jpg
058152.jpg;084800.jpg;158875.jpg
051271.jpg;000836.jpg;056761.jpg
136744.jpg;160234.jpg;112950.jpg
146551.jpg;073317.jpg;111611.jpg
069245.jpg;032152.jpg;083643.jpg
048113.jpg;076496.jpg;031576.jpg
073916.jpg;089065.jpg;159457.jpg
119709.jpg;063781.jpg;109897.jpg
145213.jpg;095179.jpg;088446.jpg
123080.jpg;125649.jpg;072804.jpg
060492.jpg;146266.jpg;172883.jpg
110792.jpg;096184.jpg;052205.jpg
177769.jpg;176695.jpg;157484.jpg
121747.jpg;142791.jpg;133303.jpg
028399.jpg;117779.jpg;122921.jpg
025545.jpg;094168.jpg;187405.jpg
103277.jpg;110204.jpg;144282.jpg
106902.jpg;040292.jpg;015406.jpg
012578.jpg;155845.jpg;103900.jpg
138603.jpg;104048.jpg;001454.jpg
048751.jpg;057846.jpg;068350.jpg
127479.jpg;128852.jpg;123829.jpg
153230.jpg;004882.jpg;033118.jpg
043322.jpg;120101.jpg;198314.jpg
043339.jpg;024966.jpg;142768.jpg
015102.jpg;114370.jpg;036449.jpg
044675.jpg;001380.jpg;064673.jpg
178587.jpg;168820.jpg;090472.jpg
126582.jpg;141008.jpg;040109.jpg
180220.jpg;164647.jpg;057266.jpg
201146.jpg;183672.jpg;092513.jpg
012422.jpg;110075.jpg;010762.jpg
077870.jpg;106893.jpg;105393.jpg
036450.jpg;028961.jpg;009338.jpg
184712.jpg;198956.jpg;082671.jpg
018977.jpg;153102.jpg;113948.jpg
043310.jpg;045132.jpg;147483.jpg
049960.jpg;118017.jpg;003039.jpg
134804.jpg;090186.jpg;080518.jpg
010123.jpg;112183.jpg;044801.jpg
078187.jpg;082227.jpg;126021.jpg
149563.jpg;073107.jpg;099534.jpg
039834.jpg;114703.jpg;130104.jpg
118633.jpg;097828.jpg;127572.jpg
099067.jpg;155207.jpg;066366.jpg
195190.jpg;187408.jpg;168997.jpg
012159.jpg;058417.jpg;056138.jpg
070696.jpg;067166.jpg;166584.jpg
100177.jpg;121930.jpg;179683.jpg
111299.jpg;149657.jpg;099918.jpg
086418.jpg;086999.jpg;190878.jpg
025283.jpg;017916.jpg;194946.jpg
018488.jpg;049345.jpg;200925.jpg
080278.jpg;078340.jpg;155351.jpg
173716.jpg;172556.jpg;079999.jpg
000794.jpg;147046.jpg;087888.jpg
185784.jpg;199594.jpg;141029.jpg
013429.jpg;135651.jpg;195664.jpg
073100.jpg;134245.jpg;072691.jpg
018775.jpg;082034.jpg;170340.jpg
110720.jpg;055763.jpg;101056.jpg
154923.jpg;089146.jpg;061823.jpg
107078.jpg;025333.jpg;022671.jpg
113551.jpg;132974.jpg;104648.jpg
005315.jpg;127115.jpg;002497.jpg
098016.jpg;147060.jpg;196560.jpg
004167.jpg;064055.jpg;007508.jpg
103345.jpg;157703.jpg;118485.jpg
118960.jpg;032286.jpg;111037.jpg
068302.jpg;095719.jpg;200887.jpg
059607.jpg;073648.jpg;084495.jpg
162001.jpg;041401.jpg;039972.jpg
091227.jpg;026372.jpg;124315.jpg
011520.jpg;135709.jpg;021503.jpg
073316.jpg;093841.jpg;116003.jpg
035962.jpg;055281.jpg;165460.jpg
025537.jpg;152947.jpg;055646.jpg
115345.jpg;070011.jpg;002809.jpg
127414.jpg;018397.jpg;108172.jpg
118828.jpg;034888.jpg;185181.jpg
124076.jpg;075107.jpg;051706.jpg
016674.jpg;050057.jpg;073978.jpg
184930.jpg;200174.jpg;130462.jpg
049293.jpg;084409.jpg;001109.jpg
021837.jpg;139866.jpg;007632.jpg
157267.jpg;162395.jpg;127002.jpg
102338.jpg;114688.jpg;014931.jpg
167891.jpg;178348.jpg;056962.jpg
122594.jpg;063764.jpg;154033.jpg
156265.jpg;149711.jpg;058426.jpg
193021.jpg;195764.jpg;096093.jpg
072136.jpg;155351.jpg;127240.jpg
059432.jpg;159251.jpg;078641.jpg
191994.jpg;189265.jpg;095976.jpg
096548.jpg;020556.jpg;129864.jpg
047153.jpg;132922.jpg;139038.jpg
128000.jpg;152274.jpg;049507.jpg
148684.jpg;152842.jpg;101322.jpg
022674.jpg;082454.jpg;102111.jpg
100649.jpg;123026.jpg;128040.jpg
065204.jpg;061154.jpg;026471.jpg
201795.jpg;197936.jpg;006084.jpg
060780.jpg;144027.jpg;138862.jpg
178548.jpg;165086.jpg;131323.jpg
098600.jpg;053827.jpg;035163.jpg
174575.jpg;180222.jpg;158218.jpg
006265.jpg;027171.jpg;112255.jpg
016655.jpg;042814.jpg;166481.jpg
125096.jpg;081230.jpg;071919.jpg
176474.jpg;167040.jpg;043712.jpg
189618.jpg;195261.jpg;188263.jpg
047485.jpg;097052.jpg;036943.jpg
072413.jpg;129633.jpg;004925.jpg
177903.jpg;177477.jpg;143076.jpg
101743.jpg;133239.jpg;184925.jpg
149167.jpg;118083.jpg;003742.jpg
058045.jpg;146487.jpg;159794.jpg
099435.jpg;156811.jpg;082543.jpg
199474.jpg;198652.jpg;064386.jpg
022510.jpg;074015.jpg;102461.jpg
178717.jpg;177658.jpg;156080.jpg
135109.jpg;158040.jpg;066235.jpg
086092.jpg;102004.jpg;035154.jpg
001899.jpg;135910.jpg;171314.jpg
019994.jpg;128704.jpg;089094.jpg
128481.jpg;150187.jpg;171510.jpg
054508.jpg;020758.jpg;189971.jpg
184367.jpg;193622.jpg;007087.jpg
062624.jpg;099170.jpg;059345.jpg
036854.jpg;102785.jpg;063928.jpg
176097.jpg;177616.jpg;012695.jpg
094892.jpg;107487.jpg;095109.jpg
142797.jpg;040060.jpg;175634.jpg
087778.jpg;029257.jpg;065503.jpg
182009.jpg;167060.jpg;065489.jpg
068905.jpg;052220.jpg;012175.jpg
192141.jpg;197879.jpg;191536.jpg
050737.jpg;020905.jpg;137412.jpg
095738.jpg;103426.jpg;094496.jpg
086162.jpg;006262.jpg;134204.jpg
085476.jpg;093343.jpg;077154.jpg
130498.jpg;008911.jpg;195142.jpg
104769.jpg;017493.jpg;163633.jpg
089907.jpg;143150.jpg;095576.jpg
176599.jpg;178208.jpg;040169.jpg
081962.jpg;118865.jpg;005550.jpg
094939.jpg;105099.jpg;163993.jpg
043044.jpg;022989.jpg;023727.jpg
038201.jpg;010480.jpg;079953.jpg
170334.jpg;173129.jpg;132339.jpg
080895.jpg;060572.jpg;072720.jpg
047314.jpg;082506.jpg;112946.jpg
178930.jpg;170700.jpg;026506.jpg
183539.jpg;196710.jpg;155601.jpg
094192.jpg;032017.jpg;030321.jpg
087406.jpg;136889.jpg;125802.jpg
160938.jpg;011164.jpg;084451.jpg
071679.jpg;011715.jpg;011527.jpg
059265.jpg;036452.jpg;172250.jpg
010978.jpg;001415.jpg;135590.jpg
172588.jpg;175287.jpg;115768.jpg
105026.jpg;004240.jpg;021842.jpg
174165.jpg;162977.jpg;146170.jpg
029504.jpg;089594.jpg;135513.jpg
115155.jpg;037932.jpg;105975.jpg
150256.jpg;118105.jpg;105702.jpg
054463.jpg;002912.jpg;125332.jpg
040715.jpg;026662.jpg;094328.jpg
185196.jpg;202482.jpg;108535.jpg
108982.jpg;060873.jpg;201344.jpg
193016.jpg;191280.jpg;091980.jpg
040390.jpg;157620.jpg;176992.jpg
003914.jpg;131462.jpg;044597.jpg
038016.jpg;037022.jpg;021642.jpg
122709.jpg;144933.jpg;034009.jpg
070330.jpg;016961.jpg;098881.jpg
177733.jpg;170774.jpg;109429.jpg
177247.jpg;162849.jpg;130258.jpg
015499.jpg;062828.jpg;018461.jpg
144722.jpg;011673.jpg;040877.jpg
025744.jpg;131584.jpg;089858.jpg
086895.jpg;078671.jpg;045182.jpg
079730.jpg;114518.jpg;034459.jpg
012438.jpg;056156.jpg;129780.jpg
045224.jpg;160633.jpg;154273.jpg
080109.jpg;109479.jpg;188989.jpg
037438.jpg;158845.jpg;089423.jpg
052581.jpg;141110.jpg;159233.jpg
168279.jpg;180030.jpg;120386.jpg
112603.jpg;074145.jpg;176061.jpg
007505.jpg;065154.jpg;040916.jpg
119363.jpg;102162.jpg;193446.jpg
183339.jpg;187145.jpg;190766.jpg
048212.jpg;077618.jpg;141245.jpg
015258.jpg;102302.jpg;140079.jpg
196322.jpg;193940.jpg;088194.jpg
113329.jpg;105042.jpg;040494.jpg
133453.jpg;115588.jpg;090176.jpg
118504.jpg;137138.jpg;118509.jpg
129137.jpg;152587.jpg;125333.jpg
022270.jpg;098772.jpg;061757.jpg
057403.jpg;116184.jpg;132339.jpg
147398.jpg;029693.jpg;153248.jpg
015367.jpg;139164.jpg;013427.jpg
057345.jpg;106209.jpg;153362.jpg
158342.jpg;079713.jpg;027689.jpg
190643.jpg;188253.jpg;071787.jpg
186181.jpg;189344.jpg;055483.jpg
075306.jpg;133617.jpg;135149.jpg
178686.jpg;173632.jpg;025358.jpg
116491.jpg;100043.jpg;063125.jpg
192762.jpg;199605.jpg;162680.jpg
075648.jpg;118539.jpg;012993.jpg
136799.jpg;069490.jpg;011255.jpg
043764.jpg;061642.jpg;080497.jpg
157359.jpg;116954.jpg;040255.jpg
096548.jpg;011306.jpg;059195.jpg
003033.jpg;037517.jpg;112315.jpg
200233.jpg;200232.jpg;146903.jpg
092488.jpg;071724.jpg;078727.jpg
017857.jpg;046439.jpg;191293.jpg
084093.jpg;078752.jpg;140288.jpg
161571.jpg;124609.jpg;042227.jpg
050742.jpg;128338.jpg;160938.jpg
162549.jpg;029350.jpg;079499.jpg
026583.jpg;036343.jpg;115083.jpg
148934.jpg;072821.jpg;035425.jpg
009653.jpg;050237.jpg;060286.jpg
057293.jpg;103665.jpg;154516.jpg
036417.jpg;029929.jpg;047950.jpg
111296.jpg;006501.jpg;031362.jpg
160025.jpg;110407.jpg;178462.jpg
166852.jpg;163570.jpg;061752.jpg
046261.jpg;162350.jpg;179509.jpg
047047.jpg;162396.jpg;019201.jpg
082835.jpg;139656.jpg;176226.jpg
112052.jpg;160161.jpg;198396.jpg
045386.jpg;075131.jpg;113771.jpg
033259.jpg;154029.jpg;039081.jpg
015093.jpg;124403.jpg;081157.jpg
153611.jpg;094274.jpg;107482.jpg
070593.jpg;148737.jpg;074438.jpg
148035.jpg;008819.jpg;071079.jpg
177676.jpg;169378.jpg;032674.jpg
155389.jpg;045157.jpg;066628.jpg
184621.jpg;200275.jpg;011605.jpg
196832.jpg;191184.jpg;176144.jpg
029257.jpg;090626.jpg;132090.jpg
026451.jpg;088781.jpg;137149.jpg
165344.jpg;167071.jpg;088961.jpg
088616.jpg;001407.jpg;169858.jpg
018048.jpg;032325.jpg;144702.jpg
083468.jpg;024159.jpg;021016.jpg
201702.jpg;202282.jpg;072382.jpg
169456.jpg;164214.jpg;005893.jpg
166080.jpg;170074.jpg;051338.jpg
041294.jpg;146641.jpg;140324.jpg
023523.jpg;011576.jpg;049884.jpg
143368.jpg;100135.jpg;150301.jpg
169027.jpg;179036.jpg;061332.jpg
088532.jpg;059173.jpg;003786.jpg
139258.jpg;048625.jpg;190932.jpg
068522.jpg;055553.jpg;119850.jpg
068963.jpg;078378.jpg;163830.jpg
072343.jpg;083008.jpg;153089.jpg
035628.jpg;059981.jpg;193004.jpg
020289.jpg;088447.jpg;036217.jpg
005729.jpg;089361.jpg;061932.jpg
092864.jpg;137728.jpg;187385.jpg
058482.jpg;028641.jpg;098689.jpg
004245.jpg;092496.jpg;055386.jpg
104223.jpg;121233.jpg;082918.jpg
140738.jpg;130600.jpg;092108.jpg
038164.jpg;115596.jpg;120612.jpg
001853.jpg;129951.jpg;182540.jpg
124176.jpg;157316.jpg;033160.jpg
112282.jpg;082268.jpg;047136.jpg
171587.jpg;166613.jpg;155170.jpg
039680.jpg;138855.jpg;172262.jpg
198293.jpg;201210.jpg;193550.jpg
052124.jpg;022801.jpg;188015.jpg
067818.jpg;113230.jpg;076254.jpg
049081.jpg;023907.jpg;175291.jpg
137232.jpg;052411.jpg;118784.jpg
051174.jpg;068259.jpg;103905.jpg
006875.jpg;026180.jpg;038279.jpg
198772.jpg;190614.jpg;119777.jpg
136762.jpg;119410.jpg;195378.jpg
083061.jpg;057792.jpg;115261.jpg
176171.jpg;177461.jpg;113048.jpg
181136.jpg;168080.jpg;109815.jpg
042760.jpg;057864.jpg;157943.jpg
025476.jpg;045317.jpg;112178.jpg
019847.jpg;095364.jpg;049278.jpg
018258.jpg;050910.jpg;181862.jpg
118155.jpg;155127.jpg;066990.jpg
136304.jpg;007158.jpg;091032.jpg
010188.jpg;089221.jpg;165064.jpg
180947.jpg;166975.jpg;192795.jpg
181568.jpg;177832.jpg;084585.jpg
000312.jpg;047072.jpg;013453.jpg
119773.jpg;039139.jpg;146226.jpg
078335.jpg;024730.jpg;032437.jpg
034810.jpg;042760.jpg;149070.jpg
039595.jpg;038759.jpg;194006.jpg
183767.jpg;192366.jpg;045671.jpg
011322.jpg;080875.jpg;112436.jpg
122520.jpg;001881.jpg;106620.jpg
026351.jpg;036223.jpg;073514.jpg
059912.jpg;005281.jpg;039531.jpg
148935.jpg;041278.jpg;150656.jpg
027356.jpg;112561.jpg;004227.jpg
041399.jpg;048394.jpg;157494.jpg
070478.jpg;131585.jpg;066041.jpg
105582.jpg;123641.jpg;087026.jpg
141231.jpg;034543.jpg;055587.jpg
027631.jpg;033726.jpg;172712.jpg
119050.jpg;028913.jpg;121632.jpg
060828.jpg;089146.jpg;052565.jpg
142013.jpg;028076.jpg;049214.jpg
098809.jpg;153976.jpg;161060.jpg
043769.jpg;086778.jpg;070632.jpg
147821.jpg;051543.jpg;146677.jpg
156806.jpg;069881.jpg;015381.jpg
040930.jpg;159541.jpg;026196.jpg
031351.jpg;156072.jpg;171349.jpg
181810.jpg;168105.jpg;077529.jpg
076505.jpg;131713.jpg;008097.jpg
076319.jpg;048562.jpg;139641.jpg
051156.jpg;049702.jpg;158538.jpg
184917.jpg;185040.jpg;166211.jpg
024487.jpg;122866.jpg;125284.jpg
126148.jpg;054710.jpg;170367.jpg
031236.jpg;039526.jpg;176072.jpg
124557.jpg;123942.jpg;142579.jpg
064263.jpg;159436.jpg;003477.jpg
121473.jpg;031965.jpg;054250.jpg
188941.jpg;182850.jpg;027572.jpg
096827.jpg;102445.jpg;168228.jpg
142779.jpg;056827.jpg;169281.jpg
113079.jpg;067506.jpg;179539.jpg
120693.jpg;121550.jpg;132225.jpg
131007.jpg;059191.jpg;118062.jpg
038260.jpg;130691.jpg;176922.jpg
038457.jpg;020532.jpg;134069.jpg
155818.jpg;037602.jpg;187168.jpg
060353.jpg;097038.jpg;015467.jpg
189488.jpg;200332.jpg;000415.jpg
042025.jpg;144273.jpg;135245.jpg
007452.jpg;149137.jpg;146639.jpg
027926.jpg;065977.jpg;145713.jpg
047135.jpg;019886.jpg;080649.jpg
182674.jpg;187623.jpg;173497.jpg
011870.jpg;064830.jpg;138781.jpg
172433.jpg;169820.jpg;163239.jpg
079631.jpg;027780.jpg;179187.jpg
104823.jpg;122662.jpg;010747.jpg
160554.jpg;143273.jpg;140606.jpg
081795.jpg;017790.jpg;154680.jpg
007870.jpg;056724.jpg;072205.jpg
162843.jpg;163527.jpg;142509.jpg
078918.jpg;060653.jpg;013271.jpg
105232.jpg;013868.jpg;172713.jpg
114059.jpg;124640.jpg;073366.jpg
119692.jpg;117389.jpg;087336.jpg
161416.jpg;103510.jpg;155066.jpg
117736.jpg;159006.jpg;154804.jpg
020836.jpg;143604.jpg;013683.jpg
144773.jpg;143773.jpg;113761.jpg
158901.jpg;073201.jpg;022598.jpg
017180.jpg;063683.jpg;128745.jpg
063606.jpg;050467.jpg;025396.jpg
017688.jpg;006254.jpg;097660.jpg
070070.jpg;053586.jpg;135274.jpg
111869.jpg;061561.jpg;096234.jpg
039624.jpg;023615.jpg;094869.jpg
181936.jpg;174341.jpg;009131.jpg
170639.jpg;176608.jpg;156176.jpg
039064.jpg;143596.jpg;050108.jpg
077903.jpg;105488.jpg;135961.jpg
034919.jpg;062395.jpg;169930.jpg
128378.jpg;092894.jpg;009950.jpg
082027.jpg;091952.jpg;084075.jpg
026071.jpg;032534.jpg;049289.jpg
021763.jpg;138059.jpg;009216.jpg
133028.jpg;009041.jpg;108916.jpg
108033.jpg;009296.jpg;041272.jpg
140332.jpg;000286.jpg;031324.jpg
194529.jpg;192437.jpg;160163.jpg
022736.jpg;073902.jpg;089510.jpg
012652.jpg;118419.jpg;127596.jpg
054253.jpg;018109.jpg;099227.jpg
084737.jpg;062390.jpg;108630.jpg
002782.jpg;090240.jpg;197374.jpg
130380.jpg;026150.jpg;190994.jpg
197701.jpg;189466.jpg;017777.jpg
166622.jpg;170719.jpg;115086.jpg
115028.jpg;052758.jpg;054409.jpg
119956.jpg;131840.jpg;153338.jpg
197486.jpg;201267.jpg;086631.jpg
119933.jpg;094499.jpg;170113.jpg
148339.jpg;040353.jpg;106595.jpg
171365.jpg;175606.jpg;057271.jpg
059848.jpg;026294.jpg;191305.jpg
073385.jpg;029661.jpg;000326.jpg
021772.jpg;145293.jpg;054791.jpg
096938.jpg;139770.jpg;094038.jpg
157360.jpg;150605.jpg;100365.jpg
139258.jpg;088909.jpg;129998.jpg
100603.jpg;114573.jpg;180225.jpg
121986.jpg;040669.jpg;088934.jpg
127013.jpg;056739.jpg;153303.jpg
173096.jpg;171377.jpg;148479.jpg
008686.jpg;103451.jpg;120974.jpg
196254.jpg;195317.jpg;022246.jpg
094181.jpg;054426.jpg;178482.jpg
139379.jpg;069582.jpg;179971.jpg
087168.jpg;022319.jpg;078286.jpg
173434.jpg;175870.jpg;074422.jpg
007308.jpg;071648.jpg;106682.jpg
068130.jpg;007409.jpg;059637.jpg
100378.jpg;080344.jpg;011852.jpg
124803.jpg;075111.jpg;010157.jpg
025497.jpg;080553.jpg;046983.jpg
168911.jpg;176067.jpg;036706.jpg
193684.jpg;201440.jpg;152738.jpg
016637.jpg;077099.jpg;186825.jpg
166290.jpg;177603.jpg;168441.jpg
052037.jpg;154313.jpg;131153.jpg
190990.jpg;188503.jpg;129040.jpg
082294.jpg;022842.jpg;030690.jpg
141187.jpg;051883.jpg;138535.jpg
057231.jpg;022144.jpg;066309.jpg
020464.jpg;106341.jpg;060050.jpg
128270.jpg;135662.jpg;141703.jpg
174557.jpg;178752.jpg;050975.jpg
026492.jpg;078757.jpg;076830.jpg
200565.jpg;189297.jpg;086964.jpg
099540.jpg;043162.jpg;100607.jpg
115859.jpg;078522.jpg;037214.jpg
005716.jpg;112711.jpg;181003.jpg
169231.jpg;164098.jpg;052995.jpg
155079.jpg;143409.jpg;041019.jpg
027766.jpg;112811.jpg;057463.jpg
158140.jpg;161111.jpg;111860.jpg
190209.jpg;199157.jpg;093220.jpg
059236.jpg;008501.jpg;179772.jpg
079156.jpg;002438.jpg;136466.jpg
187691.jpg;192290.jpg;040261.jpg
014479.jpg;071177.jpg;107328.jpg
060047.jpg;045207.jpg;177136.jpg
088421.jpg;062378.jpg;194575.jpg
015947.jpg;070323.jpg;113644.jpg
186750.jpg;198372.jpg;119834.jpg
092616.jpg;107758.jpg;040217.jpg
003989.jpg;146083.jpg;045455.jpg
184599.jpg;184234.jpg;043880.jpg
149617.jpg;002630.jpg;140128.jpg
002944.jpg;100978.jpg;010097.jpg
186801.jpg;189534.jpg;128178.jpg
130417.jpg;093572.jpg;022854.jpg
165849.jpg;165084.jpg;064193.jpg
126816.jpg;129741.jpg;110394.jpg
071176.jpg;152436.jpg;141161.jpg
115499.jpg;013057.jpg;186811.jpg
028458.jpg;121227.jpg;169188.jpg
105762.jpg;042450.jpg;006355.jpg
201186.jpg;200609.jpg;065674.jpg
068574.jpg;097432.jpg;005683.jpg
197862.jpg;185955.jpg;007534.jpg
088278.jpg;107045.jpg;045944.jpg
112166.jpg;013041.jpg;094564.jpg
076042.jpg;110804.jpg;035255.jpg
179325.jpg;167090.jpg;063932.jpg
114477.jpg;000695.jpg;094408.jpg
036669.jpg;014447.jpg;132879.jpg
201832.jpg;196748.jpg;074353.jpg
075009.jpg;094695.jpg;155952.jpg
183251.jpg;191271.jpg;016706.jpg
032141.jpg;131401.jpg;178044.jpg
115067.jpg;132096.jpg;114571.jpg
005607.jpg;018413.jpg;163437.jpg
080882.jpg;006046.jpg;084610.jpg
079469.jpg;013240.jpg;088188.jpg
137411.jpg;013485.jpg;052295.jpg
067239.jpg;096457.jpg;156515.jpg
147550.jpg;052564.jpg;061675.jpg
014625.jpg;015049.jpg;199883.jpg
117284.jpg;133175.jpg;166283.jpg
110006.jpg;142514.jpg;084450.jpg
059023.jpg;157823.jpg;044430.jpg
116723.jpg;021378.jpg;031691.jpg
099249.jpg;052466.jpg;032509.jpg
196344.jpg;186597.jpg;047758.jpg
092542.jpg;140046.jpg;067961.jpg
030431.jpg;053882.jpg;033427.jpg
093632.jpg;007974.jpg;161226.jpg
027655.jpg;155387.jpg;038616.jpg
116510.jpg;000888.jpg;186123.jpg
166965.jpg;167779.jpg;025415.jpg
199486.jpg;195441.jpg;185336.jpg
074185.jpg;021644.jpg;127524.jpg
017325.jpg;000751.jpg;026215.jpg
013128.jpg;026612.jpg;012109.jpg
074084.jpg;066219.jpg;107185.jpg
070324.jpg;046495.jpg;140652.jpg
163588.jpg;171680.jpg;064363.jpg
181058.jpg;170350.jpg;080471.jpg
136530.jpg;156105.jpg;107951.jpg
119152.jpg;013476.jpg;011069.jpg
119124.jpg;121799.jpg;009087.jpg
049793.jpg;091687.jpg;060664.jpg
146078.jpg;093935.jpg;013600.jpg
160910.jpg;105816.jpg;000389.jpg
172494.jpg;169298.jpg;083491.jpg
048690.jpg;158723.jpg;127939.jpg
090812.jpg;064251.jpg;032901.jpg
137072.jpg;092641.jpg;171410.jpg
044792.jpg;094165.jpg;073289.jpg
183631.jpg;199361.jpg;164854.jpg
046852.jpg;064720.jpg;173725.jpg
124146.jpg;051659.jpg;193174.jpg
151041.jpg;090237.jpg;119322.jpg
172786.jpg;180706.jpg;058092.jpg
110774.jpg;136901.jpg;014706.jpg
034743.jpg;148923.jpg;021832.jpg
112797.jpg;096703.jpg;110402.jpg
006785.jpg;132631.jpg;168257.jpg
126171.jpg;153370.jpg;049111.jpg
043273.jpg;020123.jpg;025334.jpg
157758.jpg;084922.jpg;085179.jpg
174500.jpg;175785.jpg;153096.jpg
145198.jpg;153932.jpg;102268.jpg
129994.jpg;114360.jpg;160737.jpg
079792.jpg;041445.jpg;075762.jpg
146325.jpg;011397.jpg;192590.jpg
084187.jpg;020867.jpg;181398.jpg
173777.jpg;167003.jpg;005518.jpg
104921.jpg;047129.jpg;001037.jpg
152716.jpg;067301.jpg;190844.jpg
146669.jpg;109289.jpg;083360.jpg
044302.jpg;149762.jpg;185701.jpg
084880.jpg;131780.jpg;005747.jpg
063549.jpg;011284.jpg;125693.jpg
113939.jpg;132688.jpg;175558.jpg
053931.jpg;021741.jpg;176410.jpg
175930.jpg;164478.jpg;023042.jpg
162881.jpg;167451.jpg;039425.jpg
110188.jpg;070378.jpg;044726.jpg
166433.jpg;181833.jpg;134936.jpg
198892.jpg;200750.jpg;109350.jpg
179567.jpg;167699.jpg;091910.jpg
121890.jpg;068865.jpg;015273.jpg
142843.jpg;020650.jpg;089220.jpg
053724.jpg;089638.jpg;027115.jpg
067094.jpg;145462.jpg;024554.jpg
092133.jpg;110631.jpg;044425.jpg
053724.jpg;129140.jpg;190774.jpg
160531.jpg;040641.jpg;115608.jpg
151470.jpg;025070.jpg;150856.jpg
134587.jpg;123224.jpg;167469.jpg
189325.jpg;188135.jpg;091231.jpg
113868.jpg;112738.jpg;177387.jpg
046744.jpg;162724.jpg;181230.jpg
196630.jpg;188427.jpg;063987.jpg
202342.jpg;187602.jpg;118156.jpg
046928.jpg;156573.jpg;065874.jpg
009112.jpg;116872.jpg;086564.jpg
183073.jpg;188822.jpg;202303.jpg
070544.jpg;001141.jpg;196979.jpg
175525.jpg;174758.jpg;136477.jpg
176655.jpg;180201.jpg;049717.jpg
064508.jpg;032449.jpg;095341.jpg
143951.jpg;080184.jpg;173050.jpg
114867.jpg;006653.jpg;055533.jpg
000966.jpg;037851.jpg;147219.jpg
077839.jpg;073818.jpg;192740.jpg
027931.jpg;047648.jpg;031947.jpg
188412.jpg;200200.jpg;113482.jpg
055428.jpg;160703.jpg;126746.jpg
075130.jpg;035548.jpg;100276.jpg
105911.jpg;150552.jpg;028380.jpg
029188.jpg;043248.jpg;067968.jpg
093069.jpg;136741.jpg;188440.jpg
151938.jpg;105876.jpg;074260.jpg
097835.jpg;147154.jpg;000121.jpg
039188.jpg;124624.jpg;157730.jpg
053282.jpg;099538.jpg;038703.jpg
201718.jpg;189554.jpg;198400.jpg
007393.jpg;079559.jpg;073117.jpg
140884.jpg;140772.jpg;025302.jpg
148299.jpg;002613.jpg;177429.jpg
199566.jpg;191038.jpg;018402.jpg
153652.jpg;050446.jpg;018428.jpg
087082.jpg;095624.jpg;004612.jpg
054041.jpg;084452.jpg;027148.jpg
073364.jpg;042116.jpg;006723.jpg
174274.jpg;179071.jpg;116609.jpg
146754.jpg;144568.jpg;063584.jpg
182953.jpg;183304.jpg;008431.jpg
094562.jpg;075719.jpg;042303.jpg
161582.jpg;087905.jpg;052885.jpg
123868.jpg;049666.jpg;168179.jpg
077688.jpg;129586.jpg;026238.jpg
036697.jpg;071970.jpg;133018.jpg
053406.jpg;043504.jpg;174608.jpg
174305.jpg;167687.jpg;152154.jpg
088032.jpg;136619.jpg;097624.jpg
068267.jpg;146544.jpg;129190.jpg
177121.jpg;176760.jpg;006349.jpg
164754.jpg;180614.jpg;137435.jpg
166663.jpg;171918.jpg;111830.jpg
052127.jpg;142732.jpg;084318.jpg
066281.jpg;034700.jpg;102278.jpg
129523.jpg;142123.jpg;185608.jpg
198313.jpg;189338.jpg;133003.jpg
163467.jpg;179944.jpg;122067.jpg
131648.jpg;119051.jpg;181856.jpg
108199.jpg;008493.jpg;098228.jpg
141776.jpg;118404.jpg;093420.jpg
012982.jpg;090616.jpg;195773.jpg
005138.jpg;105435.jpg;081588.jpg
044471.jpg;116704.jpg;185721.jpg
022110.jpg;061074.jpg;030436.jpg
188722.jpg;197674.jpg;149311.jpg
112325.jpg;139419.jpg;024650.jpg
157029.jpg;091005.jpg;039479.jpg
194825.jpg;198213.jpg;093926.jpg
167768.jpg;175618.jpg;099474.jpg
011644.jpg;145695.jpg;060322.jpg
116456.jpg;035976.jpg;160867.jpg
191982.jpg;199829.jpg;017747.jpg
057660.jpg;004759.jpg;082360.jpg
118628.jpg;030908.jpg;069400.jpg
012696.jpg;044587.jpg;083872.jpg
021770.jpg;117915.jpg;069777.jpg
047012.jpg;137522.jpg;132476.jpg
022584.jpg;152139.jpg;015676.jpg
039816.jpg;018599.jpg;092405.jpg
038330.jpg;092800.jpg;179282.jpg
189674.jpg;189009.jpg;129643.jpg
044904.jpg;046459.jpg;054636.jpg
033488.jpg;104066.jpg;112072.jpg
110818.jpg;068556.jpg;056173.jpg
115963.jpg;028767.jpg;065794.jpg
120248.jpg;041858.jpg;193751.jpg
112074.jpg;004624.jpg;190518.jpg
006096.jpg;124949.jpg;180965.jpg
152158.jpg;078350.jpg;143655.jpg
071558.jpg;128295.jpg;011329.jpg
014952.jpg;027276.jpg;131405.jpg
040134.jpg;146919.jpg;117479.jpg
083797.jpg;122346.jpg;008533.jpg
176199.jpg;171882.jpg;201601.jpg
012595.jpg;104302.jpg;024076.jpg
013040.jpg;121953.jpg;121025.jpg
078753.jpg;112299.jpg;034059.jpg
048984.jpg;090235.jpg;062463.jpg
141752.jpg;029546.jpg;095185.jpg
002168.jpg;083159.jpg;051222.jpg
201929.jpg;190424.jpg;045422.jpg
194698.jpg;182830.jpg;042342.jpg
075629.jpg;135113.jpg;119568.jpg
015636.jpg;162540.jpg;067373.jpg
163422.jpg;175732.jpg;151994.jpg
062930.jpg;125121.jpg;055934.jpg
028255.jpg;023149.jpg;025143.jpg
200199.jpg;183905.jpg;002738.jpg
008902.jpg;039102.jpg;160997.jpg
152354.jpg;050180.jpg;092994.jpg
173728.jpg;170294.jpg;007822.jpg
017934.jpg;102479.jpg;009924.jpg
004177.jpg;113916.jpg;160161.jpg
154842.jpg;086225.jpg;113052.jpg
070012.jpg;114744.jpg;030011.jpg
043356.jpg;041741.jpg;198769.jpg
109958.jpg;009603.jpg;118096.jpg
025954.jpg;142281.jpg;057127.jpg
028861.jpg;113993.jpg;073142.jpg
094546.jpg;047136.jpg;039752.jpg
155041.jpg;154231.jpg;056635.jpg
081475.jpg;016396.jpg;190575.jpg
150443.jpg;154436.jpg;027946.jpg
100655.jpg;020923.jpg;014362.jpg
156966.jpg;116801.jpg;046665.jpg
094808.jpg;017550.jpg;017990.jpg
118165.jpg;124175.jpg;137495.jpg
006952.jpg;091098.jpg;059429.jpg
179703.jpg;167203.jpg;106054.jpg
011335.jpg;016745.jpg;180017.jpg
000543.jpg;068210.jpg;081878.jpg
103758.jpg;075185.jpg;099277.jpg
084424.jpg;114256.jpg;088657.jpg
039777.jpg;162001.jpg;179555.jpg
003418.jpg;114311.jpg;200583.jpg
054523.jpg;085299.jpg;094684.jpg
033444.jpg;011811.jpg;020117.jpg
088309.jpg;005173.jpg;189575.jpg
035533.jpg;074043.jpg;003248.jpg
053275.jpg;059059.jpg;187701.jpg
007305.jpg;033145.jpg;148074.jpg
076444.jpg;089835.jpg;188788.jpg
025992.jpg;005483.jpg;159625.jpg
035206.jpg;070051.jpg;111605.jpg
179266.jpg;165323.jpg;185245.jpg
100575.jpg;157387.jpg;116395.jpg
170782.jpg;170660.jpg;200708.jpg
111331.jpg;151942.jpg;195139.jpg
019730.jpg;044505.jpg;193373.jpg
013546.jpg;137285.jpg;059272.jpg
144057.jpg;120062.jpg;149019.jpg
112332.jpg;040035.jpg;054336.jpg
197933.jpg;195552.jpg;035788.jpg
006922.jpg;000188.jpg;086706.jpg
134497.jpg;069108.jpg;075913.jpg
118086.jpg;045463.jpg;107510.jpg
145810.jpg;033762.jpg;140454.jpg
075671.jpg;105569.jpg;174032.jpg
098932.jpg;127173.jpg;140601.jpg
119791.jpg;085630.jpg;097521.jpg
169710.jpg;169988.jpg;033280.jpg
118366.jpg;023960.jpg;153157.jpg
159712.jpg;079622.jpg;188471.jpg
007243.jpg;083165.jpg;015293.jpg
061105.jpg;158845.jpg;181035.jpg
109278.jpg;052665.jpg;170568.jpg
196975.jpg;185453.jpg;062163.jpg
108008.jpg;137586.jpg;150352.jpg
081936.jpg;052121.jpg;050333.jpg
140865.jpg;100760.jpg;061057.jpg
167010.jpg;173134.jpg;066287.jpg
113809.jpg;094865.jpg;149801.jpg
008750.jpg;142839.jpg;131504.jpg
019896.jpg;018621.jpg;114926.jpg
171426.jpg;174853.jpg;129243.jpg
043605.jpg;095121.jpg;044506.jpg
005949.jpg;085001.jpg;121862.jpg
002002.jpg;129183.jpg;171902.jpg
016886.jpg;029456.jpg;160224.jpg
008996.jpg;024794.jpg;006339.jpg
174684.jpg;172676.jpg;201440.jpg
115013.jpg;067795.jpg;170716.jpg
106204.jpg;105689.jpg;154862.jpg
004512.jpg;049933.jpg;035431.jpg
011971.jpg;020331.jpg;072824.jpg
168895.jpg;167134.jpg;099158.jpg
008666.jpg;120676.jpg;003384.jpg
051421.jpg;050708.jpg;108937.jpg
197647.jpg;188234.jpg;070963.jpg
090841.jpg;027444.jpg;105544.jpg
023806.jpg;005981.jpg;144887.jpg
186251.jpg;183293.jpg;156014.jpg
113686.jpg;123113.jpg;146031.jpg
052032.jpg;015831.jpg;159909.jpg
068860.jpg;154678.jpg;072146.jpg
081076.jpg;034995.jpg;152539.jpg
002858.jpg;140964.jpg;063163.jpg
130606.jpg;030654.jpg;035197.jpg
128710.jpg;033702.jpg;163527.jpg
163070.jpg;169537.jpg;084806.jpg
086817.jpg;154059.jpg;152747.jpg
186005.jpg;192890.jpg;053777.jpg
103368.jpg;034373.jpg;051729.jpg
053892.jpg;003412.jpg;126743.jpg
151198.jpg;032867.jpg;043697.jpg
199487.jpg;199068.jpg;172772.jpg
112703.jpg;019290.jpg;004368.jpg
004448.jpg;118546.jpg;111108.jpg
190241.jpg;190967.jpg;199581.jpg
163979.jpg;168675.jpg;063024.jpg
169586.jpg;177038.jpg;023027.jpg
110979.jpg;118244.jpg;135209.jpg
002563.jpg;055779.jpg;182465.jpg
123742.jpg;150009.jpg;039390.jpg
019894.jpg;048177.jpg;078832.jpg
184467.jpg;191766.jpg;140569.jpg
159179.jpg;002959.jpg;099839.jpg
019052.jpg;066659.jpg;060969.jpg
054498.jpg;097188.jpg;029975.jpg
104030.jpg;121829.jpg;157404.jpg
132040.jpg;049490.jpg;170031.jpg
063395.jpg;136018.jpg;105108.jpg
194258.jpg;201104.jpg;099915.jpg
061125.jpg;031356.jpg;020109.jpg
159404.jpg;099489.jpg;191118.jpg
157811.jpg;044952.jpg;017800.jpg
098285.jpg;143003.jpg;196009.jpg
133591.jpg;121853.jpg;194481.jpg
062549.jpg;082353.jpg;113130.jpg
101574.jpg;123266.jpg;131578.jpg
184210.jpg;199577.jpg;138262.jpg
027943.jpg;140537.jpg;077386.jpg
019196.jpg;124960.jpg;195139.jpg
089720.jpg;158518.jpg;183416.jpg
114010.jpg;090362.jpg;016346.jpg
127468.jpg;034962.jpg;065080.jpg
027477.jpg;102526.jpg;130474.jpg
146891.jpg;018074.jpg;064245.jpg
090656.jpg;039852.jpg;154660.jpg
085248.jpg;057582.jpg;088322.jpg
121031.jpg;003211.jpg;050654.jpg
058112.jpg;000034.jpg;166468.jpg
106765.jpg;005439.jpg;132536.jpg
168479.jpg;178960.jpg;160087.jpg
005402.jpg;136852.jpg;114454.jpg
109021.jpg;062745.jpg;192339.jpg
041187.jpg;125663.jpg;123482.jpg
086957.jpg;076286.jpg;040072.jpg
173543.jpg;170777.jpg;164095.jpg
200844.jpg;189710.jpg;195821.jpg
106975.jpg;143332.jpg;114783.jpg
016185.jpg;068416.jpg;032418.jpg
054808.jpg;078872.jpg;063737.jpg
058657.jpg;129861.jpg;138926.jpg
050966.jpg;151244.jpg;105733.jpg
146133.jpg;061202.jpg;177201.jpg
198016.jpg;188498.jpg;112373.jpg
199686.jpg;187275.jpg;045033.jpg
153321.jpg;063850.jpg;172388.jpg
157710.jpg;119519.jpg;035596.jpg
103433.jpg;013036.jpg;081553.jpg
000625.jpg;137452.jpg;130127.jpg
014708.jpg;065140.jpg;193904.jpg
177290.jpg;169644.jpg;003801.jpg
144361.jpg;135382.jpg;192388.jpg
007212.jpg;012873.jpg;171665.jpg
044138.jpg;159577.jpg;097808.jpg
158433.jpg;038131.jpg;108119.jpg
165921.jpg;176149.jpg;127425.jpg
174525.jpg;181053.jpg;045688.jpg
013866.jpg;050927.jpg;130760.jpg
144570.jpg;017398.jpg;046261.jpg
087605.jpg;063753.jpg;181588.jpg
053523.jpg;115436.jpg;177984.jpg
053901.jpg;151588.jpg;186917.jpg
161174.jpg;108417.jpg;012889.jpg
022180.jpg;083376.jpg;070979.jpg
033050.jpg;090003.jpg;178719.jpg
119301.jpg;128133.jpg;011171.jpg
012551.jpg;017213.jpg;192433.jpg
155137.jpg;117843.jpg;177103.jpg
158307.jpg;124902.jpg;105942.jpg
113160.jpg;145363.jpg;008107.jpg
124577.jpg;143426.jpg;083820.jpg
110552.jpg;095854.jpg;143614.jpg
018811.jpg;047925.jpg;057802.jpg
144271.jpg;115413.jpg;070049.jpg
072942.jpg;039402.jpg;084125.jpg
122092.jpg;089582.jpg;186423.jpg
070761.jpg;053832.jpg;166303.jpg
115069.jpg;047380.jpg;191548.jpg
119897.jpg;156007.jpg;076799.jpg
132399.jpg;117929.jpg;103957.jpg
152513.jpg;078971.jpg;122676.jpg
137245.jpg;048364.jpg;006674.jpg
145307.jpg;021718.jpg;042441.jpg
086837.jpg;094058.jpg;109014.jpg
083659.jpg;028124.jpg;111860.jpg
065154.jpg;040193.jpg;195253.jpg
048107.jpg;145837.jpg;143067.jpg
171386.jpg;163608.jpg;078121.jpg
136651.jpg;114353.jpg;067760.jpg
001786.jpg;010092.jpg;172850.jpg
098778.jpg;010926.jpg;197884.jpg
021967.jpg;130931.jpg;172951.jpg
109455.jpg;062510.jpg;160007.jpg
030527.jpg;035673.jpg;017971.jpg
199588.jpg;192396.jpg;056570.jpg
202535.jpg;200189.jpg;101464.jpg
184523.jpg;188963.jpg;110386.jpg
038901.jpg;012319.jpg;089815.jpg
101782.jpg;023225.jpg;172228.jpg
069533.jpg;107432.jpg;159521.jpg
119909.jpg;013833.jpg;146569.jpg
126794.jpg;113713.jpg;144573.jpg
126161.jpg;127195.jpg;145763.jpg
005414.jpg;128113.jpg;143141.jpg
141701.jpg;109733.jpg;038400.jpg
146391.jpg;039501.jpg;026758.jpg
043413.jpg;162161.jpg;069328.jpg
025142.jpg;008427.jpg;186366.jpg
158688.jpg;066883.jpg;058970.jpg
089737.jpg;060808.jpg;078270.jpg
149501.jpg;027784.jpg;062085.jpg
024343.jpg;146909.jpg;095363.jpg
055690.jpg;070300.jpg;139146.jpg
138650.jpg;045624.jpg;193784.jpg
179302.jpg;180073.jpg;191648.jpg
042873.jpg;071969.jpg;091745.jpg
189406.jpg;187700.jpg;194651.jpg
092863.jpg;022210.jpg;046605.jpg
104469.jpg;088404.jpg;090392.jpg
031795.jpg;008712.jpg;049720.jpg
200832.jpg;187343.jpg;154294.jpg
112680.jpg;075853.jpg;018598.jpg
121812.jpg;134683.jpg;099929.jpg
050854.jpg;027346.jpg;038155.jpg
116426.jpg;001775.jpg;175385.jpg
126311.jpg;105046.jpg;069617.jpg
092579.jpg;036564.jpg;094937.jpg
107114.jpg;146212.jpg;150840.jpg
194313.jpg;199985.jpg;016203.jpg
141976.jpg;051676.jpg;020801.jpg
124514.jpg;151580.jpg;057913.jpg
139825.jpg;032280.jpg;146253.jpg
188663.jpg;200371.jpg;079577.jpg
198372.jpg;186750.jpg;148016.jpg
012151.jpg;016796.jpg;106937.jpg
043584.jpg;160517.jpg;010501.jpg
085072.jpg;078105.jpg;047601.jpg
119252.jpg;123388.jpg;082416.jpg
048078.jpg;026550.jpg;114436.jpg
043950.jpg;120163.jpg;004013.jpg
170936.jpg;174297.jpg;129316.jpg
187959.jpg;184617.jpg;141070.jpg
192200.jpg;198310.jpg;068151.jpg
092728.jpg;086609.jpg;053509.jpg
139218.jpg;098244.jpg;010325.jpg
041882.jpg;053439.jpg;038301.jpg
199707.jpg;187055.jpg;103391.jpg
141943.jpg;104973.jpg;006248.jpg
134006.jpg;064975.jpg;169586.jpg
002232.jpg;109707.jpg;149453.jpg
039153.jpg;145232.jpg;183393.jpg
091941.jpg;008469.jpg;043181.jpg
195633.jpg;183059.jpg;050425.jpg
058491.jpg;023993.jpg;179950.jpg
016240.jpg;097077.jpg;087831.jpg
186772.jpg;187755.jpg;022035.jpg
075409.jpg;113092.jpg;142062.jpg
146208.jpg;059207.jpg;000034.jpg
054774.jpg;014842.jpg;075120.jpg
077408.jpg;016643.jpg;080802.jpg
000805.jpg;029161.jpg;001334.jpg
060312.jpg;055995.jpg;058623.jpg
010585.jpg;153112.jpg;173231.jpg
053772.jpg;070612.jpg;118094.jpg
153689.jpg;070033.jpg;055095.jpg
134049.jpg;070703.jpg;102649.jpg
004051.jpg;032819.jpg;194352.jpg
095872.jpg;133018.jpg;183422.jpg
027599.jpg;051499.jpg;165797.jpg
135904.jpg;110385.jpg;164097.jpg
043439.jpg;057636.jpg;083280.jpg
086569.jpg;104324.jpg;119992.jpg
101934.jpg;152924.jpg;057877.jpg
195393.jpg;188585.jpg;060256.jpg
117899.jpg;087518.jpg;103391.jpg
028290.jpg;002497.jpg;150564.jpg
137713.jpg;093072.jpg;066691.jpg
003527.jpg;083685.jpg;022183.jpg
154560.jpg;044114.jpg;095617.jpg
198196.jpg;193830.jpg;116379.jpg
067127.jpg;126665.jpg;139005.jpg
157808.jpg;047946.jpg;014518.jpg
039829.jpg;013018.jpg;163375.jpg
156398.jpg;082462.jpg;092377.jpg
149063.jpg;045259.jpg;051531.jpg
183898.jpg;185748.jpg;059389.jpg
078777.jpg;143656.jpg;073190.jpg
051301.jpg;001562.jpg;001797.jpg
015093.jpg;115437.jpg;153273.jpg
015928.jpg;133425.jpg;147658.jpg
050658.jpg;114050.jpg;042294.jpg
121886.jpg;000150.jpg;120906.jpg
026169.jpg;085103.jpg;015941.jpg
149056.jpg;013752.jpg;166663.jpg
044431.jpg;008617.jpg;100872.jpg
009987.jpg;017745.jpg;170607.jpg
072819.jpg;013281.jpg;175571.jpg
168367.jpg;175567.jpg;177576.jpg
181817.jpg;171607.jpg;169836.jpg
063386.jpg;086338.jpg;104153.jpg
025676.jpg;057798.jpg;089658.jpg
183403.jpg;192823.jpg;069321.jpg
100377.jpg;000303.jpg;015583.jpg
161783.jpg;116320.jpg;061878.jpg
041199.jpg;114130.jpg;001047.jpg
182152.jpg;176888.jpg;017005.jpg
046203.jpg;083221.jpg;006712.jpg
141958.jpg;050425.jpg;085964.jpg
065870.jpg;009484.jpg;112462.jpg
175725.jpg;171341.jpg;001157.jpg
145116.jpg;018002.jpg;119892.jpg
135490.jpg;016484.jpg;145337.jpg
165317.jpg;181598.jpg;112604.jpg
160695.jpg;160314.jpg;079009.jpg
134851.jpg;085576.jpg;201585.jpg
065763.jpg;129677.jpg;172873.jpg
063742.jpg;136427.jpg;008059.jpg
155475.jpg;049832.jpg;008804.jpg
035907.jpg;118129.jpg;022126.jpg
139388.jpg;093495.jpg;106623.jpg
108920.jpg;144919.jpg;104545.jpg
007798.jpg;105868.jpg;092925.jpg
135035.jpg;132545.jpg;135246.jpg
024154.jpg;047273.jpg;079470.jpg
030523.jpg;041186.jpg;175028.jpg
011502.jpg;087412.jpg;090428.jpg
121539.jpg;031000.jpg;064818.jpg
057944.jpg;103742.jpg;116023.jpg
083602.jpg;030674.jpg;037158.jpg
039392.jpg;086698.jpg;147718.jpg
064823.jpg;114768.jpg;194889.jpg
181398.jpg;167366.jpg;117920.jpg
100025.jpg;085282.jpg;189655.jpg
161191.jpg;032163.jpg;089632.jpg
115760.jpg;113271.jpg;079213.jpg
054601.jpg;102091.jpg;165110.jpg
149144.jpg;060428.jpg;027548.jpg
087070.jpg;092171.jpg;015684.jpg
109703.jpg;084747.jpg;107334.jpg
132940.jpg;100756.jpg;135583.jpg
123589.jpg;031622.jpg;048047.jpg
063191.jpg;001945.jpg;114537.jpg
160808.jpg;049704.jpg;200982.jpg
017817.jpg;067622.jpg;082034.jpg
180052.jpg;180626.jpg;090261.jpg
078976.jpg;088259.jpg;054718.jpg
050303.jpg;123145.jpg;136750.jpg
003666.jpg;151033.jpg;049609.jpg
172648.jpg;171170.jpg;192531.jpg
021993.jpg;038726.jpg;102526.jpg
056708.jpg;114904.jpg;095107.jpg
121923.jpg;084868.jpg;144443.jpg
013681.jpg;122647.jpg;163173.jpg
081147.jpg;030544.jpg;197285.jpg
027196.jpg;108170.jpg;047688.jpg
188388.jpg;184355.jpg;045865.jpg
034970.jpg;015932.jpg;080693.jpg
014523.jpg;000646.jpg;199180.jpg
029193.jpg;091902.jpg;082672.jpg
124615.jpg;092445.jpg;062306.jpg
157427.jpg;069639.jpg;004192.jpg
051035.jpg;145449.jpg;201025.jpg
079640.jpg;155174.jpg;155674.jpg
060269.jpg;098219.jpg;158138.jpg
053473.jpg;047974.jpg;055356.jpg
130740.jpg;075841.jpg;158412.jpg
098929.jpg;044601.jpg;018256.jpg
042518.jpg;021638.jpg;006609.jpg
150723.jpg;147484.jpg;068595.jpg
082019.jpg;090274.jpg;103310.jpg
033910.jpg;049320.jpg;198261.jpg
074719.jpg;107413.jpg;100277.jpg
108426.jpg;159471.jpg;036798.jpg
042145.jpg;093998.jpg;081715.jpg
168861.jpg;164957.jpg;112488.jpg
113656.jpg;112050.jpg;027252.jpg
073475.jpg;112952.jpg;164727.jpg
169696.jpg;176506.jpg;147834.jpg
133360.jpg;009343.jpg;062606.jpg
165688.jpg;179417.jpg;002820.jpg
183877.jpg;198061.jpg;135898.jpg
061772.jpg;015029.jpg;090652.jpg
163067.jpg;170047.jpg;132338.jpg
155688.jpg;130296.jpg;096615.jpg
059765.jpg;052915.jpg;131214.jpg
161486.jpg;105317.jpg;132695.jpg
024764.jpg;083001.jpg;050821.jpg
182015.jpg;179237.jpg;086440.jpg
037663.jpg;096454.jpg;056384.jpg
073676.jpg;118056.jpg;122489.jpg
182708.jpg;198692.jpg;049422.jpg
037721.jpg;016261.jpg;161171.jpg
196763.jpg;186685.jpg;107711.jpg
031562.jpg;162055.jpg;024934.jpg
147440.jpg;060706.jpg;006716.jpg
163277.jpg;179442.jpg;191316.jpg
161742.jpg;154360.jpg;004252.jpg
088238.jpg;010142.jpg;181964.jpg
114025.jpg;073795.jpg;005817.jpg
170634.jpg;166960.jpg;158185.jpg
096240.jpg;017440.jpg;049204.jpg
054217.jpg;124471.jpg;184014.jpg
066735.jpg;001769.jpg;003195.jpg
018752.jpg;135129.jpg;019645.jpg
050737.jpg;024764.jpg;086115.jpg
039308.jpg;148404.jpg;140334.jpg
161235.jpg;143038.jpg;140196.jpg
075215.jpg;085826.jpg;135589.jpg
042004.jpg;104495.jpg;099336.jpg
023558.jpg;069533.jpg;131669.jpg
029649.jpg;067259.jpg;194901.jpg
128396.jpg;108544.jpg;033972.jpg
139715.jpg;063067.jpg;060853.jpg
021015.jpg;042042.jpg;131381.jpg
124866.jpg;027329.jpg;080658.jpg
073166.jpg;114032.jpg;079532.jpg
147893.jpg;011597.jpg;062625.jpg
003396.jpg;110741.jpg;080903.jpg
023131.jpg;153723.jpg;165432.jpg
083701.jpg;134936.jpg;073797.jpg
034475.jpg;158744.jpg;071979.jpg
005183.jpg;150620.jpg;011911.jpg
105419.jpg;125856.jpg;173372.jpg
156478.jpg;130558.jpg;048734.jpg
201869.jpg;197436.jpg;000464.jpg
082553.jpg;022802.jpg;087219.jpg
182577.jpg;171277.jpg;043341.jpg
023344.jpg;089239.jpg;079326.jpg
136157.jpg;024162.jpg;027787.jpg
141170.jpg;139054.jpg;140121.jpg
201462.jpg;191473.jpg;069169.jpg
027967.jpg;161757.jpg;127519.jpg
194154.jpg;183132.jpg;126629.jpg
175970.jpg;181459.jpg;107485.jpg
101597.jpg;159571.jpg;071147.jpg
076031.jpg;000140.jpg;093447.jpg
178721.jpg;181096.jpg;134416.jpg
122317.jpg;029772.jpg;109416.jpg
191382.jpg;193719.jpg;024055.jpg
118766.jpg;015042.jpg;013677.jpg
161332.jpg;078168.jpg;168859.jpg
059010.jpg;006828.jpg;006466.jpg
096734.jpg;131072.jpg;030981.jpg
103844.jpg;071653.jpg;045767.jpg
050165.jpg;079543.jpg;091642.jpg
189756.jpg;202477.jpg;156216.jpg
010233.jpg;015632.jpg;048627.jpg
134643.jpg;024010.jpg;153491.jpg
111159.jpg;136036.jpg;072565.jpg
106027.jpg;114756.jpg;098937.jpg
186971.jpg;185084.jpg;153007.jpg
051251.jpg;016017.jpg;154807.jpg
005419.jpg;099499.jpg;069742.jpg
017675.jpg;098362.jpg;067612.jpg
165894.jpg;174038.jpg;195829.jpg
111786.jpg;042506.jpg;034623.jpg
126133.jpg;141758.jpg;004092.jpg
131454.jpg;120141.jpg;185497.jpg
045327.jpg;000666.jpg;060164.jpg
193813.jpg;183179.jpg;024167.jpg
041948.jpg;081744.jpg;008453.jpg
055894.jpg;075750.jpg;120768.jpg
181915.jpg;172517.jpg;198770.jpg
101785.jpg;011524.jpg;195461.jpg
033622.jpg;051615.jpg;194176.jpg
014817.jpg;011088.jpg;131676.jpg
147111.jpg;024292.jpg;028020.jpg
104769.jpg;017493.jpg;024394.jpg
185551.jpg;199035.jpg;162771.jpg
054746.jpg;008288.jpg;037698.jpg
026323.jpg;144217.jpg;188742.jpg
142593.jpg;102684.jpg;076799.jpg
191569.jpg;199396.jpg;196559.jpg
151694.jpg;066012.jpg;076072.jpg
031728.jpg;047051.jpg;030279.jpg
196918.jpg;188654.jpg;000812.jpg
058838.jpg;113853.jpg;165168.jpg
032005.jpg;067754.jpg;068664.jpg
026325.jpg;103768.jpg;116033.jpg
067563.jpg;093119.jpg;186737.jpg
085713.jpg;103969.jpg;038339.jpg
180646.jpg;171118.jpg;182420.jpg
124206.jpg;076492.jpg;182730.jpg
124315.jpg;060037.jpg;016730.jpg
105850.jpg;085983.jpg;047820.jpg
119934.jpg;057146.jpg;027849.jpg
130729.jpg;155074.jpg;037442.jpg
162068.jpg;022762.jpg;045726.jpg
003832.jpg;123743.jpg;095048.jpg
084780.jpg;069493.jpg;191950.jpg
138726.jpg;019958.jpg;193478.jpg
168767.jpg;177711.jpg;077038.jpg
144523.jpg;141272.jpg;108738.jpg
063694.jpg;082070.jpg;108753.jpg
104344.jpg;034034.jpg;189304.jpg
084817.jpg;094830.jpg;106474.jpg
177580.jpg;170205.jpg;119110.jpg
066131.jpg;137679.jpg;015111.jpg
100506.jpg;126659.jpg;060692.jpg
085340.jpg;003970.jpg;023927.jpg
104454.jpg;102616.jpg;043284.jpg
117991.jpg;119366.jpg;190450.jpg
021313.jpg;035673.jpg;077020.jpg
087627.jpg;017273.jpg;040712.jpg
050855.jpg;043071.jpg;154076.jpg
060787.jpg;058123.jpg;100239.jpg
197823.jpg;185970.jpg;036541.jpg
040748.jpg;038694.jpg;182771.jpg
193674.jpg;197152.jpg;030121.jpg
041882.jpg;053439.jpg;174862.jpg
132429.jpg;078917.jpg;047995.jpg
035498.jpg;115061.jpg;097892.jpg
196696.jpg;197676.jpg;199106.jpg
112977.jpg;039926.jpg;179886.jpg
115783.jpg;127891.jpg;094663.jpg
040980.jpg;133700.jpg;006125.jpg
090927.jpg;088335.jpg;064119.jpg
003383.jpg;079253.jpg;192459.jpg
037855.jpg;105361.jpg;143953.jpg
188035.jpg;193560.jpg;169752.jpg
062812.jpg;000450.jpg;031630.jpg
045088.jpg;101008.jpg;026351.jpg
064176.jpg;153300.jpg;166656.jpg
065012.jpg;162221.jpg;037999.jpg
142423.jpg;059023.jpg;076576.jpg
058679.jpg;091577.jpg;026290.jpg
133366.jpg;064886.jpg;041965.jpg
146284.jpg;151838.jpg;020740.jpg
168019.jpg;180156.jpg;054723.jpg
028501.jpg;020987.jpg;070090.jpg
148523.jpg;120421.jpg;068858.jpg
129558.jpg;068417.jpg;138101.jpg
167997.jpg;171346.jpg;173109.jpg
009881.jpg;036362.jpg;067877.jpg
025376.jpg;124182.jpg;126587.jpg
027664.jpg;122057.jpg;131926.jpg
064897.jpg;160334.jpg;026288.jpg
009635.jpg;041132.jpg;044389.jpg
196425.jpg;195730.jpg;181808.jpg
076633.jpg;146883.jpg;052744.jpg
092394.jpg;116870.jpg;178684.jpg
146518.jpg;046575.jpg;163517.jpg
065909.jpg;021704.jpg;137898.jpg
095433.jpg;090093.jpg;202471.jpg
127208.jpg;146289.jpg;053261.jpg
047000.jpg;046461.jpg;109675.jpg
184235.jpg;187238.jpg;131705.jpg
155524.jpg;135145.jpg;124899.jpg
083502.jpg;041424.jpg;092923.jpg
099734.jpg;098103.jpg;121440.jpg
080337.jpg;129553.jpg;155326.jpg
036706.jpg;084754.jpg;143500.jpg
030863.jpg;150288.jpg;129653.jpg
119234.jpg;070026.jpg;195882.jpg
020940.jpg;083288.jpg;131345.jpg
164692.jpg;175211.jpg;011073.jpg
130433.jpg;062683.jpg;061084.jpg
017418.jpg;085889.jpg;179297.jpg
038553.jpg;149938.jpg;055255.jpg
024566.jpg;135421.jpg;121418.jpg
012081.jpg;086798.jpg;080657.jpg
089814.jpg;009834.jpg;165030.jpg
024750.jpg;051545.jpg;046829.jpg
046562.jpg;090231.jpg;097085.jpg
148925.jpg;127308.jpg;049532.jpg
044533.jpg;065552.jpg;009793.jpg
134524.jpg;067695.jpg;006228.jpg
069082.jpg;112713.jpg;184418.jpg
113291.jpg;136367.jpg;145202.jpg
017411.jpg;022081.jpg;009338.jpg
030835.jpg;129251.jpg;066090.jpg
082637.jpg;040385.jpg;048805.jpg
018644.jpg;047083.jpg;110181.jpg
030586.jpg;045725.jpg;038719.jpg
143999.jpg;151665.jpg;189169.jpg
126798.jpg;045472.jpg;172273.jpg
162678.jpg;049582.jpg;146997.jpg
019822.jpg;071758.jpg;035803.jpg
090510.jpg;023611.jpg;072276.jpg
013049.jpg;089182.jpg;107792.jpg
070696.jpg;041611.jpg;143687.jpg
096299.jpg;116864.jpg;068599.jpg
098203.jpg;053473.jpg;090548.jpg
098589.jpg;008221.jpg;189139.jpg
072584.jpg;021563.jpg;156298.jpg
002155.jpg;126931.jpg;020108.jpg
177050.jpg;179531.jpg;122395.jpg
112530.jpg;083884.jpg;103603.jpg
084570.jpg;063522.jpg;066665.jpg
021068.jpg;035131.jpg;139198.jpg
170409.jpg;165123.jpg;063808.jpg
025544.jpg;108855.jpg;037905.jpg
138147.jpg;037961.jpg;121235.jpg
066370.jpg;133271.jpg;028455.jpg
038242.jpg;027570.jpg;164670.jpg
149145.jpg;091702.jpg;039872.jpg
055928.jpg;081127.jpg;158224.jpg
108869.jpg;154321.jpg;200815.jpg
201559.jpg;201050.jpg;099056.jpg
040142.jpg;016544.jpg;047967.jpg
046835.jpg;122289.jpg;147058.jpg
134570.jpg;114143.jpg;086853.jpg
122644.jpg;137586.jpg;098374.jpg
064333.jpg;016087.jpg;024868.jpg
151246.jpg;130220.jpg;012653.jpg
109893.jpg;091734.jpg;002797.jpg
043989.jpg;037843.jpg;060688.jpg
127058.jpg;037001.jpg;063919.jpg
184227.jpg;191046.jpg;004795.jpg
167999.jpg;173419.jpg;047070.jpg
000372.jpg;011852.jpg;153020.jpg
125392.jpg;033020.jpg;199930.jpg
074742.jpg;078343.jpg;041970.jpg
008467.jpg;079757.jpg;098903.jpg
073927.jpg;089489.jpg;063754.jpg
140361.jpg;050557.jpg;117426.jpg
136543.jpg;011147.jpg;079406.jpg
070646.jpg;074230.jpg;138175.jpg
019059.jpg;030839.jpg;142978.jpg
187240.jpg;201327.jpg;027082.jpg
165438.jpg;177169.jpg;202183.jpg
070052.jpg;019556.jpg;049685.jpg
133401.jpg;084877.jpg;164611.jpg
185192.jpg;185860.jpg;183457.jpg
001438.jpg;050320.jpg;172888.jpg
053438.jpg;076727.jpg;066723.jpg
046864.jpg;013153.jpg;172278.jpg
064680.jpg;030621.jpg;037501.jpg
017229.jpg;007317.jpg;088419.jpg
066486.jpg;126559.jpg;109453.jpg
150630.jpg;135758.jpg;019764.jpg
162146.jpg;031639.jpg;176334.jpg
083421.jpg;157145.jpg;094380.jpg
198353.jpg;196063.jpg;005789.jpg
118026.jpg;127046.jpg;180306.jpg
008365.jpg;108438.jpg;151619.jpg
111854.jpg;008575.jpg;197699.jpg
059469.jpg;034023.jpg;151843.jpg
063829.jpg;138479.jpg;036392.jpg
185846.jpg;190938.jpg;000553.jpg
019974.jpg;035589.jpg;086646.jpg
075740.jpg;012127.jpg;175966.jpg
092012.jpg;068429.jpg;130030.jpg
062342.jpg;110940.jpg;176669.jpg
162247.jpg;111416.jpg;033579.jpg
195864.jpg;202478.jpg;071791.jpg
076677.jpg;057370.jpg;083635.jpg
066841.jpg;160879.jpg;034755.jpg
190988.jpg;190205.jpg;120903.jpg
124108.jpg;152624.jpg;041752.jpg
168842.jpg;169025.jpg;079316.jpg
030085.jpg;054508.jpg;200936.jpg
195142.jpg;201058.jpg;006393.jpg
086536.jpg;096514.jpg;165434.jpg
165766.jpg;172479.jpg;030074.jpg
138428.jpg;087171.jpg;120308.jpg
144303.jpg;127815.jpg;139827.jpg
147772.jpg;017449.jpg;119162.jpg
095438.jpg;077005.jpg;073245.jpg
051436.jpg;101973.jpg;136168.jpg
184424.jpg;199400.jpg;106494.jpg
175779.jpg;165496.jpg;189533.jpg
164723.jpg;176369.jpg;140792.jpg
151288.jpg;055867.jpg;154495.jpg
127144.jpg;126839.jpg;075094.jpg
159324.jpg;055337.jpg;158153.jpg
147746.jpg;025373.jpg;115790.jpg
143401.jpg;067813.jpg;115172.jpg
035923.jpg;089026.jpg;052979.jpg
183836.jpg;202456.jpg;029492.jpg
000996.jpg;128775.jpg;035228.jpg
056044.jpg;071791.jpg;063020.jpg
163558.jpg;177129.jpg;029403.jpg
054204.jpg;032054.jpg;071858.jpg
142613.jpg;093715.jpg;127795.jpg
070832.jpg;146467.jpg;069500.jpg
103973.jpg;053789.jpg;057712.jpg
029007.jpg;042419.jpg;122122.jpg
162441.jpg;148446.jpg;083070.jpg
095070.jpg;148760.jpg;201507.jpg
079583.jpg;156809.jpg;188110.jpg
179364.jpg;164132.jpg;164649.jpg
066446.jpg;093236.jpg;197429.jpg
025083.jpg;108747.jpg;168899.jpg
148633.jpg;017630.jpg;005434.jpg
073186.jpg;054033.jpg;108850.jpg
159026.jpg;129655.jpg;154038.jpg
200126.jpg;189828.jpg;186591.jpg
064975.jpg;120300.jpg;162684.jpg
000877.jpg;048065.jpg;086521.jpg
142717.jpg;029709.jpg;058528.jpg
009052.jpg;082094.jpg;047339.jpg
009855.jpg;119923.jpg;059824.jpg
182836.jpg;187988.jpg;115028.jpg
044481.jpg;138760.jpg;199342.jpg
009636.jpg;092866.jpg;152536.jpg
065485.jpg;061638.jpg;105671.jpg
054561.jpg;101516.jpg;181913.jpg
052221.jpg;125356.jpg;019051.jpg
140485.jpg;052731.jpg;055904.jpg
069184.jpg;158456.jpg;192370.jpg
199255.jpg;200743.jpg;138691.jpg
002683.jpg;138349.jpg;194415.jpg
084539.jpg;066102.jpg;021641.jpg
058390.jpg;071049.jpg;025571.jpg
155295.jpg;074590.jpg;091477.jpg
066144.jpg;081942.jpg;084550.jpg
146303.jpg;111787.jpg;100830.jpg
002747.jpg;042703.jpg;137503.jpg
002574.jpg;038005.jpg;135908.jpg
151726.jpg;089482.jpg;149001.jpg
125476.jpg;015925.jpg;162310.jpg
160682.jpg;131914.jpg;040613.jpg
157783.jpg;065412.jpg;115961.jpg
181842.jpg;167650.jpg;188323.jpg
107839.jpg;090421.jpg;062177.jpg
197335.jpg;195817.jpg;071619.jpg
186440.jpg;192823.jpg;150037.jpg
054207.jpg;132073.jpg;067128.jpg
131771.jpg;155633.jpg;030454.jpg
131646.jpg;156124.jpg;098488.jpg
104701.jpg;036241.jpg;030589.jpg
155919.jpg;096736.jpg;126361.jpg
026656.jpg;132324.jpg;159174.jpg
074694.jpg;089624.jpg;105843.jpg
011513.jpg;025602.jpg;101001.jpg
112753.jpg;060261.jpg;086945.jpg
148895.jpg;019153.jpg;172433.jpg
178753.jpg;171220.jpg;159548.jpg
109466.jpg;152823.jpg;056424.jpg
086190.jpg;122461.jpg;139614.jpg
088236.jpg;054990.jpg;196459.jpg
133326.jpg;038232.jpg;149009.jpg
001816.jpg;132287.jpg;034821.jpg
026774.jpg;135146.jpg;033437.jpg
140593.jpg;114472.jpg;096661.jpg
192955.jpg;201992.jpg;063878.jpg
091114.jpg;088357.jpg;087967.jpg
163543.jpg;165761.jpg;004709.jpg
201985.jpg;201678.jpg;114424.jpg
084458.jpg;105912.jpg;064155.jpg
080558.jpg;060143.jpg;136246.jpg
044263.jpg;085419.jpg;140526.jpg
201612.jpg;196719.jpg;023252.jpg
053624.jpg;022043.jpg;067762.jpg
040255.jpg;122889.jpg;013735.jpg
029525.jpg;159523.jpg;184785.jpg
047919.jpg;127871.jpg;189162.jpg
114416.jpg;138655.jpg;086483.jpg
197712.jpg;194818.jpg;018327.jpg
086202.jpg;106043.jpg;046873.jpg
156478.jpg;146801.jpg;046970.jpg
013346.jpg;159072.jpg;002762.jpg
013846.jpg;149017.jpg;094037.jpg
002060.jpg;129465.jpg;082699.jpg
021303.jpg;034244.jpg;010786.jpg
113834.jpg;107500.jpg;014090.jpg
030863.jpg;104585.jpg;197924.jpg
160850.jpg;081882.jpg;010127.jpg
082540.jpg;118851.jpg;121761.jpg
171093.jpg;164984.jpg;182170.jpg
152308.jpg;072558.jpg;190601.jpg
138523.jpg;038887.jpg;095904.jpg
129411.jpg;100348.jpg;080669.jpg
163777.jpg;170292.jpg;047216.jpg
022944.jpg;055195.jpg;056668.jpg
119629.jpg;094926.jpg;139943.jpg
053739.jpg;076517.jpg;119361.jpg
060659.jpg;154672.jpg;077059.jpg
056146.jpg;020699.jpg;086231.jpg
036073.jpg;161968.jpg;047392.jpg
133787.jpg;153506.jpg;071601.jpg
016847.jpg;003859.jpg;200861.jpg
158006.jpg;019260.jpg;190377.jpg
003366.jpg;066559.jpg;077675.jpg
133876.jpg;048182.jpg;159040.jpg
195185.jpg;193570.jpg;176456.jpg
167038.jpg;173268.jpg;136174.jpg
046244.jpg;068949.jpg;025428.jpg
049662.jpg;042283.jpg;079604.jpg
086706.jpg;111847.jpg;090914.jpg
014516.jpg;157340.jpg;168017.jpg
042700.jpg;076258.jpg;028553.jpg
106673.jpg;049637.jpg;174532.jpg
183442.jpg;193679.jpg;129365.jpg
161312.jpg;033026.jpg;168016.jpg
104910.jpg;056412.jpg;006999.jpg
170621.jpg;166899.jpg;180461.jpg
140031.jpg;081503.jpg;202122.jpg
202493.jpg;186444.jpg;047341.jpg
110674.jpg;128145.jpg;040504.jpg
170752.jpg;179428.jpg;158168.jpg
116819.jpg;150633.jpg;050195.jpg
131358.jpg;139475.jpg;027241.jpg
074775.jpg;036417.jpg;052739.jpg
118787.jpg;156557.jpg;132406.jpg
129488.jpg;040093.jpg;061782.jpg
059208.jpg;024934.jpg;183859.jpg
097093.jpg;127505.jpg;138346.jpg
003707.jpg;066793.jpg;199730.jpg
006949.jpg;132065.jpg;150787.jpg
092168.jpg;143785.jpg;192663.jpg
084824.jpg;124814.jpg;122160.jpg
157554.jpg;159701.jpg;030975.jpg
018753.jpg;034844.jpg;164645.jpg
051855.jpg;124315.jpg;097022.jpg
119663.jpg;087099.jpg;082606.jpg
076323.jpg;055918.jpg;160233.jpg
185008.jpg;199372.jpg;144001.jpg
142026.jpg;158510.jpg;054338.jpg
128308.jpg;024486.jpg;175131.jpg
196994.jpg;194038.jpg;053356.jpg
024334.jpg;021734.jpg;107353.jpg
009129.jpg;052283.jpg;132131.jpg
089253.jpg;113260.jpg;059380.jpg
083844.jpg;008072.jpg;063188.jpg
116876.jpg;081520.jpg;064565.jpg
184499.jpg;199740.jpg;162505.jpg
037391.jpg;010992.jpg;128903.jpg
165328.jpg;174399.jpg;021703.jpg
170718.jpg;181202.jpg;055666.jpg
039151.jpg;139238.jpg;191922.jpg
033734.jpg;154192.jpg;070496.jpg
011550.jpg;035404.jpg;196626.jpg
140596.jpg;024774.jpg;062772.jpg
175947.jpg;165776.jpg;180026.jpg
066322.jpg;147923.jpg;048031.jpg
194796.jpg;193771.jpg;033706.jpg
054123.jpg;136679.jpg;183126.jpg
039471.jpg;079283.jpg;046345.jpg
195325.jpg;199515.jpg;145630.jpg
019292.jpg;020657.jpg;112939.jpg
154812.jpg;083865.jpg;022719.jpg
176938.jpg;168949.jpg;174956.jpg
115743.jpg;076071.jpg;156439.jpg
040360.jpg;137153.jpg;004789.jpg
019198.jpg;030060.jpg;069701.jpg
031066.jpg;030963.jpg;134475.jpg
105625.jpg;137629.jpg;090992.jpg
143285.jpg;021348.jpg;153765.jpg
095768.jpg;156522.jpg;175563.jpg
088875.jpg;096544.jpg;028320.jpg
128940.jpg;088555.jpg;085755.jpg
038331.jpg;074229.jpg;195050.jpg
110767.jpg;080371.jpg;115102.jpg
049814.jpg;035149.jpg;155123.jpg
181433.jpg;178235.jpg;035565.jpg
042547.jpg;109323.jpg;050195.jpg
059125.jpg;104558.jpg;060677.jpg
022430.jpg;072968.jpg;151986.jpg
075041.jpg;004808.jpg;050599.jpg
100415.jpg;061051.jpg;187097.jpg
013331.jpg;118002.jpg;003171.jpg
094793.jpg;141505.jpg;144066.jpg
192746.jpg;192002.jpg;112127.jpg
049910.jpg;101951.jpg;122299.jpg
166601.jpg;171204.jpg;150388.jpg
181909.jpg;166454.jpg;178715.jpg
119560.jpg;111598.jpg;075152.jpg
163884.jpg;178851.jpg;081486.jpg
113914.jpg;018582.jpg;201275.jpg
055619.jpg;158525.jpg;020497.jpg
079886.jpg;096783.jpg;145248.jpg
117785.jpg;070591.jpg;050732.jpg
194726.jpg;202563.jpg;014979.jpg
199796.jpg;187291.jpg;114274.jpg
003006.jpg;026325.jpg;140121.jpg
068551.jpg;138270.jpg;161639.jpg
035440.jpg;122498.jpg;179203.jpg
113626.jpg;034698.jpg;109599.jpg
032984.jpg;131429.jpg;006289.jpg
116838.jpg;055919.jpg;194237.jpg
042811.jpg;086030.jpg;104185.jpg
010383.jpg;126192.jpg;051360.jpg
163244.jpg;171706.jpg;179558.jpg
086415.jpg;014740.jpg;102765.jpg
107581.jpg;077069.jpg;038383.jpg
131221.jpg;080123.jpg;041398.jpg
187094.jpg;195339.jpg;053961.jpg
041370.jpg;026705.jpg;177271.jpg
087565.jpg;134647.jpg;191172.jpg
164770.jpg;163959.jpg;089399.jpg
043080.jpg;023352.jpg;008133.jpg
098411.jpg;021066.jpg;101227.jpg
065535.jpg;041116.jpg;105249.jpg
167282.jpg;178078.jpg;144617.jpg
052871.jpg;117115.jpg;195230.jpg
148450.jpg;000968.jpg;094761.jpg
125922.jpg;118680.jpg;025730.jpg
137573.jpg;058913.jpg;130421.jpg
146921.jpg;078218.jpg;045421.jpg
097196.jpg;111202.jpg;103110.jpg
143885.jpg;028534.jpg;154457.jpg
115276.jpg;038614.jpg;121178.jpg
117565.jpg;077543.jpg;078585.jpg
106485.jpg;062660.jpg;184304.jpg
105638.jpg;022907.jpg;158865.jpg
073150.jpg;102303.jpg;022827.jpg
201035.jpg;185657.jpg;162186.jpg
060754.jpg;077062.jpg;012185.jpg
180267.jpg;176220.jpg;088702.jpg
201232.jpg;188685.jpg;052047.jpg
166579.jpg;178962.jpg;091093.jpg
173746.jpg;169114.jpg;114270.jpg
092248.jpg;128192.jpg;109138.jpg
039180.jpg;102180.jpg;119015.jpg
003249.jpg;095596.jpg;004493.jpg
201728.jpg;191195.jpg;016735.jpg
121735.jpg;109497.jpg;197515.jpg
109300.jpg;027793.jpg;135603.jpg
120742.jpg;036276.jpg;071471.jpg
049636.jpg;159299.jpg;092963.jpg
185623.jpg;196206.jpg;023652.jpg
155669.jpg;096767.jpg;111227.jpg
070898.jpg;137940.jpg;156107.jpg
048164.jpg;064376.jpg;139614.jpg
141657.jpg;009212.jpg;073195.jpg
064541.jpg;031227.jpg;038558.jpg
167282.jpg;165813.jpg;086898.jpg
075271.jpg;119636.jpg;000773.jpg
114980.jpg;102957.jpg;053888.jpg
131033.jpg;064531.jpg;071386.jpg
077590.jpg;038823.jpg;074064.jpg
020804.jpg;160337.jpg;088256.jpg
177025.jpg;164867.jpg;100699.jpg
075456.jpg;023284.jpg;065506.jpg
139595.jpg;086245.jpg;065346.jpg
197708.jpg;201895.jpg;120581.jpg
009903.jpg;013862.jpg;018438.jpg
146593.jpg;104590.jpg;057173.jpg
183294.jpg;187830.jpg;175823.jpg
110054.jpg;107197.jpg;115443.jpg
079114.jpg;137340.jpg;071051.jpg
052338.jpg;076672.jpg;181271.jpg
033318.jpg;080315.jpg;060639.jpg
045866.jpg;050757.jpg;174597.jpg
185516.jpg;197500.jpg;057657.jpg
185731.jpg;194549.jpg;016587.jpg
172859.jpg;163080.jpg;039795.jpg
013229.jpg;027582.jpg;053085.jpg
197183.jpg;192163.jpg;187999.jpg
109009.jpg;119854.jpg;136533.jpg
141376.jpg;040125.jpg;021107.jpg
039941.jpg;142690.jpg;030258.jpg
097547.jpg;009739.jpg;047537.jpg
190397.jpg;194672.jpg;098211.jpg
090332.jpg;130861.jpg;004206.jpg
106766.jpg;131906.jpg;085287.jpg
165086.jpg;182006.jpg;151380.jpg
062430.jpg;049696.jpg;020707.jpg
148805.jpg;069650.jpg;133368.jpg
011959.jpg;063534.jpg;112338.jpg
040581.jpg;160213.jpg;102466.jpg
178641.jpg;173882.jpg;197430.jpg
127245.jpg;080662.jpg;183413.jpg
123940.jpg;135790.jpg;039300.jpg
121233.jpg;147491.jpg;063598.jpg
025204.jpg;124252.jpg;086124.jpg
156476.jpg;031533.jpg;191102.jpg
025978.jpg;040875.jpg;133014.jpg
178024.jpg;164703.jpg;147514.jpg
009939.jpg;071675.jpg;125175.jpg
132760.jpg;055827.jpg;039110.jpg
012707.jpg;060596.jpg;052772.jpg
198563.jpg;190055.jpg;014026.jpg
065207.jpg;034946.jpg;135781.jpg
004738.jpg;037541.jpg;012644.jpg
080996.jpg;079499.jpg;067556.jpg
054959.jpg;016220.jpg;048290.jpg
130858.jpg;045344.jpg;086013.jpg
167342.jpg;170272.jpg;199729.jpg
069629.jpg;157779.jpg;172242.jpg
046229.jpg;153132.jpg;058727.jpg
197912.jpg;182795.jpg;164133.jpg
185206.jpg;202564.jpg;030322.jpg
073323.jpg;058362.jpg;026768.jpg
138404.jpg;071121.jpg;163455.jpg
078854.jpg;045104.jpg;008277.jpg
150328.jpg;132913.jpg;198732.jpg
116720.jpg;102209.jpg;103333.jpg
152671.jpg;129482.jpg;150723.jpg
149728.jpg;116696.jpg;049154.jpg
117984.jpg;077429.jpg;170742.jpg
139482.jpg;117601.jpg;060820.jpg
100281.jpg;144757.jpg;037328.jpg
190728.jpg;195712.jpg;088055.jpg
002852.jpg;081997.jpg;052535.jpg
154335.jpg;007218.jpg;054337.jpg
084842.jpg;081996.jpg;075743.jpg
195580.jpg;187217.jpg;118996.jpg
071538.jpg;001167.jpg;124954.jpg
068467.jpg;016687.jpg;129568.jpg
192834.jpg;198595.jpg;065261.jpg
025933.jpg;072899.jpg;078288.jpg
080898.jpg;138960.jpg;035004.jpg
143087.jpg;104944.jpg;107311.jpg
043462.jpg;002447.jpg;165530.jpg
131535.jpg;065798.jpg;198862.jpg
150823.jpg;012722.jpg;150018.jpg
094801.jpg;073608.jpg;006904.jpg
193325.jpg;186351.jpg;027068.jpg
193266.jpg;187787.jpg;136877.jpg
035912.jpg;014222.jpg;045634.jpg
047231.jpg;033507.jpg;108465.jpg
012236.jpg;105258.jpg;112550.jpg
180178.jpg;170763.jpg;168324.jpg
144278.jpg;103946.jpg;144038.jpg
145935.jpg;078938.jpg;111744.jpg
165285.jpg;164782.jpg;167941.jpg
190750.jpg;202146.jpg;149753.jpg
175407.jpg;181389.jpg;010823.jpg
090586.jpg;087082.jpg;129777.jpg
158914.jpg;020628.jpg;006237.jpg
058156.jpg;038782.jpg;167212.jpg
060463.jpg;033052.jpg;073462.jpg
102443.jpg;160273.jpg;201569.jpg
065263.jpg;148511.jpg;062459.jpg
018224.jpg;114315.jpg;157947.jpg
152211.jpg;159326.jpg;096451.jpg
109998.jpg;082429.jpg;089309.jpg
152224.jpg;016708.jpg;065356.jpg
059121.jpg;119691.jpg;183028.jpg
158147.jpg;074358.jpg;161454.jpg
163465.jpg;180927.jpg;022521.jpg
015743.jpg;061565.jpg;177439.jpg
010554.jpg;041900.jpg;015994.jpg
154946.jpg;109695.jpg;068116.jpg
062674.jpg;084365.jpg;019296.jpg
032195.jpg;143574.jpg;017492.jpg
073073.jpg;073564.jpg;172747.jpg
021683.jpg;074501.jpg;107918.jpg
097029.jpg;004013.jpg;045478.jpg
168131.jpg;181290.jpg;087863.jpg
036268.jpg;000033.jpg;145561.jpg
059142.jpg;068932.jpg;199107.jpg
029028.jpg;158178.jpg;167992.jpg
146494.jpg;075408.jpg;166291.jpg
010693.jpg;002784.jpg;134245.jpg
140447.jpg;067058.jpg;045167.jpg
053295.jpg;121270.jpg;070631.jpg
093152.jpg;017969.jpg;006756.jpg
187719.jpg;185651.jpg;137175.jpg
024525.jpg;155011.jpg;013564.jpg
030236.jpg;003193.jpg;175194.jpg
113964.jpg;085015.jpg;035733.jpg
050626.jpg;114249.jpg;038980.jpg
060049.jpg;003134.jpg;194538.jpg
074655.jpg;055389.jpg;160544.jpg
143762.jpg;064650.jpg;078801.jpg
108119.jpg;060288.jpg;176460.jpg
171943.jpg;175637.jpg;061976.jpg
188917.jpg;187126.jpg;152620.jpg
067028.jpg;156508.jpg;100133.jpg
100731.jpg;016183.jpg;023831.jpg
131568.jpg;044534.jpg;063124.jpg
049734.jpg;111614.jpg;185164.jpg
196597.jpg;196065.jpg;139731.jpg
082946.jpg;023565.jpg;161312.jpg
185192.jpg;184509.jpg;122903.jpg
016396.jpg;023612.jpg;138442.jpg
080444.jpg;124636.jpg;038251.jpg
027511.jpg;059112.jpg;148318.jpg
019253.jpg;049994.jpg;105163.jpg
179976.jpg;174758.jpg;107686.jpg
080979.jpg;007680.jpg;057144.jpg
103319.jpg;019485.jpg;063878.jpg
124211.jpg;130147.jpg;121400.jpg
126455.jpg;056148.jpg;057901.jpg
068355.jpg;002864.jpg;012003.jpg
119555.jpg;123886.jpg;079559.jpg
087652.jpg;048159.jpg;094173.jpg
065477.jpg;022565.jpg;024347.jpg
198083.jpg;192941.jpg;172108.jpg
119577.jpg;015095.jpg;074802.jpg
172573.jpg;181542.jpg;116089.jpg
140076.jpg;142820.jpg;140922.jpg
186008.jpg;195007.jpg;181518.jpg
144930.jpg;128098.jpg;048702.jpg
124097.jpg;097317.jpg;120824.jpg
002309.jpg;089199.jpg;166517.jpg
021983.jpg;087069.jpg;050727.jpg
073027.jpg;006645.jpg;042090.jpg
068218.jpg;027076.jpg;091718.jpg
198915.jpg;189306.jpg;059355.jpg
075577.jpg;040742.jpg;072990.jpg
152521.jpg;000583.jpg;026259.jpg
009030.jpg;103765.jpg;113873.jpg
011923.jpg;035003.jpg;049292.jpg
010730.jpg;020548.jpg;131765.jpg
187148.jpg;184727.jpg;135983.jpg
138487.jpg;076759.jpg;121321.jpg
013604.jpg;083518.jpg;125534.jpg
144899.jpg;087245.jpg;044503.jpg
078823.jpg;066368.jpg;179777.jpg
178200.jpg;173292.jpg;195616.jpg
191266.jpg;195586.jpg;059596.jpg
173623.jpg;167749.jpg;061882.jpg
087503.jpg;068169.jpg;133088.jpg
136757.jpg;119784.jpg;174137.jpg
007374.jpg;041143.jpg;012336.jpg
002104.jpg;026947.jpg;118616.jpg
182238.jpg;176274.jpg;168000.jpg
147921.jpg;122848.jpg;177463.jpg
119570.jpg;047828.jpg;109728.jpg
131717.jpg;020149.jpg;051027.jpg
044661.jpg;084768.jpg;100070.jpg
021060.jpg;007476.jpg;112643.jpg
044505.jpg;144493.jpg;070026.jpg
083099.jpg;019988.jpg;062540.jpg
169239.jpg;171644.jpg;127652.jpg
102201.jpg;010462.jpg;149085.jpg
140405.jpg;033405.jpg;102109.jpg
027261.jpg;105948.jpg;077461.jpg
024067.jpg;018519.jpg;189993.jpg
094299.jpg;020087.jpg;147367.jpg
149835.jpg;128981.jpg;110594.jpg
117735.jpg;101863.jpg;152859.jpg
002663.jpg;126489.jpg;160134.jpg
054786.jpg;097536.jpg;103735.jpg
132881.jpg;113715.jpg;179795.jpg
049859.jpg;127405.jpg;162299.jpg
168554.jpg;179955.jpg;145751.jpg
201916.jpg;185757.jpg;061304.jpg
139269.jpg;119333.jpg;053195.jpg
064554.jpg;103201.jpg;032340.jpg
148261.jpg;131922.jpg;100993.jpg
001171.jpg;098284.jpg;165153.jpg
058240.jpg;153328.jpg;021927.jpg
131821.jpg;121643.jpg;100212.jpg
160685.jpg;095063.jpg;175936.jpg
063583.jpg;147904.jpg;082699.jpg
049827.jpg;039171.jpg;014657.jpg
022586.jpg;103814.jpg;166275.jpg
051344.jpg;127553.jpg;016947.jpg
151878.jpg;084237.jpg;181721.jpg
162587.jpg;042321.jpg;092736.jpg
092450.jpg;162048.jpg;023481.jpg
053890.jpg;090284.jpg;041126.jpg
074526.jpg;160535.jpg;049630.jpg
051164.jpg;098639.jpg;056697.jpg
056102.jpg;104883.jpg;182958.jpg
063728.jpg;059530.jpg;103280.jpg
093050.jpg;045823.jpg;095191.jpg
201333.jpg;191793.jpg;064774.jpg
024395.jpg;088262.jpg;141999.jpg
085091.jpg;032852.jpg;035343.jpg
139046.jpg;139089.jpg;130943.jpg
046568.jpg;044150.jpg;044151.jpg
061984.jpg;060649.jpg;015695.jpg
187034.jpg;187323.jpg;059630.jpg
112051.jpg;153945.jpg;136660.jpg
076418.jpg;092050.jpg;129311.jpg
092493.jpg;075702.jpg;135832.jpg
026458.jpg;010038.jpg;133887.jpg
059279.jpg;050738.jpg;000106.jpg
010624.jpg;121032.jpg;073843.jpg
171692.jpg;164075.jpg;107821.jpg
131184.jpg;122106.jpg;154867.jpg
036394.jpg;111280.jpg;168631.jpg
085831.jpg;062807.jpg;013983.jpg
041486.jpg;127709.jpg;194308.jpg
146687.jpg;121038.jpg;183771.jpg
055798.jpg;066099.jpg;120003.jpg
001399.jpg;028036.jpg;181781.jpg
061206.jpg;112341.jpg;057731.jpg
023168.jpg;045747.jpg;090028.jpg
083918.jpg;119039.jpg;143627.jpg
000869.jpg;055208.jpg;048372.jpg
034613.jpg;074382.jpg;016987.jpg
059965.jpg;084444.jpg;071081.jpg
176821.jpg;164972.jpg;155406.jpg
108040.jpg;073866.jpg;176450.jpg
034434.jpg;038142.jpg;142176.jpg
087192.jpg;137305.jpg;194489.jpg
103830.jpg;060817.jpg;120357.jpg
155481.jpg;066699.jpg;179791.jpg
148869.jpg;043735.jpg;031213.jpg
193093.jpg;200977.jpg;146558.jpg
051162.jpg;108998.jpg;193587.jpg
158051.jpg;086438.jpg;127939.jpg
020306.jpg;150918.jpg;149699.jpg
043212.jpg;047658.jpg;081758.jpg
114297.jpg;055396.jpg;019064.jpg
064018.jpg;064885.jpg;019109.jpg
140957.jpg;161668.jpg;115428.jpg
034475.jpg;057883.jpg;078767.jpg
178269.jpg;171133.jpg;067384.jpg
176792.jpg;170852.jpg;082939.jpg
199385.jpg;193121.jpg;064098.jpg
078269.jpg;074411.jpg;033331.jpg
039120.jpg;050817.jpg;046491.jpg
050600.jpg;011954.jpg;055026.jpg
038739.jpg;109971.jpg;052222.jpg
139579.jpg;120225.jpg;101859.jpg
201348.jpg;196845.jpg;050243.jpg
094332.jpg;114528.jpg;077336.jpg
097621.jpg;118014.jpg;176355.jpg
148357.jpg;052854.jpg;005358.jpg
132797.jpg;019710.jpg;004161.jpg
119158.jpg;059261.jpg;096973.jpg
194015.jpg;198874.jpg;029643.jpg
005040.jpg;070058.jpg;088057.jpg
161869.jpg;053956.jpg;126123.jpg
094159.jpg;151294.jpg;005658.jpg
156923.jpg;156437.jpg;168175.jpg
076728.jpg;002372.jpg;057742.jpg
067832.jpg;110321.jpg;186352.jpg
092465.jpg;065216.jpg;022890.jpg
139659.jpg;010446.jpg;201342.jpg
158889.jpg;021740.jpg;133097.jpg
073244.jpg;054494.jpg;136114.jpg
175115.jpg;169450.jpg;091851.jpg
113361.jpg;023199.jpg;036310.jpg
052060.jpg;115466.jpg;011046.jpg
128917.jpg;008304.jpg;069568.jpg
045809.jpg;036957.jpg;148680.jpg
012892.jpg;144691.jpg;133636.jpg
102189.jpg;074043.jpg;046220.jpg
039095.jpg;031547.jpg;069913.jpg
006260.jpg;051261.jpg;120116.jpg
140049.jpg;153460.jpg;115296.jpg
138476.jpg;081800.jpg;179029.jpg
188287.jpg;197142.jpg;189036.jpg
202352.jpg;198161.jpg;163032.jpg
134369.jpg;057360.jpg;091941.jpg
055002.jpg;106739.jpg;042047.jpg
158662.jpg;022713.jpg;022931.jpg
010670.jpg;154928.jpg;132528.jpg
037189.jpg;025580.jpg;165146.jpg
181138.jpg;174458.jpg;012908.jpg
182996.jpg;197700.jpg;036437.jpg
114446.jpg;128036.jpg;197066.jpg
168228.jpg;178582.jpg;079927.jpg
004194.jpg;081059.jpg;130739.jpg
108535.jpg;082499.jpg;194362.jpg
028315.jpg;131520.jpg;180422.jpg
068572.jpg;082659.jpg;093618.jpg
167677.jpg;181314.jpg;074392.jpg
147557.jpg;022651.jpg;063868.jpg
197992.jpg;193614.jpg;079758.jpg
006349.jpg;015511.jpg;132770.jpg
043578.jpg;027710.jpg;099826.jpg
049624.jpg;069164.jpg;036779.jpg
093427.jpg;087869.jpg;155923.jpg
176597.jpg;171000.jpg;179009.jpg
053903.jpg;045111.jpg;133624.jpg
078144.jpg;085020.jpg;079443.jpg
077394.jpg;027942.jpg;151197.jpg
005643.jpg;138368.jpg;191647.jpg
055448.jpg;020336.jpg;101614.jpg
049725.jpg;112085.jpg;179245.jpg
142856.jpg;146324.jpg;135686.jpg
091530.jpg;026579.jpg;096048.jpg
148203.jpg;075640.jpg;008996.jpg
001672.jpg;076394.jpg;181634.jpg
028425.jpg;112089.jpg;116645.jpg
177664.jpg;163852.jpg;182551.jpg
104376.jpg;125761.jpg;064036.jpg
067571.jpg;158300.jpg;001518.jpg
068216.jpg;022627.jpg;065159.jpg
146997.jpg;132177.jpg;129455.jpg
128074.jpg;034212.jpg;189293.jpg
144329.jpg;092779.jpg;041978.jpg
024244.jpg;074033.jpg;200249.jpg
181830.jpg;175259.jpg;078761.jpg
051444.jpg;041924.jpg;064720.jpg
186918.jpg;189745.jpg;193759.jpg
061570.jpg;156456.jpg;054475.jpg
031240.jpg;117481.jpg;161138.jpg
191867.jpg;193551.jpg;051120.jpg
093025.jpg;017301.jpg;196175.jpg
002797.jpg;073646.jpg;020857.jpg
170284.jpg;171493.jpg;081069.jpg
177613.jpg;172365.jpg;174814.jpg
170975.jpg;168469.jpg;040563.jpg
168978.jpg;170825.jpg;190712.jpg
020682.jpg;106070.jpg;155469.jpg
093158.jpg;100312.jpg;007831.jpg
157527.jpg;155052.jpg;139621.jpg
154099.jpg;088859.jpg;072973.jpg
135071.jpg;084968.jpg;082614.jpg
003611.jpg;046385.jpg;006915.jpg
157609.jpg;059415.jpg;172482.jpg
076483.jpg;019693.jpg;037906.jpg
201919.jpg;195802.jpg;148211.jpg
051230.jpg;096584.jpg;125002.jpg
181413.jpg;181037.jpg;178663.jpg
138554.jpg;120664.jpg;080798.jpg
128553.jpg;135166.jpg;050300.jpg
062882.jpg;143752.jpg;178719.jpg
178527.jpg;178087.jpg;045037.jpg
175861.jpg;167968.jpg;188373.jpg
006700.jpg;158370.jpg;052682.jpg
005771.jpg;111535.jpg;086546.jpg
200183.jpg;199936.jpg;128965.jpg
005134.jpg;086447.jpg;046232.jpg
123606.jpg;062258.jpg;172355.jpg
023520.jpg;011184.jpg;078311.jpg
158434.jpg;016931.jpg;055439.jpg
069528.jpg;084088.jpg;026090.jpg
023661.jpg;047505.jpg;174674.jpg
197476.jpg;201983.jpg;059039.jpg
100070.jpg;109935.jpg;115612.jpg
154834.jpg;008225.jpg;087314.jpg
123098.jpg;157368.jpg;008430.jpg
049879.jpg;004378.jpg;182765.jpg
049767.jpg;085866.jpg;000601.jpg
108836.jpg;106400.jpg;089663.jpg
018034.jpg;143802.jpg;096639.jpg
000547.jpg;142109.jpg;176820.jpg
111474.jpg;118843.jpg;152915.jpg
158393.jpg;088123.jpg;048932.jpg
081580.jpg;103415.jpg;054303.jpg
189674.jpg;186370.jpg;014982.jpg
179853.jpg;175381.jpg;017442.jpg
193568.jpg;186297.jpg;077193.jpg
063389.jpg;022441.jpg;195820.jpg
050187.jpg;059256.jpg;177466.jpg
188682.jpg;194688.jpg;111942.jpg
046753.jpg;120971.jpg;147330.jpg
154286.jpg;141539.jpg;072914.jpg
098293.jpg;102088.jpg;002899.jpg
077340.jpg;049085.jpg;031685.jpg
090221.jpg;131745.jpg;029832.jpg
145127.jpg;039163.jpg;050912.jpg
079473.jpg;095926.jpg;003596.jpg
159066.jpg;149850.jpg;167140.jpg
193445.jpg;184904.jpg;082646.jpg
162887.jpg;179492.jpg;064320.jpg
145782.jpg;072285.jpg;180216.jpg
135962.jpg;116454.jpg;172121.jpg
066619.jpg;031013.jpg;139952.jpg
112703.jpg;019290.jpg;076549.jpg
195119.jpg;188825.jpg;121418.jpg
141044.jpg;133892.jpg;123106.jpg
197581.jpg;198169.jpg;155751.jpg
066671.jpg;137537.jpg;122842.jpg
069269.jpg;020274.jpg;037892.jpg
200478.jpg;183316.jpg;192225.jpg
110438.jpg;024844.jpg;005986.jpg
043612.jpg;117210.jpg;126500.jpg
158522.jpg;070214.jpg;008751.jpg
111561.jpg;008272.jpg;162809.jpg
101101.jpg;044241.jpg;106326.jpg
153395.jpg;011823.jpg;049884.jpg
145967.jpg;039617.jpg;031934.jpg
040985.jpg;137286.jpg;119639.jpg
127670.jpg;029455.jpg;006333.jpg
057972.jpg;047947.jpg;156320.jpg
156671.jpg;081994.jpg;198961.jpg
126440.jpg;091229.jpg;066087.jpg
156031.jpg;036457.jpg;007256.jpg
194076.jpg;191274.jpg;043587.jpg
076660.jpg;024993.jpg;078929.jpg
200762.jpg;195018.jpg;041720.jpg
108121.jpg;154941.jpg;165083.jpg
167186.jpg;179978.jpg;202345.jpg
089647.jpg;055908.jpg;004379.jpg
171968.jpg;166549.jpg;067462.jpg
077280.jpg;038989.jpg;012136.jpg
044984.jpg;101418.jpg;153917.jpg
114961.jpg;001232.jpg;111519.jpg
019332.jpg;078755.jpg;147455.jpg
069256.jpg;053983.jpg;201601.jpg
186272.jpg;183516.jpg;058132.jpg
009930.jpg;078904.jpg;095768.jpg
168986.jpg;170051.jpg;030483.jpg
162021.jpg;084869.jpg;091284.jpg
065549.jpg;113521.jpg;113020.jpg
049537.jpg;062611.jpg;025837.jpg
144075.jpg;099914.jpg;185040.jpg
073876.jpg;135636.jpg;012023.jpg
195545.jpg;198595.jpg;008152.jpg
080290.jpg;109260.jpg;043453.jpg
185004.jpg;190246.jpg;202440.jpg
103138.jpg;145643.jpg;128391.jpg
099881.jpg;022591.jpg;128113.jpg
098186.jpg;138120.jpg;039668.jpg
028639.jpg;083990.jpg;197169.jpg
111319.jpg;079301.jpg;047577.jpg
092642.jpg;059872.jpg;005249.jpg
175037.jpg;173721.jpg;081241.jpg
196393.jpg;185079.jpg;082922.jpg
152215.jpg;089968.jpg;064773.jpg
026388.jpg;150860.jpg;095760.jpg
013800.jpg;042287.jpg;012264.jpg
152834.jpg;067653.jpg;108337.jpg
084696.jpg;074241.jpg;027397.jpg
022429.jpg;037173.jpg;125091.jpg
179641.jpg;180570.jpg;015327.jpg
091006.jpg;046616.jpg;129772.jpg
162619.jpg;090984.jpg;155646.jpg
080136.jpg;155399.jpg;176549.jpg
000254.jpg;026399.jpg;012603.jpg
158161.jpg;057709.jpg;020231.jpg
164468.jpg;176545.jpg;128127.jpg
140188.jpg;062385.jpg;037394.jpg
156943.jpg;052954.jpg;079631.jpg
135792.jpg;145141.jpg;034428.jpg
079265.jpg;072375.jpg;086461.jpg
157518.jpg;100464.jpg;097341.jpg
185070.jpg;191143.jpg;196594.jpg
029600.jpg;137676.jpg;171696.jpg
129368.jpg;057353.jpg;141644.jpg
024178.jpg;084527.jpg;126634.jpg
126430.jpg;079851.jpg;040919.jpg
090731.jpg;038902.jpg;194001.jpg
102616.jpg;073974.jpg;094181.jpg
096885.jpg;037943.jpg;006342.jpg
192184.jpg;184843.jpg;183157.jpg
149782.jpg;021868.jpg;048438.jpg
096881.jpg;000813.jpg;194410.jpg
011249.jpg;022006.jpg;196509.jpg
115544.jpg;084848.jpg;015394.jpg
113154.jpg;145396.jpg;002590.jpg
148374.jpg;160331.jpg;078886.jpg
032300.jpg;151660.jpg;004320.jpg
121876.jpg;133039.jpg;002182.jpg
020466.jpg;143557.jpg;165991.jpg
035833.jpg;046150.jpg;020821.jpg
008730.jpg;151560.jpg;030114.jpg
115019.jpg;030717.jpg;171321.jpg
073380.jpg;114430.jpg;023448.jpg
179708.jpg;168605.jpg;159836.jpg
121368.jpg;011257.jpg;138412.jpg
053217.jpg;035642.jpg;035827.jpg
015327.jpg;015902.jpg;167117.jpg
075623.jpg;161417.jpg;132604.jpg
137483.jpg;023426.jpg;171360.jpg
146252.jpg;043318.jpg;031017.jpg
024618.jpg;092807.jpg;084090.jpg
128984.jpg;029032.jpg;070847.jpg
090909.jpg;092639.jpg;194344.jpg
148205.jpg;065969.jpg;011190.jpg
200331.jpg;183851.jpg;026963.jpg
091917.jpg;160586.jpg;159900.jpg
002792.jpg;105511.jpg;005512.jpg
037482.jpg;107957.jpg;101567.jpg
000450.jpg;062812.jpg;101649.jpg
148679.jpg;149689.jpg;159537.jpg
084948.jpg;004434.jpg;019922.jpg
014789.jpg;056817.jpg;078629.jpg
074046.jpg;086032.jpg;085300.jpg
102811.jpg;105260.jpg;141847.jpg
076295.jpg;132484.jpg;182495.jpg
163069.jpg;182096.jpg;198194.jpg
094758.jpg;159529.jpg;057916.jpg
040091.jpg;143104.jpg;144513.jpg
068776.jpg;007221.jpg;037601.jpg
103663.jpg;123154.jpg;039499.jpg
136753.jpg;075516.jpg;107579.jpg
162708.jpg;124952.jpg;129397.jpg
040693.jpg;024011.jpg;109157.jpg
186886.jpg;202055.jpg;015238.jpg
081567.jpg;021447.jpg;070166.jpg
093204.jpg;041905.jpg;146484.jpg
017515.jpg;012060.jpg;069310.jpg
193349.jpg;200827.jpg;046372.jpg
007229.jpg;037171.jpg;063178.jpg
154830.jpg;056726.jpg;158270.jpg
202317.jpg;195686.jpg;159352.jpg
047962.jpg;045698.jpg;015380.jpg
100037.jpg;095251.jpg;098804.jpg
091689.jpg;099855.jpg;094015.jpg
098408.jpg;035810.jpg;115823.jpg
008020.jpg;126679.jpg;198566.jpg
125504.jpg;034764.jpg;033068.jpg
031812.jpg;001584.jpg;006978.jpg
133525.jpg;032261.jpg;121847.jpg
184205.jpg;190121.jpg;019459.jpg
068448.jpg;152150.jpg;051539.jpg
073712.jpg;075642.jpg;015359.jpg
087705.jpg;004118.jpg;116815.jpg
144113.jpg;057838.jpg;053813.jpg
003887.jpg;146476.jpg;169241.jpg
115063.jpg;142773.jpg;036018.jpg
156332.jpg;035516.jpg;037534.jpg
013582.jpg;155551.jpg;068686.jpg
159224.jpg;010397.jpg;139789.jpg
048186.jpg;143488.jpg;190758.jpg
041625.jpg;000175.jpg;043406.jpg
150256.jpg;087425.jpg;176449.jpg
009380.jpg;027928.jpg;110349.jpg
088870.jpg;083735.jpg;167294.jpg
150889.jpg;007631.jpg;080400.jpg
021890.jpg;030368.jpg;081067.jpg
060250.jpg;129797.jpg;070707.jpg
171759.jpg;178201.jpg;175114.jpg
167561.jpg;173875.jpg;114935.jpg
101931.jpg;123469.jpg;171679.jpg
027288.jpg;031603.jpg;198858.jpg
102342.jpg;122738.jpg;081666.jpg
073464.jpg;137211.jpg;097136.jpg
102032.jpg;149509.jpg;057672.jpg
107953.jpg;043939.jpg;194771.jpg
167169.jpg;166276.jpg;066815.jpg
080707.jpg;153131.jpg;150193.jpg
103360.jpg;109712.jpg;097111.jpg
036880.jpg;160352.jpg;117249.jpg
065799.jpg;020115.jpg;078567.jpg
014847.jpg;148796.jpg;018843.jpg
117742.jpg;110839.jpg;061223.jpg
030880.jpg;004409.jpg;126547.jpg
144664.jpg;101166.jpg;124599.jpg
094529.jpg;130965.jpg;061446.jpg
035228.jpg;006717.jpg;027489.jpg
108467.jpg;052259.jpg;104870.jpg
037628.jpg;081476.jpg;090372.jpg
178308.jpg;169052.jpg;011751.jpg
017304.jpg;011971.jpg;116437.jpg
157621.jpg;117645.jpg;013729.jpg
170323.jpg;172609.jpg;090762.jpg
202326.jpg;198579.jpg;136709.jpg
171747.jpg;178747.jpg;146363.jpg
126493.jpg;155744.jpg;015454.jpg
184472.jpg;201915.jpg;105343.jpg
105845.jpg;111282.jpg;016333.jpg
019013.jpg;007646.jpg;157745.jpg
116557.jpg;103267.jpg;086028.jpg
026919.jpg;010236.jpg;059442.jpg
087510.jpg;004640.jpg;167080.jpg
104183.jpg;011571.jpg;052872.jpg
187669.jpg;200641.jpg;053981.jpg
001418.jpg;124289.jpg;032967.jpg
172902.jpg;182218.jpg;108310.jpg
119391.jpg;074075.jpg;102596.jpg
188883.jpg;188093.jpg;152360.jpg
063292.jpg;158773.jpg;057085.jpg
005660.jpg;156718.jpg;121388.jpg
093701.jpg;079190.jpg;191229.jpg
046098.jpg;138814.jpg;047357.jpg
027884.jpg;014700.jpg;132316.jpg
066203.jpg;016346.jpg;047215.jpg
070140.jpg;076833.jpg;058507.jpg
120621.jpg;062766.jpg;048038.jpg
186245.jpg;193993.jpg;177699.jpg
027154.jpg;135409.jpg;103326.jpg
030771.jpg;123545.jpg;115508.jpg
005646.jpg;010651.jpg;087705.jpg
176696.jpg;168525.jpg;144576.jpg
115269.jpg;097513.jpg;183571.jpg
010945.jpg;155816.jpg;155542.jpg
030975.jpg;149805.jpg;045371.jpg
140324.jpg;082714.jpg;177879.jpg
147950.jpg;024797.jpg;054351.jpg
193258.jpg;194185.jpg;175227.jpg
137692.jpg;085210.jpg;027898.jpg
120774.jpg;144111.jpg;103482.jpg
083532.jpg;021983.jpg;013571.jpg
073869.jpg;136420.jpg;175767.jpg
000441.jpg;004490.jpg;102541.jpg
066875.jpg;066817.jpg;127079.jpg
140385.jpg;157540.jpg;197375.jpg
029868.jpg;139125.jpg;128706.jpg
118677.jpg;059377.jpg;193542.jpg
143874.jpg;089628.jpg;050245.jpg
173091.jpg;175686.jpg;174949.jpg
188606.jpg;187499.jpg;086118.jpg
155095.jpg;151414.jpg;190844.jpg
010391.jpg;057651.jpg;196447.jpg
010435.jpg;097825.jpg;044073.jpg
100442.jpg;161944.jpg;047251.jpg
111221.jpg;153196.jpg;080896.jpg
050654.jpg;093581.jpg;047974.jpg
171919.jpg;164442.jpg;011564.jpg
073787.jpg;121433.jpg;044331.jpg
003203.jpg;143317.jpg;062058.jpg
080216.jpg;087611.jpg;199590.jpg
011724.jpg;040794.jpg;038940.jpg
197495.jpg;191182.jpg;141340.jpg
127028.jpg;067240.jpg;096558.jpg
051424.jpg;024507.jpg;157775.jpg
180963.jpg;178021.jpg;020819.jpg
094014.jpg;144652.jpg;166328.jpg
093183.jpg;005000.jpg;197274.jpg
043862.jpg;101852.jpg;019141.jpg
013791.jpg;017431.jpg;050820.jpg
098223.jpg;111200.jpg;172764.jpg
012971.jpg;144528.jpg;062173.jpg
129137.jpg;035280.jpg;193057.jpg
137606.jpg;067680.jpg;173415.jpg
168121.jpg;167611.jpg;159017.jpg
133016.jpg;081783.jpg;177580.jpg
053696.jpg;160547.jpg;128204.jpg
150878.jpg;073834.jpg;000190.jpg
202087.jpg;196107.jpg;081828.jpg
177713.jpg;179263.jpg;017517.jpg
061991.jpg;154442.jpg;107842.jpg
200989.jpg;191309.jpg;119693.jpg
122013.jpg;049628.jpg;192400.jpg
052604.jpg;028101.jpg;190816.jpg
096157.jpg;141472.jpg;147869.jpg
113980.jpg;155375.jpg;003278.jpg
088029.jpg;139161.jpg;062193.jpg
070816.jpg;060338.jpg;028615.jpg
106043.jpg;017659.jpg;084048.jpg
067106.jpg;028929.jpg;001169.jpg
166837.jpg;177864.jpg;124747.jpg
165208.jpg;179537.jpg;079765.jpg
055357.jpg;007732.jpg;086816.jpg
059884.jpg;051621.jpg;111122.jpg
105785.jpg;126439.jpg;179552.jpg
184274.jpg;193421.jpg;051007.jpg
086361.jpg;005406.jpg;075663.jpg
073001.jpg;050842.jpg;025976.jpg
142986.jpg;029847.jpg;026080.jpg
148760.jpg;096420.jpg;088912.jpg
126831.jpg;151339.jpg;184732.jpg
072570.jpg;027142.jpg;098718.jpg
011551.jpg;134404.jpg;059754.jpg
141479.jpg;111695.jpg;006114.jpg
091861.jpg;039874.jpg;137550.jpg
194488.jpg;185455.jpg;008938.jpg
158589.jpg;089783.jpg;027443.jpg
003534.jpg;070821.jpg;058374.jpg
113096.jpg;124749.jpg;022891.jpg
183692.jpg;189156.jpg;105854.jpg
135860.jpg;042872.jpg;164891.jpg
113088.jpg;009788.jpg;168455.jpg
124255.jpg;069816.jpg;080140.jpg
060895.jpg;112149.jpg;199033.jpg
062570.jpg;019663.jpg;104838.jpg
162375.jpg;006763.jpg;105871.jpg
121306.jpg;006655.jpg;123597.jpg
073590.jpg;147890.jpg;138965.jpg
177926.jpg;174898.jpg;179026.jpg
121844.jpg;081975.jpg;026164.jpg
037098.jpg;076783.jpg;009675.jpg
056718.jpg;149320.jpg;133814.jpg
034512.jpg;156068.jpg;005589.jpg
076273.jpg;100991.jpg;025867.jpg
121001.jpg;000532.jpg;024095.jpg
106416.jpg;000629.jpg;128228.jpg
188166.jpg;193512.jpg;034455.jpg
086721.jpg;056771.jpg;083910.jpg
199809.jpg;184726.jpg;127224.jpg
116720.jpg;067994.jpg;149459.jpg
034208.jpg;022598.jpg;098635.jpg
012384.jpg;093205.jpg;180961.jpg
093691.jpg;006532.jpg;097026.jpg
087654.jpg;083337.jpg;149220.jpg
060344.jpg;035060.jpg;155762.jpg
069702.jpg;162054.jpg;067447.jpg
070220.jpg;089033.jpg;009374.jpg
144076.jpg;001796.jpg;062067.jpg
095882.jpg;056627.jpg;077404.jpg
176817.jpg;173313.jpg;098388.jpg
033042.jpg;000022.jpg;012761.jpg
013687.jpg;144306.jpg;147357.jpg
173457.jpg;172183.jpg;046707.jpg
118620.jpg;064724.jpg;131814.jpg
039024.jpg;085275.jpg;067510.jpg
128054.jpg;030519.jpg;020764.jpg
025951.jpg;022832.jpg;123506.jpg
068968.jpg;031156.jpg;185113.jpg
033750.jpg;030723.jpg;180489.jpg
041378.jpg;162671.jpg;059365.jpg
025981.jpg;005556.jpg;056216.jpg
021796.jpg;026618.jpg;126881.jpg
082891.jpg;072596.jpg;020919.jpg
036096.jpg;101662.jpg;080899.jpg
051763.jpg;087466.jpg;187210.jpg
137396.jpg;105738.jpg;157288.jpg
198521.jpg;199193.jpg;167876.jpg
096497.jpg;095105.jpg;073888.jpg
083750.jpg;048101.jpg;032934.jpg
157471.jpg;001329.jpg;180372.jpg
201381.jpg;192908.jpg;128890.jpg
109199.jpg;082745.jpg;185828.jpg
198664.jpg;198124.jpg;129463.jpg
041036.jpg;082802.jpg;013676.jpg
105117.jpg;121056.jpg;002330.jpg
017625.jpg;007030.jpg;195387.jpg
065396.jpg;033744.jpg;149741.jpg
136585.jpg;077090.jpg;130467.jpg
143764.jpg;139530.jpg;065463.jpg
068856.jpg;143592.jpg;152159.jpg
019000.jpg;094103.jpg;025432.jpg
001231.jpg;157609.jpg;131474.jpg
031137.jpg;134570.jpg;058092.jpg
054992.jpg;026777.jpg;150680.jpg
114886.jpg;133478.jpg;062728.jpg
112016.jpg;157561.jpg;189687.jpg
136169.jpg;161781.jpg;186769.jpg
122585.jpg;133163.jpg;128828.jpg
002775.jpg;011003.jpg;064888.jpg
198877.jpg;184170.jpg;155874.jpg
032632.jpg;019732.jpg;200806.jpg
063453.jpg;024594.jpg;175625.jpg
094066.jpg;104049.jpg;175350.jpg
059243.jpg;026035.jpg;137320.jpg
022565.jpg;124671.jpg;122087.jpg
149315.jpg;082988.jpg;144236.jpg
057215.jpg;007463.jpg;018377.jpg
199162.jpg;198847.jpg;115846.jpg
182838.jpg;198997.jpg;025135.jpg
140584.jpg;157641.jpg;111880.jpg
046862.jpg;023987.jpg;177658.jpg
068032.jpg;125264.jpg;033272.jpg
035786.jpg;036242.jpg;021338.jpg
097081.jpg;004405.jpg;124306.jpg
057197.jpg;025512.jpg;027635.jpg
196654.jpg;196243.jpg;089416.jpg
193157.jpg;189664.jpg;093059.jpg
151166.jpg;068977.jpg;041479.jpg
050292.jpg;028990.jpg;069547.jpg
030285.jpg;141420.jpg;193295.jpg
076122.jpg;120653.jpg;073350.jpg
010836.jpg;100293.jpg;063141.jpg
099017.jpg;013182.jpg;081811.jpg
090262.jpg;026195.jpg;076527.jpg
094945.jpg;068112.jpg;142623.jpg
121012.jpg;036545.jpg;025551.jpg
158928.jpg;041104.jpg;007712.jpg
123155.jpg;124158.jpg;006718.jpg
090450.jpg;051949.jpg;093212.jpg
005589.jpg;108937.jpg;166926.jpg
012471.jpg;099312.jpg;059107.jpg
008818.jpg;160595.jpg;059611.jpg
192661.jpg;183307.jpg;185886.jpg
065650.jpg;052137.jpg;174212.jpg
107627.jpg;026277.jpg;065638.jpg
149490.jpg;053161.jpg;078565.jpg
127830.jpg;009718.jpg;130378.jpg
029461.jpg;126259.jpg;125102.jpg
190464.jpg;199699.jpg;117760.jpg
148523.jpg;090663.jpg;112168.jpg
112355.jpg;140607.jpg;039738.jpg
005888.jpg;105867.jpg;008858.jpg
028691.jpg;138508.jpg;190592.jpg
095429.jpg;023565.jpg;150382.jpg
148823.jpg;024542.jpg;052345.jpg
012531.jpg;012713.jpg;105398.jpg
094110.jpg;096397.jpg;045142.jpg
151642.jpg;126372.jpg;112541.jpg
168175.jpg;178081.jpg;156504.jpg
114244.jpg;029724.jpg;171151.jpg
009860.jpg;080872.jpg;107826.jpg
043569.jpg;019532.jpg;127956.jpg
133396.jpg;060651.jpg;165178.jpg
069374.jpg;039332.jpg;115428.jpg
070097.jpg;116920.jpg;103319.jpg
048639.jpg;124543.jpg;057994.jpg
029158.jpg;155122.jpg;158742.jpg
063278.jpg;151691.jpg;097481.jpg
144486.jpg;114848.jpg;046743.jpg
097916.jpg;071773.jpg;119146.jpg
076050.jpg;128281.jpg;029026.jpg
031716.jpg;065598.jpg;038049.jpg
184197.jpg;186971.jpg;192267.jpg
191654.jpg;183104.jpg;090685.jpg
037795.jpg;004487.jpg;162180.jpg
056960.jpg;161045.jpg;040449.jpg
153112.jpg;082457.jpg;132497.jpg
107384.jpg;124555.jpg;134745.jpg
016005.jpg;142092.jpg;003633.jpg
128601.jpg;029858.jpg;179044.jpg
177796.jpg;181771.jpg;018662.jpg
097661.jpg;073934.jpg;146119.jpg
104478.jpg;001662.jpg;081076.jpg
004042.jpg;142621.jpg;113521.jpg
144207.jpg;060581.jpg;086062.jpg
044578.jpg;119017.jpg;106117.jpg
045728.jpg;092813.jpg;049152.jpg
154345.jpg;001172.jpg;123014.jpg
160579.jpg;058120.jpg;080947.jpg
050842.jpg;067162.jpg;052385.jpg
114727.jpg;139745.jpg;126084.jpg
045076.jpg;103478.jpg;149172.jpg
039268.jpg;001936.jpg;053629.jpg
063149.jpg;140400.jpg;164665.jpg
139118.jpg;088859.jpg;170866.jpg
133136.jpg;108084.jpg;165435.jpg
059040.jpg;162330.jpg;037628.jpg
009805.jpg;153068.jpg;162152.jpg
065490.jpg;043756.jpg;166696.jpg
026973.jpg;093561.jpg;041326.jpg
089345.jpg;004927.jpg;121189.jpg
012031.jpg;134501.jpg;011478.jpg
035517.jpg;128301.jpg;022716.jpg
116415.jpg;040459.jpg;128162.jpg
113706.jpg;097009.jpg;020894.jpg
176855.jpg;170795.jpg;013051.jpg
026628.jpg;022303.jpg;137598.jpg
162525.jpg;088980.jpg;063235.jpg
112862.jpg;079959.jpg;182314.jpg
041646.jpg;021197.jpg;097898.jpg
025580.jpg;005606.jpg;107622.jpg
144880.jpg;121971.jpg;157517.jpg
192643.jpg;188723.jpg;070417.jpg
111010.jpg;032673.jpg;161249.jpg
043243.jpg;113433.jpg;200958.jpg
194351.jpg;188347.jpg;076294.jpg
131235.jpg;122976.jpg;107076.jpg
149446.jpg;118653.jpg;085837.jpg
036537.jpg;020134.jpg;066983.jpg
113034.jpg;121636.jpg;033928.jpg
181946.jpg;173713.jpg;077860.jpg
118519.jpg;077384.jpg;114546.jpg
175935.jpg;179394.jpg;040690.jpg
187887.jpg;199245.jpg;134906.jpg
017107.jpg;000560.jpg;073065.jpg
171246.jpg;175458.jpg;178736.jpg
096597.jpg;093077.jpg;060636.jpg
193770.jpg;184926.jpg;122505.jpg
184699.jpg;200544.jpg;153647.jpg
183153.jpg;199684.jpg;194424.jpg
044790.jpg;015100.jpg;050684.jpg
178400.jpg;168453.jpg;189270.jpg
180781.jpg;177235.jpg;191593.jpg
017534.jpg;155292.jpg;166036.jpg
060827.jpg;036968.jpg;037105.jpg
019313.jpg;021444.jpg;184467.jpg
125020.jpg;155345.jpg;083243.jpg
124616.jpg;116205.jpg;015568.jpg
081003.jpg;099417.jpg;093050.jpg
113774.jpg;032223.jpg;049651.jpg
187320.jpg;187426.jpg;189097.jpg
033657.jpg;081250.jpg;177200.jpg
025753.jpg;058142.jpg;114542.jpg
034440.jpg;024394.jpg;119567.jpg
044362.jpg;064843.jpg;003378.jpg
070977.jpg;090633.jpg;095735.jpg
119371.jpg;027724.jpg;014134.jpg
170305.jpg;178732.jpg;094058.jpg
132103.jpg;083520.jpg;172921.jpg
132824.jpg;116789.jpg;140219.jpg
064473.jpg;113995.jpg;036232.jpg
049884.jpg;012161.jpg;155094.jpg
189626.jpg;196891.jpg;056620.jpg
175872.jpg;180724.jpg;022586.jpg
087014.jpg;099035.jpg;009289.jpg
127119.jpg;058790.jpg;058103.jpg
042278.jpg;131805.jpg;097972.jpg
031729.jpg;087620.jpg;171840.jpg
067834.jpg;140648.jpg;089588.jpg
067662.jpg;093934.jpg;179184.jpg
136900.jpg;035267.jpg;108955.jpg
155913.jpg;125062.jpg;050414.jpg
016546.jpg;026856.jpg;098766.jpg
195861.jpg;186712.jpg;195240.jpg
109755.jpg;097139.jpg;188224.jpg
022917.jpg;133352.jpg;000147.jpg
100156.jpg;025716.jpg;078166.jpg
126151.jpg;027695.jpg;025276.jpg
097932.jpg;081300.jpg;141004.jpg
002244.jpg;105427.jpg;186639.jpg
147884.jpg;155729.jpg;054182.jpg
067402.jpg;135793.jpg;109274.jpg
097005.jpg;055506.jpg;022422.jpg
101858.jpg;034493.jpg;081033.jpg
097564.jpg;113700.jpg;012752.jpg
081292.jpg;022869.jpg;141139.jpg
072131.jpg;085803.jpg;109137.jpg
169850.jpg;167920.jpg;088450.jpg
104275.jpg;067892.jpg;046899.jpg
157596.jpg;003373.jpg;010409.jpg
014684.jpg;117189.jpg;050667.jpg
163966.jpg;181741.jpg;098523.jpg
082699.jpg;142058.jpg;145957.jpg
112320.jpg;007423.jpg;159457.jpg
200194.jpg;184355.jpg;143564.jpg
103694.jpg;084859.jpg;094211.jpg
017191.jpg;094392.jpg;040092.jpg
044158.jpg;082449.jpg;095530.jpg
185320.jpg;188589.jpg;059623.jpg
003690.jpg;108313.jpg;062378.jpg
190970.jpg;200383.jpg;162684.jpg
074955.jpg;110527.jpg;046770.jpg
090012.jpg;020753.jpg;101265.jpg
093313.jpg;108854.jpg;013398.jpg
121501.jpg;138388.jpg;070452.jpg
032779.jpg;040134.jpg;152150.jpg
187366.jpg;202227.jpg;040819.jpg
124079.jpg;137670.jpg;150183.jpg
177468.jpg;171278.jpg;019067.jpg
014931.jpg;062839.jpg;155067.jpg
039340.jpg;109749.jpg;000041.jpg
079548.jpg;003408.jpg;008475.jpg
107542.jpg;082934.jpg;177472.jpg
155356.jpg;034138.jpg;169329.jpg
188915.jpg;194810.jpg;169668.jpg
007115.jpg;138506.jpg;120070.jpg
016797.jpg;139004.jpg;186751.jpg
091492.jpg;146672.jpg;121380.jpg
022183.jpg;062957.jpg;142722.jpg
073510.jpg;152750.jpg;185113.jpg
117137.jpg;038478.jpg;061804.jpg
021540.jpg;092010.jpg;200839.jpg
005386.jpg;116608.jpg;119611.jpg
052798.jpg;093970.jpg;035991.jpg
111067.jpg;144549.jpg;182684.jpg
027850.jpg;066049.jpg;052493.jpg
134113.jpg;085272.jpg;085934.jpg
044192.jpg;052645.jpg;194642.jpg
052651.jpg;004768.jpg;060550.jpg
173194.jpg;165590.jpg;055984.jpg
201876.jpg;186407.jpg;012966.jpg
175763.jpg;171869.jpg;156476.jpg
172761.jpg;164533.jpg;068909.jpg
116549.jpg;035944.jpg;033579.jpg
116633.jpg;069360.jpg;042248.jpg
028878.jpg;091708.jpg;143903.jpg
106508.jpg;027391.jpg;134382.jpg
039158.jpg;114516.jpg;090437.jpg
010688.jpg;133993.jpg;127738.jpg
178894.jpg;164123.jpg;030773.jpg
144746.jpg;033168.jpg;040390.jpg
144835.jpg;033396.jpg;096874.jpg
005462.jpg;003088.jpg;089984.jpg
050889.jpg;021001.jpg;003496.jpg
060472.jpg;148574.jpg;181920.jpg
099103.jpg;142318.jpg;149265.jpg
094476.jpg;040112.jpg;110483.jpg
161005.jpg;105212.jpg;181975.jpg
074787.jpg;013669.jpg;056278.jpg
097795.jpg;032124.jpg;054975.jpg
008209.jpg;035423.jpg;014478.jpg
120818.jpg;073249.jpg;133891.jpg
142675.jpg;090603.jpg;071258.jpg
013410.jpg;120964.jpg;107784.jpg
145627.jpg;071858.jpg;095518.jpg
083748.jpg;120976.jpg;105158.jpg
069412.jpg;075576.jpg;007682.jpg
199010.jpg;196349.jpg;132810.jpg
020579.jpg;041900.jpg;156328.jpg
056549.jpg;125331.jpg;171311.jpg
149198.jpg;034964.jpg;013277.jpg
180663.jpg;176296.jpg;158068.jpg
190685.jpg;198766.jpg;183159.jpg
135096.jpg;010135.jpg;090808.jpg
084692.jpg;120979.jpg;037989.jpg
012587.jpg;078051.jpg;025544.jpg
103549.jpg;083751.jpg;008496.jpg
008388.jpg;005160.jpg;058696.jpg
164740.jpg;174861.jpg;064655.jpg
081353.jpg;116923.jpg;061736.jpg
134122.jpg;025269.jpg;090883.jpg
153675.jpg;074560.jpg;050423.jpg
194207.jpg;188625.jpg;021410.jpg
051451.jpg;112875.jpg;075254.jpg
185927.jpg;187315.jpg;070856.jpg
110177.jpg;076284.jpg;100485.jpg
021083.jpg;099407.jpg;118891.jpg
142652.jpg;019760.jpg;170011.jpg
029751.jpg;074609.jpg;068924.jpg
083356.jpg;074240.jpg;124417.jpg
172131.jpg;169091.jpg;160747.jpg
170799.jpg;171222.jpg;169083.jpg
139136.jpg;099914.jpg;068704.jpg
079606.jpg;009992.jpg;201956.jpg
060667.jpg;090998.jpg;035657.jpg
175574.jpg;169280.jpg;126339.jpg
117057.jpg;071655.jpg;014821.jpg
111985.jpg;086304.jpg;056200.jpg
187279.jpg;198460.jpg;147172.jpg
050101.jpg;041882.jpg;196596.jpg
022525.jpg;119796.jpg;078032.jpg
173552.jpg;175116.jpg;044179.jpg
180520.jpg;164957.jpg;114542.jpg
084962.jpg;016970.jpg;191020.jpg
195005.jpg;195795.jpg;096544.jpg
066629.jpg;095723.jpg;060738.jpg
101791.jpg;054083.jpg;169989.jpg
059218.jpg;022433.jpg;152682.jpg
090187.jpg;136460.jpg;132191.jpg
029780.jpg;059825.jpg;171104.jpg
087809.jpg;014839.jpg;035354.jpg
111772.jpg;151673.jpg;121561.jpg
077847.jpg;033502.jpg;032869.jpg
161185.jpg;111609.jpg;032663.jpg
112958.jpg;133729.jpg;120582.jpg
150790.jpg;092655.jpg;175533.jpg
105594.jpg;082682.jpg;118017.jpg
182936.jpg;200584.jpg;057459.jpg
170906.jpg;175778.jpg;029013.jpg
166233.jpg;170935.jpg;196588.jpg
085352.jpg;090971.jpg;084623.jpg
069864.jpg;076633.jpg;040102.jpg
044705.jpg;129786.jpg;178737.jpg
104183.jpg;021726.jpg;101257.jpg
197441.jpg;202374.jpg;181254.jpg
060990.jpg;136956.jpg;165293.jpg
169024.jpg;164859.jpg;028141.jpg
132345.jpg;089044.jpg;021516.jpg
057290.jpg;064982.jpg;134011.jpg
132582.jpg;051960.jpg;105732.jpg
193241.jpg;197820.jpg;063711.jpg
117871.jpg;066287.jpg;004210.jpg
070024.jpg;018348.jpg;005132.jpg
081483.jpg;146921.jpg;036083.jpg
038330.jpg;135208.jpg;103072.jpg
193863.jpg;198820.jpg;038682.jpg
003956.jpg;013535.jpg;188868.jpg
129786.jpg;050072.jpg;152564.jpg
104729.jpg;087555.jpg;115211.jpg
024886.jpg;035676.jpg;152076.jpg
028997.jpg;143204.jpg;177656.jpg
048675.jpg;040374.jpg;138285.jpg
160511.jpg;125071.jpg;108008.jpg
049725.jpg;046304.jpg;171614.jpg
043597.jpg;116754.jpg;009161.jpg
031902.jpg;104618.jpg;133278.jpg
127184.jpg;090045.jpg;097496.jpg
170333.jpg;165215.jpg;198441.jpg
074662.jpg;121340.jpg;138267.jpg
191448.jpg;200140.jpg;178523.jpg
183806.jpg;191709.jpg;130225.jpg
055218.jpg;060478.jpg;021782.jpg
040387.jpg;107312.jpg;082475.jpg
079070.jpg;032019.jpg;004638.jpg
144393.jpg;025895.jpg;089956.jpg
093333.jpg;049394.jpg;098498.jpg
180088.jpg;176356.jpg;170819.jpg
158034.jpg;072811.jpg;004782.jpg
063509.jpg;156489.jpg;169426.jpg
186344.jpg;199113.jpg;021135.jpg
063030.jpg;076031.jpg;140985.jpg
040266.jpg;064934.jpg;170925.jpg
021074.jpg;069762.jpg;032050.jpg
142888.jpg;125779.jpg;015078.jpg
092980.jpg;071652.jpg;067504.jpg
030756.jpg;048981.jpg;008063.jpg
083074.jpg;149330.jpg;023691.jpg
167190.jpg;166372.jpg;063814.jpg
174774.jpg;169081.jpg;158453.jpg
007897.jpg;056581.jpg;093156.jpg
003726.jpg;123397.jpg;138171.jpg
115543.jpg;093848.jpg;167921.jpg
192109.jpg;186115.jpg;081681.jpg
012606.jpg;140418.jpg;116192.jpg
149239.jpg;050917.jpg;060445.jpg
063151.jpg;074455.jpg;146867.jpg
191325.jpg;193212.jpg;057863.jpg
001253.jpg;131763.jpg;166978.jpg
139218.jpg;157358.jpg;155505.jpg
053128.jpg;024322.jpg;000385.jpg
070597.jpg;023436.jpg;161520.jpg
062648.jpg;001812.jpg;012117.jpg
005978.jpg;039684.jpg;055901.jpg
150922.jpg;099475.jpg;160740.jpg
030835.jpg;075767.jpg;106904.jpg
023489.jpg;142589.jpg;057875.jpg
195416.jpg;195206.jpg;084054.jpg
196638.jpg;186368.jpg;087408.jpg
039637.jpg;078710.jpg;062950.jpg
163437.jpg;178736.jpg;026289.jpg
074523.jpg;141833.jpg;005691.jpg
102819.jpg;024258.jpg;169975.jpg
039992.jpg;085181.jpg;071783.jpg
101793.jpg;124057.jpg;012887.jpg
025826.jpg;027006.jpg;076163.jpg
156162.jpg;065141.jpg;136054.jpg
094796.jpg;067774.jpg;034305.jpg
149961.jpg;155535.jpg;085160.jpg
056353.jpg;023056.jpg;040595.jpg
011820.jpg;015313.jpg;033143.jpg
021520.jpg;154485.jpg;120475.jpg
035114.jpg;013319.jpg;175578.jpg
117510.jpg;142152.jpg;079808.jpg
148925.jpg;039156.jpg;048391.jpg
159751.jpg;071327.jpg;062902.jpg
076785.jpg;088029.jpg;073483.jpg
130760.jpg;085062.jpg;160014.jpg
020158.jpg;005041.jpg;079141.jpg
037629.jpg;085107.jpg;009715.jpg
129907.jpg;132185.jpg;005426.jpg
159110.jpg;056496.jpg;145769.jpg
171231.jpg;165144.jpg;179027.jpg
117678.jpg;108062.jpg;035174.jpg
058422.jpg;053307.jpg;053605.jpg
008808.jpg;054043.jpg;165071.jpg
081140.jpg;051402.jpg;023788.jpg
017270.jpg;089540.jpg;076065.jpg
149504.jpg;141060.jpg;087963.jpg
196079.jpg;192726.jpg;038329.jpg
046984.jpg;137384.jpg;067708.jpg
034492.jpg;077961.jpg;110977.jpg
146799.jpg;115114.jpg;059278.jpg
145740.jpg;086993.jpg;040777.jpg
074228.jpg;111370.jpg;134694.jpg
138873.jpg;146568.jpg;131964.jpg
120607.jpg;105729.jpg;181677.jpg
201112.jpg;196772.jpg;082635.jpg
077041.jpg;026290.jpg;034255.jpg
163434.jpg;169404.jpg;013761.jpg
199638.jpg;198476.jpg;181014.jpg
008272.jpg;110377.jpg;127520.jpg
051239.jpg;044683.jpg;088339.jpg
074026.jpg;149424.jpg;083420.jpg
177417.jpg;164759.jpg;178410.jpg
148314.jpg;145552.jpg;007910.jpg
187047.jpg;182688.jpg;040440.jpg
116669.jpg;003665.jpg;191384.jpg
088544.jpg;154541.jpg;087528.jpg
031727.jpg;059504.jpg;020402.jpg
180358.jpg;177323.jpg;085227.jpg
120605.jpg;137993.jpg;004099.jpg
083483.jpg;045320.jpg;009709.jpg
038190.jpg;059586.jpg;014472.jpg
201499.jpg;190907.jpg;007149.jpg
136321.jpg;057294.jpg;005440.jpg
164046.jpg;165689.jpg;164802.jpg
141144.jpg;041044.jpg;177807.jpg
138702.jpg;080913.jpg;033099.jpg
081131.jpg;036859.jpg;026723.jpg
012156.jpg;156112.jpg;063059.jpg
115585.jpg;092825.jpg;189641.jpg
038055.jpg;076161.jpg;074071.jpg
194156.jpg;185853.jpg;001490.jpg
096167.jpg;019488.jpg;043898.jpg
083493.jpg;027161.jpg;012935.jpg
125874.jpg;044618.jpg;052133.jpg
158624.jpg;079759.jpg;142365.jpg
185809.jpg;195869.jpg;045235.jpg
196692.jpg;196412.jpg;088716.jpg
106974.jpg;103115.jpg;161955.jpg
052640.jpg;154498.jpg;050713.jpg
188884.jpg;189071.jpg;003573.jpg
087056.jpg;091716.jpg;067000.jpg
191729.jpg;199164.jpg;039602.jpg
147340.jpg;144027.jpg;155555.jpg
091672.jpg;036295.jpg;128663.jpg
085272.jpg;139805.jpg;022532.jpg
187189.jpg;201609.jpg;091826.jpg
012235.jpg;042677.jpg;051598.jpg
188927.jpg;188068.jpg;123657.jpg
167401.jpg;164903.jpg;046345.jpg
042700.jpg;033023.jpg;180455.jpg
130990.jpg;017372.jpg;118972.jpg
033075.jpg;128266.jpg;068680.jpg
149828.jpg;062270.jpg;127052.jpg
197786.jpg;190387.jpg;194331.jpg
040016.jpg;108758.jpg;187392.jpg
046930.jpg;075459.jpg;089168.jpg
102475.jpg;103388.jpg;169840.jpg
026652.jpg;050072.jpg;141324.jpg
197877.jpg;184754.jpg;109289.jpg
013356.jpg;122708.jpg;159148.jpg
139191.jpg;037000.jpg;056124.jpg
054116.jpg;139423.jpg;143015.jpg
178462.jpg;181330.jpg;080958.jpg
020479.jpg;037691.jpg;128171.jpg
124552.jpg;091395.jpg;147058.jpg
042419.jpg;162246.jpg;032905.jpg
069114.jpg;023542.jpg;025571.jpg
176789.jpg;166819.jpg;069468.jpg
187151.jpg;183281.jpg;100335.jpg
028200.jpg;003370.jpg;068973.jpg
038317.jpg;009399.jpg;151760.jpg
078962.jpg;101026.jpg;108002.jpg
187898.jpg;198459.jpg;125482.jpg
081471.jpg;106045.jpg;132834.jpg
171069.jpg;163601.jpg;190200.jpg
151594.jpg;121659.jpg;055768.jpg
172125.jpg;176250.jpg;056824.jpg
195363.jpg;190401.jpg;077996.jpg
080707.jpg;147151.jpg;031069.jpg
107688.jpg;089874.jpg;011447.jpg
106328.jpg;151558.jpg;127998.jpg
008539.jpg;067066.jpg;114646.jpg
008988.jpg;015777.jpg;090123.jpg
183945.jpg;189522.jpg;078337.jpg
103952.jpg;113953.jpg;062237.jpg
177729.jpg;179823.jpg;190347.jpg
073466.jpg;114565.jpg;165428.jpg
161138.jpg;122792.jpg;111881.jpg
136845.jpg;083785.jpg;182842.jpg
120150.jpg;092490.jpg;060154.jpg
155495.jpg;121444.jpg;130680.jpg
121481.jpg;094158.jpg;155301.jpg
063882.jpg;062602.jpg;006056.jpg
178124.jpg;167742.jpg;041024.jpg
103552.jpg;084916.jpg;185017.jpg
070748.jpg;091463.jpg;110969.jpg
157426.jpg;013487.jpg;052759.jpg
026898.jpg;091523.jpg;040486.jpg
125903.jpg;129345.jpg;198662.jpg
044400.jpg;002939.jpg;195204.jpg
042747.jpg;004845.jpg;154332.jpg
144498.jpg;148775.jpg;003349.jpg
066215.jpg;081732.jpg;170477.jpg
119245.jpg;064321.jpg;117220.jpg
075191.jpg;016471.jpg;117728.jpg
108656.jpg;038737.jpg;065528.jpg
172926.jpg;174544.jpg;148217.jpg
069380.jpg;148699.jpg;133758.jpg
155944.jpg;080677.jpg;145369.jpg
011755.jpg;159635.jpg;130519.jpg
165716.jpg;166137.jpg;102125.jpg
156062.jpg;073025.jpg;069579.jpg
008842.jpg;064536.jpg;095064.jpg
072342.jpg;016203.jpg;073990.jpg
182269.jpg;167591.jpg;026842.jpg
091148.jpg;032354.jpg;029047.jpg
115713.jpg;103192.jpg;196784.jpg
072756.jpg;133410.jpg;164420.jpg
040335.jpg;085297.jpg;047837.jpg
082792.jpg;024923.jpg;058197.jpg
173858.jpg;176199.jpg;160383.jpg
089989.jpg;034793.jpg;138569.jpg
128693.jpg;055722.jpg;030226.jpg
052495.jpg;146735.jpg;056822.jpg
194770.jpg;199767.jpg;131008.jpg
196277.jpg;185291.jpg;156646.jpg
087184.jpg;005316.jpg;179071.jpg
152600.jpg;054674.jpg;041947.jpg
064847.jpg;145666.jpg;053217.jpg
166820.jpg;182461.jpg;087977.jpg
003990.jpg;154300.jpg;050558.jpg
075276.jpg;157738.jpg;099873.jpg
135551.jpg;094784.jpg;014947.jpg
127504.jpg;092175.jpg;050960.jpg
083744.jpg;027570.jpg;101872.jpg
167069.jpg;178046.jpg;193993.jpg
009454.jpg;028265.jpg;065251.jpg
139736.jpg;090762.jpg;163559.jpg
127624.jpg;140937.jpg;002221.jpg
062121.jpg;112180.jpg;150426.jpg
083145.jpg;102926.jpg;014541.jpg
013058.jpg;050891.jpg;011906.jpg
027696.jpg;114095.jpg;125372.jpg
112865.jpg;117505.jpg;197964.jpg
183272.jpg;191301.jpg;135594.jpg
098070.jpg;031931.jpg;196591.jpg
166095.jpg;174454.jpg;126071.jpg
092435.jpg;053524.jpg;108358.jpg
171830.jpg;179003.jpg;050439.jpg
043498.jpg;053201.jpg;149746.jpg
153269.jpg;007446.jpg;174965.jpg
070821.jpg;049838.jpg;182009.jpg
167023.jpg;174203.jpg;179060.jpg
076168.jpg;010780.jpg;010543.jpg
130626.jpg;104074.jpg;137725.jpg
199291.jpg;190903.jpg;092005.jpg
048058.jpg;082481.jpg;180299.jpg
073278.jpg;132735.jpg;026065.jpg
023181.jpg;134570.jpg;161538.jpg
169260.jpg;167583.jpg;079363.jpg
037320.jpg;017487.jpg;141253.jpg
029431.jpg;018727.jpg;173954.jpg
074043.jpg;035533.jpg;142156.jpg
052717.jpg;036015.jpg;042494.jpg
021508.jpg;025065.jpg;202266.jpg
136064.jpg;021324.jpg;009627.jpg
113782.jpg;121777.jpg;073747.jpg
112657.jpg;063456.jpg;082543.jpg
044289.jpg;018510.jpg;078825.jpg
024445.jpg;101755.jpg;193770.jpg
008114.jpg;002506.jpg;177344.jpg
070280.jpg;001425.jpg;196342.jpg
102393.jpg;118616.jpg;117341.jpg
099310.jpg;094359.jpg;010448.jpg
197048.jpg;196221.jpg;019389.jpg
034218.jpg;117988.jpg;125853.jpg
160428.jpg;019414.jpg;007174.jpg
161685.jpg;074758.jpg;069135.jpg
026252.jpg;072631.jpg;131684.jpg
061145.jpg;108688.jpg;120978.jpg
055210.jpg;015701.jpg;034754.jpg
135593.jpg;058659.jpg;184739.jpg
133993.jpg;035676.jpg;090730.jpg
063354.jpg;004803.jpg;135071.jpg
090006.jpg;022352.jpg;097845.jpg
019583.jpg;048678.jpg;028526.jpg
157103.jpg;137593.jpg;083427.jpg
037839.jpg;017472.jpg;139200.jpg
008186.jpg;050126.jpg;109662.jpg
001804.jpg;149988.jpg;157590.jpg
155146.jpg;042546.jpg;180152.jpg
120957.jpg;048918.jpg;032865.jpg
004775.jpg;008676.jpg;074774.jpg
100669.jpg;046571.jpg;085968.jpg
196806.jpg;200476.jpg;147505.jpg
189023.jpg;201482.jpg;162693.jpg
181587.jpg;180536.jpg;022552.jpg
071835.jpg;016056.jpg;084922.jpg
192945.jpg;188897.jpg;080006.jpg
091334.jpg;059685.jpg;031550.jpg
141837.jpg;111793.jpg;146607.jpg
046521.jpg;112398.jpg;094248.jpg
092142.jpg;061516.jpg;086236.jpg
030644.jpg;063691.jpg;084388.jpg
022494.jpg;120709.jpg;050803.jpg
102611.jpg;149547.jpg;127197.jpg
178506.jpg;172783.jpg;053725.jpg
193304.jpg;199346.jpg;197734.jpg
041437.jpg;021219.jpg;040701.jpg
010885.jpg;155740.jpg;126685.jpg
049637.jpg;053478.jpg;072034.jpg
165577.jpg;163991.jpg;145604.jpg
121580.jpg;135812.jpg;149607.jpg
070695.jpg;093884.jpg;111185.jpg
171633.jpg;175879.jpg;033307.jpg
024711.jpg;130510.jpg;170670.jpg
198606.jpg;190509.jpg;176502.jpg
006661.jpg;009375.jpg;173357.jpg
149379.jpg;111055.jpg;101333.jpg
129714.jpg;078126.jpg;180613.jpg
124935.jpg;018163.jpg;044184.jpg
162372.jpg;139263.jpg;196818.jpg
021769.jpg;011116.jpg;026211.jpg
162650.jpg;100716.jpg;094613.jpg
167567.jpg;169650.jpg;127628.jpg
082942.jpg;081537.jpg;001356.jpg
190923.jpg;183742.jpg;113885.jpg
188725.jpg;198015.jpg;117541.jpg
001297.jpg;019778.jpg;112440.jpg
035543.jpg;128389.jpg;020443.jpg
126412.jpg;121871.jpg;147670.jpg
184300.jpg;188429.jpg;025559.jpg
140360.jpg;020043.jpg;119718.jpg
101818.jpg;062567.jpg;001692.jpg
094978.jpg;063825.jpg;085801.jpg
104680.jpg;004030.jpg;144315.jpg
168932.jpg;172103.jpg;168867.jpg
170106.jpg;180864.jpg;194838.jpg
101014.jpg;037285.jpg;063265.jpg
098566.jpg;151126.jpg;012033.jpg
183660.jpg;200972.jpg;042571.jpg
104964.jpg;062324.jpg;002661.jpg
159903.jpg;050953.jpg;009059.jpg
160503.jpg;136602.jpg;198920.jpg
086838.jpg;125410.jpg;040039.jpg
078044.jpg;146815.jpg;028679.jpg
109587.jpg;112847.jpg;128833.jpg
105618.jpg;124366.jpg;120118.jpg
180706.jpg;174599.jpg;021462.jpg
147144.jpg;098509.jpg;113009.jpg
103053.jpg;123267.jpg;096704.jpg
104001.jpg;063346.jpg;011539.jpg
055447.jpg;046708.jpg;197177.jpg
012762.jpg;132607.jpg;021640.jpg
069168.jpg;099553.jpg;136086.jpg
013874.jpg;007213.jpg;138163.jpg
123687.jpg;128285.jpg;009383.jpg
175521.jpg;174200.jpg;082871.jpg
079355.jpg;131925.jpg;122667.jpg
071089.jpg;047703.jpg;155526.jpg
071397.jpg;086688.jpg;091116.jpg
105536.jpg;052293.jpg;113002.jpg
033554.jpg;134592.jpg;027702.jpg
186791.jpg;194500.jpg;060250.jpg
074186.jpg;033878.jpg;004372.jpg
066448.jpg;109114.jpg;028913.jpg
177275.jpg;174305.jpg;030867.jpg
102025.jpg;131462.jpg;153693.jpg
077488.jpg;095055.jpg;076438.jpg
175168.jpg;163932.jpg;100158.jpg
169680.jpg;180295.jpg;184144.jpg
082553.jpg;143745.jpg;011209.jpg
130408.jpg;140650.jpg;026891.jpg
132707.jpg;113042.jpg;112358.jpg
047817.jpg;146728.jpg;135284.jpg
083427.jpg;042165.jpg;142002.jpg
062703.jpg;092606.jpg;189457.jpg
088144.jpg;031311.jpg;048712.jpg
194969.jpg;192471.jpg;099619.jpg
167616.jpg;165262.jpg;036568.jpg
015496.jpg;155839.jpg;122322.jpg
092935.jpg;149802.jpg;042910.jpg
124084.jpg;021241.jpg;027922.jpg
077363.jpg;127616.jpg;134522.jpg
037235.jpg;100135.jpg;100251.jpg
169725.jpg;167381.jpg;095732.jpg
019955.jpg;142955.jpg;118302.jpg
134583.jpg;005026.jpg;174435.jpg
140771.jpg;004855.jpg;190168.jpg
103159.jpg;081337.jpg;052660.jpg
202481.jpg;183718.jpg;087145.jpg
003038.jpg;159945.jpg;110519.jpg
010845.jpg;086953.jpg;036347.jpg
040420.jpg;161789.jpg;034849.jpg
127314.jpg;077992.jpg;174164.jpg
108145.jpg;057622.jpg;060095.jpg
010846.jpg;111080.jpg;059636.jpg
174769.jpg;168501.jpg;032255.jpg
132606.jpg;109249.jpg;104668.jpg
079419.jpg;057642.jpg;068148.jpg
029112.jpg;146541.jpg;102080.jpg
140803.jpg;149884.jpg;028894.jpg
166197.jpg;174177.jpg;186473.jpg
065162.jpg;064653.jpg;004766.jpg
146805.jpg;051228.jpg;106465.jpg
085753.jpg;061624.jpg;074997.jpg
004006.jpg;029629.jpg;167862.jpg
047938.jpg;074083.jpg;127745.jpg
109733.jpg;095837.jpg;087420.jpg
099957.jpg;047533.jpg;003582.jpg
197303.jpg;195776.jpg;150987.jpg
059613.jpg;065086.jpg;018919.jpg
176216.jpg;181015.jpg;123398.jpg
102596.jpg;114669.jpg;112151.jpg
053402.jpg;128295.jpg;161731.jpg
032082.jpg;051362.jpg;048493.jpg
060590.jpg;131972.jpg;016557.jpg
183635.jpg;198323.jpg;125292.jpg
087496.jpg;020595.jpg;111267.jpg
184180.jpg;193054.jpg;178401.jpg
036186.jpg;142205.jpg;022974.jpg
154291.jpg;118815.jpg;109659.jpg
147971.jpg;100432.jpg;145904.jpg
022378.jpg;092113.jpg;064610.jpg
155141.jpg;066004.jpg;035174.jpg
154755.jpg;112715.jpg;198159.jpg
158696.jpg;097653.jpg;112628.jpg
033454.jpg;070346.jpg;037271.jpg
136769.jpg;078301.jpg;105599.jpg
178654.jpg;170722.jpg;046344.jpg
065373.jpg;108499.jpg;114251.jpg
079806.jpg;157893.jpg;193115.jpg
039101.jpg;032665.jpg;188606.jpg
134246.jpg;014092.jpg;126239.jpg
011593.jpg;053683.jpg;035494.jpg
174709.jpg;173938.jpg;082898.jpg
007390.jpg;115274.jpg;002178.jpg
017697.jpg;075844.jpg;079249.jpg
002905.jpg;029644.jpg;164245.jpg
044448.jpg;107160.jpg;146801.jpg
026302.jpg;135990.jpg;183295.jpg
141371.jpg;044936.jpg;008431.jpg
053291.jpg;059208.jpg;035022.jpg
093772.jpg;104762.jpg;133399.jpg
177313.jpg;181021.jpg;054398.jpg
019588.jpg;021259.jpg;117125.jpg
002526.jpg;006092.jpg;136545.jpg
039786.jpg;097246.jpg;084727.jpg
170813.jpg;182184.jpg;114204.jpg
106685.jpg;060589.jpg;047146.jpg
191603.jpg;187964.jpg;041097.jpg
139276.jpg;142917.jpg;108783.jpg
033622.jpg;046742.jpg;071256.jpg
185502.jpg;199852.jpg;106184.jpg
195838.jpg;191358.jpg;014539.jpg
129311.jpg;082512.jpg;065778.jpg
043921.jpg;077476.jpg;156682.jpg
039974.jpg;108758.jpg;020995.jpg
026552.jpg;157882.jpg;126971.jpg
184147.jpg;201817.jpg;090354.jpg
110985.jpg;092013.jpg;069476.jpg
159178.jpg;022054.jpg;162804.jpg
015949.jpg;006631.jpg;121307.jpg
087963.jpg;083302.jpg;146268.jpg
146903.jpg;117902.jpg;054388.jpg
094604.jpg;077967.jpg;094621.jpg
121766.jpg;130831.jpg;127540.jpg
137547.jpg;126615.jpg;093413.jpg
078207.jpg;092766.jpg;133412.jpg
042017.jpg;021550.jpg;070377.jpg
038442.jpg;084022.jpg;189559.jpg
176896.jpg;168714.jpg;053202.jpg
175579.jpg;166583.jpg;187058.jpg
126560.jpg;162146.jpg;123578.jpg
006790.jpg;040479.jpg;201933.jpg
049919.jpg;160818.jpg;014328.jpg
142131.jpg;039250.jpg;140252.jpg
171090.jpg;179761.jpg;152714.jpg
048682.jpg;107381.jpg;001680.jpg
199612.jpg;186437.jpg;093269.jpg
121535.jpg;078628.jpg;036916.jpg
079578.jpg;095210.jpg;176899.jpg
021980.jpg;039598.jpg;109971.jpg
152373.jpg;106100.jpg;143790.jpg
111527.jpg;160940.jpg;125659.jpg
195003.jpg;187041.jpg;144713.jpg
128141.jpg;085316.jpg;016082.jpg
096488.jpg;091736.jpg;147522.jpg
154550.jpg;072453.jpg;190230.jpg
033359.jpg;049672.jpg;086927.jpg
134230.jpg;041623.jpg;157335.jpg
085466.jpg;159903.jpg;055351.jpg
108126.jpg;084746.jpg;114158.jpg
154279.jpg;087278.jpg;179320.jpg
071302.jpg;049763.jpg;020405.jpg
105428.jpg;124774.jpg;107533.jpg
109083.jpg;058754.jpg;163517.jpg
135942.jpg;153982.jpg;148331.jpg
122395.jpg;087621.jpg;177050.jpg
021431.jpg;038892.jpg;038588.jpg
042169.jpg;092827.jpg;150740.jpg
135387.jpg;076725.jpg;043699.jpg
051986.jpg;161694.jpg;200120.jpg
171548.jpg;164767.jpg;118205.jpg
031763.jpg;149967.jpg;196607.jpg
193810.jpg;196778.jpg;029455.jpg
030490.jpg;018595.jpg;174807.jpg
166731.jpg;163565.jpg;119076.jpg
062590.jpg;094031.jpg;196162.jpg
193685.jpg;189911.jpg;189013.jpg
064304.jpg;026236.jpg;164821.jpg
101713.jpg;052907.jpg;014359.jpg
090314.jpg;127681.jpg;185440.jpg
014705.jpg;153106.jpg;175541.jpg
006011.jpg;131235.jpg;177699.jpg
095357.jpg;075149.jpg;157098.jpg
176086.jpg;169289.jpg;057203.jpg
144421.jpg;032844.jpg;044392.jpg
008539.jpg;066806.jpg;175028.jpg
141533.jpg;115723.jpg;093189.jpg
084169.jpg;092261.jpg;139989.jpg
073233.jpg;090796.jpg;008514.jpg
022902.jpg;050242.jpg;073683.jpg
113355.jpg;038577.jpg;121493.jpg
145439.jpg;055490.jpg;075867.jpg
095607.jpg;152719.jpg;020905.jpg
005348.jpg;073917.jpg;052497.jpg
092997.jpg;001881.jpg;171902.jpg
004985.jpg;064965.jpg;002916.jpg
088572.jpg;092209.jpg;044390.jpg
048201.jpg;132641.jpg;118041.jpg
055242.jpg;082624.jpg;186042.jpg
087169.jpg;032923.jpg;015318.jpg
032058.jpg;160679.jpg;114831.jpg
032317.jpg;123255.jpg;119975.jpg
009557.jpg;144154.jpg;123195.jpg
052038.jpg;136705.jpg;151616.jpg
038980.jpg;098201.jpg;002593.jpg
146185.jpg;056878.jpg;046515.jpg
106339.jpg;022999.jpg;093897.jpg
149800.jpg;141458.jpg;174818.jpg
188027.jpg;188700.jpg;020523.jpg
202534.jpg;193724.jpg;044578.jpg
105067.jpg;061155.jpg;039379.jpg
099729.jpg;128480.jpg;077432.jpg
144797.jpg;030486.jpg;066266.jpg
006733.jpg;059810.jpg;005134.jpg
192084.jpg;189622.jpg;085927.jpg
130022.jpg;138074.jpg;108359.jpg
036202.jpg;064597.jpg;056276.jpg
190720.jpg;193796.jpg;199167.jpg
068115.jpg;047668.jpg;046482.jpg
201716.jpg;183745.jpg;138731.jpg
106336.jpg;142125.jpg;157735.jpg
185503.jpg;200666.jpg;008746.jpg
068308.jpg;029431.jpg;081094.jpg
030995.jpg;119769.jpg;061760.jpg
037815.jpg;136603.jpg;138561.jpg
160997.jpg;125216.jpg;194954.jpg
131745.jpg;126146.jpg;164380.jpg
145998.jpg;064675.jpg;119345.jpg
052375.jpg;118133.jpg;144230.jpg
074673.jpg;110577.jpg;054557.jpg
108235.jpg;097985.jpg;165812.jpg
053155.jpg;145472.jpg;033417.jpg
198123.jpg;195731.jpg;159652.jpg
062767.jpg;038170.jpg;103320.jpg
064776.jpg;137572.jpg;109356.jpg
090686.jpg;148405.jpg;197724.jpg
194660.jpg;187964.jpg;010391.jpg
012790.jpg;083315.jpg;139104.jpg
191877.jpg;187524.jpg;188872.jpg
187535.jpg;191443.jpg;165266.jpg
170573.jpg;179054.jpg;037655.jpg
160222.jpg;114277.jpg;142645.jpg
026188.jpg;005555.jpg;092557.jpg
069374.jpg;079782.jpg;062488.jpg
184258.jpg;184209.jpg;117197.jpg
022942.jpg;004155.jpg;123335.jpg
146637.jpg;114966.jpg;128057.jpg
049061.jpg;160283.jpg;044629.jpg
010443.jpg;072100.jpg;047071.jpg
053232.jpg;073196.jpg;019553.jpg
036045.jpg;087242.jpg;093183.jpg
104908.jpg;123053.jpg;051448.jpg
129606.jpg;130558.jpg;180469.jpg
080465.jpg;135889.jpg;022078.jpg
119884.jpg;040353.jpg;006342.jpg
095791.jpg;025556.jpg;075137.jpg
148712.jpg;087431.jpg;045399.jpg
186914.jpg;189982.jpg;128831.jpg
108948.jpg;024408.jpg;020960.jpg
140057.jpg;065385.jpg;111986.jpg
175723.jpg;176097.jpg;064566.jpg
125473.jpg;104912.jpg;002462.jpg
068529.jpg;160523.jpg;102813.jpg
001185.jpg;124199.jpg;012966.jpg
068921.jpg;066491.jpg;053969.jpg
175114.jpg;170785.jpg;097549.jpg
037479.jpg;084890.jpg;123442.jpg
139838.jpg;000101.jpg;076661.jpg
157750.jpg;112703.jpg;046189.jpg
064212.jpg;109583.jpg;094621.jpg
054768.jpg;031887.jpg;112494.jpg
142509.jpg;122119.jpg;059421.jpg
091905.jpg;136026.jpg;172389.jpg
030582.jpg;156474.jpg;058982.jpg
135062.jpg;096058.jpg;004737.jpg
111519.jpg;107707.jpg;145547.jpg
111116.jpg;095946.jpg;060393.jpg
008294.jpg;124804.jpg;122172.jpg
003339.jpg;002264.jpg;192159.jpg
054639.jpg;057873.jpg;150687.jpg
065985.jpg;006548.jpg;010323.jpg
031630.jpg;105581.jpg;055321.jpg
111724.jpg;115419.jpg;031020.jpg
151758.jpg;020839.jpg;035491.jpg
147196.jpg;032749.jpg;002739.jpg
123329.jpg;089760.jpg;118176.jpg
152069.jpg;046045.jpg;151941.jpg
157272.jpg;023023.jpg;084821.jpg
146068.jpg;000867.jpg;138636.jpg
102580.jpg;034255.jpg;065136.jpg
156445.jpg;152722.jpg;024648.jpg
165660.jpg;168895.jpg;145758.jpg
151775.jpg;069729.jpg;022654.jpg
142832.jpg;104486.jpg;004196.jpg
017410.jpg;107991.jpg;038631.jpg
019721.jpg;057168.jpg;147815.jpg
151003.jpg;071855.jpg;033269.jpg
136481.jpg;028502.jpg;161883.jpg
024807.jpg;081922.jpg;192772.jpg
050228.jpg;026801.jpg;185577.jpg
049802.jpg;017916.jpg;110443.jpg
104274.jpg;085724.jpg;017126.jpg
055395.jpg;108950.jpg;080711.jpg
161694.jpg;158240.jpg;068066.jpg
040778.jpg;034206.jpg;196249.jpg
093615.jpg;056459.jpg;043164.jpg
031746.jpg;123176.jpg;001382.jpg
012283.jpg;097188.jpg;198850.jpg
046024.jpg;150671.jpg;000175.jpg
126875.jpg;088042.jpg;193466.jpg
025210.jpg;089498.jpg;078411.jpg
201190.jpg;198140.jpg;032510.jpg
026241.jpg;065032.jpg;132970.jpg
129120.jpg;161153.jpg;027005.jpg
069712.jpg;086997.jpg;130892.jpg
177833.jpg;163581.jpg;069176.jpg
085626.jpg;005050.jpg;133423.jpg
005313.jpg;035509.jpg;167306.jpg
108044.jpg;022442.jpg;067297.jpg
021411.jpg;061184.jpg;116604.jpg
020085.jpg;077965.jpg;094105.jpg
150153.jpg;081659.jpg;012472.jpg
091466.jpg;055956.jpg;060967.jpg
004601.jpg;098336.jpg;116362.jpg
045639.jpg;040206.jpg;096397.jpg
174545.jpg;166165.jpg;121459.jpg
188261.jpg;194555.jpg;173443.jpg
038541.jpg;088721.jpg;065683.jpg
092030.jpg;102501.jpg;004448.jpg
055771.jpg;108227.jpg;115300.jpg
154126.jpg;027124.jpg;123850.jpg
196210.jpg;193590.jpg;018963.jpg
052570.jpg;000543.jpg;059214.jpg
099896.jpg;100653.jpg;044493.jpg
076334.jpg;020616.jpg;075008.jpg
195146.jpg;196861.jpg;161303.jpg
082894.jpg;111041.jpg;092417.jpg
011036.jpg;066558.jpg;097662.jpg
202308.jpg;201941.jpg;025078.jpg
052551.jpg;139396.jpg;057857.jpg
044375.jpg;044040.jpg;050729.jpg
000894.jpg;005551.jpg;159673.jpg
024560.jpg;060057.jpg;191064.jpg
111496.jpg;038482.jpg;051497.jpg
092902.jpg;091124.jpg;038998.jpg
157022.jpg;138871.jpg;081864.jpg
114590.jpg;070844.jpg;102458.jpg
146798.jpg;071202.jpg;037482.jpg
126680.jpg;155612.jpg;048990.jpg
076122.jpg;044640.jpg;178601.jpg
102101.jpg;093246.jpg;061937.jpg
004515.jpg;026444.jpg;016083.jpg
030724.jpg;068949.jpg;060314.jpg
119149.jpg;000267.jpg;060745.jpg
075886.jpg;022499.jpg;168469.jpg
092972.jpg;072338.jpg;036155.jpg
087097.jpg;077280.jpg;049527.jpg
131015.jpg;005948.jpg;012002.jpg
006590.jpg;151176.jpg;075770.jpg
147189.jpg;036345.jpg;130206.jpg
073931.jpg;135996.jpg;173021.jpg
037978.jpg;020911.jpg;112507.jpg
155874.jpg;084588.jpg;072264.jpg
159592.jpg;075736.jpg;039629.jpg
004031.jpg;098907.jpg;004254.jpg
036005.jpg;037020.jpg;187432.jpg
192691.jpg;185713.jpg;192870.jpg
000660.jpg;154052.jpg;174759.jpg
040835.jpg;086191.jpg;037109.jpg
040080.jpg;005621.jpg;143932.jpg
190501.jpg;187764.jpg;159592.jpg
066492.jpg;014383.jpg;034758.jpg
175328.jpg;182516.jpg;055160.jpg
137341.jpg;000830.jpg;024174.jpg
195000.jpg;199697.jpg;013732.jpg
070499.jpg;060970.jpg;075050.jpg
078866.jpg;144956.jpg;000323.jpg
100507.jpg;120468.jpg;081839.jpg
011331.jpg;073756.jpg;167398.jpg
085981.jpg;039244.jpg;116701.jpg
048813.jpg;025565.jpg;025071.jpg
036224.jpg;066136.jpg;112635.jpg
040587.jpg;003132.jpg;100474.jpg
156283.jpg;045344.jpg;195330.jpg
099661.jpg;041438.jpg;152472.jpg
044708.jpg;121411.jpg;098636.jpg
118061.jpg;132346.jpg;003852.jpg
135775.jpg;125365.jpg;007406.jpg
192615.jpg;195424.jpg;052975.jpg
146232.jpg;028560.jpg;139835.jpg
100087.jpg;112612.jpg;012667.jpg
019401.jpg;089897.jpg;127695.jpg
134532.jpg;042977.jpg;201153.jpg
103615.jpg;033078.jpg;122980.jpg
085866.jpg;132482.jpg;105723.jpg
175803.jpg;170759.jpg;111920.jpg
134536.jpg;024693.jpg;043942.jpg
037178.jpg;111915.jpg;085004.jpg
019261.jpg;052643.jpg;161977.jpg
067732.jpg;042806.jpg;133190.jpg
038092.jpg;067906.jpg;201752.jpg
097530.jpg;086764.jpg;148073.jpg
162199.jpg;027434.jpg;113538.jpg
158857.jpg;098562.jpg;072488.jpg
084989.jpg;084579.jpg;035495.jpg
049278.jpg;051716.jpg;033098.jpg
117925.jpg;025136.jpg;000069.jpg
009903.jpg;032091.jpg;150066.jpg
053645.jpg;125193.jpg;059412.jpg
004975.jpg;014659.jpg;026959.jpg
134710.jpg;030904.jpg;128444.jpg
026936.jpg;015767.jpg;134730.jpg
094416.jpg;056911.jpg;182460.jpg
070126.jpg;134983.jpg;126937.jpg
044587.jpg;065238.jpg;142424.jpg
120387.jpg;071596.jpg;051999.jpg
138425.jpg;055573.jpg;034683.jpg
137281.jpg;107214.jpg;133296.jpg
038137.jpg;112172.jpg;038122.jpg
178610.jpg;167885.jpg;132840.jpg
085485.jpg;032757.jpg;171184.jpg
148883.jpg;091836.jpg;083904.jpg
009681.jpg;043375.jpg;080260.jpg
020625.jpg;116301.jpg;181495.jpg
032730.jpg;110904.jpg;069979.jpg
124758.jpg;020571.jpg;080608.jpg
195364.jpg;188597.jpg;062291.jpg
154858.jpg;094658.jpg;170960.jpg
191423.jpg;201891.jpg;012443.jpg
088867.jpg;086513.jpg;183385.jpg
141175.jpg;079370.jpg;185450.jpg
068247.jpg;026970.jpg;153739.jpg
125629.jpg;001262.jpg;011787.jpg
197247.jpg;198598.jpg;199646.jpg
068374.jpg;090809.jpg;129816.jpg
103555.jpg;125102.jpg;050903.jpg
138179.jpg;046508.jpg;168806.jpg
198931.jpg;191462.jpg;036057.jpg
087381.jpg;010381.jpg;154926.jpg
187956.jpg;189618.jpg;126374.jpg
165354.jpg;175605.jpg;014612.jpg
001548.jpg;151825.jpg;071851.jpg
187591.jpg;194530.jpg;162108.jpg
202427.jpg;183349.jpg;058244.jpg
076479.jpg;060703.jpg;162466.jpg
003554.jpg;155614.jpg;169559.jpg
061814.jpg;124211.jpg;095133.jpg
040836.jpg;003378.jpg;158207.jpg
108512.jpg;125958.jpg;065594.jpg
181372.jpg;163797.jpg;030736.jpg
199701.jpg;191750.jpg;073689.jpg
071264.jpg;103193.jpg;110449.jpg
063209.jpg;022528.jpg;202148.jpg
192695.jpg;202130.jpg;167586.jpg
151078.jpg;052636.jpg;181836.jpg
143321.jpg;082826.jpg;061543.jpg
153645.jpg;098378.jpg;142379.jpg
026637.jpg;160297.jpg;148096.jpg
165916.jpg;170791.jpg;039621.jpg
196568.jpg;195060.jpg;110544.jpg
168442.jpg;171451.jpg;022762.jpg
187795.jpg;183015.jpg;047022.jpg
091617.jpg;060030.jpg;020425.jpg
048755.jpg;110590.jpg;063481.jpg
065937.jpg;121300.jpg;027047.jpg
174685.jpg;172010.jpg;024118.jpg
120082.jpg;123756.jpg;020525.jpg
163866.jpg;168030.jpg;159576.jpg
049612.jpg;038968.jpg;047845.jpg
073380.jpg;083888.jpg;064157.jpg
042950.jpg;019382.jpg;048524.jpg
198445.jpg;196831.jpg;062554.jpg
033983.jpg;062058.jpg;055186.jpg
096983.jpg;011909.jpg;177455.jpg
142322.jpg;009666.jpg;141135.jpg
025215.jpg;047318.jpg;006037.jpg
076688.jpg;147840.jpg;067959.jpg
018124.jpg;160117.jpg;181202.jpg
193572.jpg;200905.jpg;023602.jpg
164776.jpg;179680.jpg;008037.jpg
131555.jpg;126284.jpg;156994.jpg
199912.jpg;195065.jpg;074048.jpg
194805.jpg;189024.jpg;031575.jpg
103321.jpg;123896.jpg;092805.jpg
062015.jpg;007687.jpg;067837.jpg
030595.jpg;041089.jpg;157969.jpg
083730.jpg;059442.jpg;094246.jpg
096488.jpg;151058.jpg;026003.jpg
084356.jpg;093254.jpg;040105.jpg
087853.jpg;119426.jpg;158547.jpg
131099.jpg;088531.jpg;022169.jpg
023443.jpg;094814.jpg;053004.jpg
011566.jpg;036882.jpg;027232.jpg
153628.jpg;112370.jpg;113128.jpg
129595.jpg;155880.jpg;116862.jpg
059429.jpg;044199.jpg;171635.jpg
191126.jpg;184188.jpg;127135.jpg
129787.jpg;107504.jpg;037510.jpg
110993.jpg;053436.jpg;061802.jpg
137471.jpg;042215.jpg;023274.jpg
107239.jpg;006216.jpg;115592.jpg
028586.jpg;095536.jpg;000057.jpg
119549.jpg;118633.jpg;062472.jpg
182443.jpg;177211.jpg;078169.jpg
051430.jpg;013518.jpg;183974.jpg
107031.jpg;044087.jpg;196494.jpg
146122.jpg;107557.jpg;112993.jpg
101077.jpg;154675.jpg;059441.jpg
196107.jpg;198552.jpg;199834.jpg
151030.jpg;096823.jpg;168811.jpg
030535.jpg;130828.jpg;122338.jpg
076752.jpg;002868.jpg;014215.jpg
198183.jpg;194553.jpg;081130.jpg
128501.jpg;077772.jpg;040508.jpg
191557.jpg;194493.jpg;049457.jpg
180488.jpg;169773.jpg;076269.jpg
159976.jpg;099463.jpg;090874.jpg
152802.jpg;133761.jpg;047139.jpg
076322.jpg;101120.jpg;180417.jpg
176674.jpg;167537.jpg;188739.jpg
187413.jpg;185769.jpg;183065.jpg
023321.jpg;161698.jpg;032188.jpg
154414.jpg;160142.jpg;162711.jpg
063141.jpg;050144.jpg;020023.jpg
131563.jpg;150730.jpg;153275.jpg
060186.jpg;051018.jpg;034138.jpg
132860.jpg;012787.jpg;014958.jpg
073521.jpg;128334.jpg;045546.jpg
002564.jpg;123355.jpg;192459.jpg
011454.jpg;098466.jpg;027844.jpg
149700.jpg;118286.jpg;184385.jpg
130201.jpg;011703.jpg;086167.jpg
016645.jpg;100264.jpg;186357.jpg
161406.jpg;160639.jpg;109121.jpg
050017.jpg;043036.jpg;026424.jpg
077511.jpg;022263.jpg;125734.jpg
166109.jpg;178357.jpg;086256.jpg
043278.jpg;103188.jpg;024976.jpg
129617.jpg;108144.jpg;176883.jpg
041648.jpg;051323.jpg;034702.jpg
157688.jpg;063135.jpg;124365.jpg
101565.jpg;057320.jpg;136857.jpg
106604.jpg;132930.jpg;061770.jpg
196563.jpg;186434.jpg;090874.jpg
184977.jpg;194096.jpg;100071.jpg
090671.jpg;112753.jpg;052148.jpg
152832.jpg;159586.jpg;040491.jpg
049343.jpg;081297.jpg;147955.jpg
106774.jpg;144212.jpg;032414.jpg
023471.jpg;040962.jpg;172396.jpg
049701.jpg;061712.jpg;179581.jpg
146100.jpg;004740.jpg;008252.jpg
063904.jpg;141959.jpg;111894.jpg
037943.jpg;000731.jpg;153835.jpg
186680.jpg;198604.jpg;169966.jpg
113881.jpg;001111.jpg;090970.jpg
006616.jpg;142699.jpg;142944.jpg
085805.jpg;156647.jpg;076593.jpg
052169.jpg;093181.jpg;137549.jpg
192555.jpg;185675.jpg;080345.jpg
039141.jpg;119391.jpg;193505.jpg
071485.jpg;107933.jpg;174618.jpg
122339.jpg;131665.jpg;084303.jpg
163337.jpg;167851.jpg;105872.jpg
084587.jpg;124495.jpg;148741.jpg
046132.jpg;144650.jpg;061822.jpg
097679.jpg;010831.jpg;051962.jpg
161892.jpg;045621.jpg;069428.jpg
200091.jpg;188544.jpg;020748.jpg
028157.jpg;124453.jpg;176486.jpg
176647.jpg;166621.jpg;056929.jpg
014413.jpg;145947.jpg;041507.jpg
155190.jpg;106637.jpg;124441.jpg
135979.jpg;094582.jpg;014215.jpg
187418.jpg;189188.jpg;090975.jpg
069708.jpg;019842.jpg;154956.jpg
147129.jpg;100818.jpg;063449.jpg
004956.jpg;017560.jpg;035631.jpg
048409.jpg;072597.jpg;055638.jpg
042309.jpg;036117.jpg;180996.jpg
195841.jpg;198121.jpg;202101.jpg
162661.jpg;123548.jpg;177272.jpg
188354.jpg;199637.jpg;054413.jpg
066304.jpg;119713.jpg;181951.jpg
184360.jpg;193942.jpg;102148.jpg
146374.jpg;049618.jpg;099277.jpg
076339.jpg;002435.jpg;117645.jpg
045850.jpg;127033.jpg;157233.jpg
120365.jpg;113046.jpg;175587.jpg
000271.jpg;046477.jpg;146591.jpg
116707.jpg;094174.jpg;165195.jpg
054064.jpg;137829.jpg;114738.jpg
097078.jpg;122288.jpg;146881.jpg
077769.jpg;001106.jpg;025814.jpg
053612.jpg;082590.jpg;025719.jpg
058438.jpg;020741.jpg;112343.jpg
027277.jpg;090382.jpg;085640.jpg
110394.jpg;152512.jpg;096261.jpg
045219.jpg;131606.jpg;126495.jpg
105189.jpg;004822.jpg;135635.jpg
080416.jpg;157664.jpg;033867.jpg
013664.jpg;059595.jpg;186678.jpg
169300.jpg;165318.jpg;086635.jpg
009909.jpg;143235.jpg;098778.jpg
005988.jpg;142310.jpg;202516.jpg
081315.jpg;005969.jpg;046532.jpg
080293.jpg;001200.jpg;163488.jpg
177611.jpg;163560.jpg;126087.jpg
042451.jpg;076180.jpg;137376.jpg
065755.jpg;097204.jpg;108269.jpg
151433.jpg;054323.jpg;027539.jpg
052660.jpg;002695.jpg;096287.jpg
159199.jpg;036320.jpg;146982.jpg
017915.jpg;049434.jpg;170472.jpg
160073.jpg;048378.jpg;183023.jpg
199830.jpg;200788.jpg;055781.jpg
028464.jpg;026351.jpg;142433.jpg
029653.jpg;137283.jpg;035382.jpg
082626.jpg;109779.jpg;008773.jpg
177482.jpg;171184.jpg;138008.jpg
186343.jpg;201988.jpg;063067.jpg
140458.jpg;089230.jpg;114399.jpg
014316.jpg;057175.jpg;069906.jpg
132281.jpg;082312.jpg;108744.jpg
002231.jpg;019262.jpg;096314.jpg
160551.jpg;028702.jpg;100795.jpg
004100.jpg;098635.jpg;084477.jpg
122292.jpg;112429.jpg;181519.jpg
023575.jpg;063423.jpg;060254.jpg
162776.jpg;181887.jpg;009958.jpg
051424.jpg;117060.jpg;068947.jpg
069918.jpg;000517.jpg;081466.jpg
056382.jpg;037106.jpg;193845.jpg
161417.jpg;077842.jpg;172975.jpg
051131.jpg;019635.jpg;048064.jpg
098888.jpg;046193.jpg;185065.jpg
182061.jpg;165639.jpg;082415.jpg
145082.jpg;114511.jpg;123395.jpg
053543.jpg;123130.jpg;026750.jpg
017690.jpg;043935.jpg;126496.jpg
152592.jpg;063872.jpg;156107.jpg
074978.jpg;064897.jpg;181562.jpg
053047.jpg;037937.jpg;190891.jpg
066790.jpg;017581.jpg;167501.jpg
145223.jpg;095070.jpg;013184.jpg
191172.jpg;187131.jpg;060804.jpg
119883.jpg;139269.jpg;022214.jpg
164313.jpg;167843.jpg;164170.jpg
058046.jpg;131317.jpg;062863.jpg
193371.jpg;184751.jpg;065612.jpg
177319.jpg;163709.jpg;084255.jpg
017477.jpg;019763.jpg;001720.jpg
060808.jpg;114496.jpg;149204.jpg
200291.jpg;186974.jpg;050583.jpg
131752.jpg;084698.jpg;165801.jpg
012447.jpg;142104.jpg;129667.jpg
101732.jpg;156735.jpg;087498.jpg
026418.jpg;014930.jpg;127160.jpg
028258.jpg;000836.jpg;067258.jpg
193411.jpg;199719.jpg;065825.jpg
169377.jpg;164323.jpg;192218.jpg
069232.jpg;085117.jpg;045507.jpg
003050.jpg;137328.jpg;201411.jpg
078976.jpg;088259.jpg;035881.jpg
095735.jpg;123262.jpg;028982.jpg
149729.jpg;105959.jpg;064446.jpg
175966.jpg;165937.jpg;093939.jpg
016209.jpg;038492.jpg;091948.jpg
030347.jpg;162333.jpg;129445.jpg
048776.jpg;084953.jpg;129668.jpg
199848.jpg;193871.jpg;065598.jpg
041231.jpg;019148.jpg;157432.jpg
105582.jpg;136078.jpg;184027.jpg
008615.jpg;095676.jpg;063234.jpg
153708.jpg;132423.jpg;188439.jpg
002589.jpg;043056.jpg;025845.jpg
169009.jpg;170648.jpg;058295.jpg
005508.jpg;074446.jpg;154126.jpg
024622.jpg;063295.jpg;202574.jpg
124446.jpg;108682.jpg;012739.jpg
155271.jpg;119838.jpg;180681.jpg
194123.jpg;188139.jpg;150258.jpg
014787.jpg;020832.jpg;007575.jpg
051550.jpg;013440.jpg;150246.jpg
191345.jpg;187730.jpg;163360.jpg
032829.jpg;141713.jpg;173738.jpg
129820.jpg;053407.jpg;068916.jpg
153175.jpg;160602.jpg;081879.jpg
046014.jpg;129152.jpg;174690.jpg
037245.jpg;090460.jpg;015886.jpg
146926.jpg;052054.jpg;105764.jpg
201183.jpg;185014.jpg;142491.jpg
063913.jpg;013144.jpg;086217.jpg
097664.jpg;035934.jpg;077206.jpg
010982.jpg;077707.jpg;080549.jpg
031712.jpg;155085.jpg;040336.jpg
111582.jpg;137115.jpg;126417.jpg
199700.jpg;189652.jpg;191134.jpg
093608.jpg;132539.jpg;146145.jpg
040141.jpg;122175.jpg;154403.jpg
044405.jpg;035216.jpg;086526.jpg
130712.jpg;001178.jpg;073168.jpg
090574.jpg;031799.jpg;155605.jpg
105494.jpg;150261.jpg;022056.jpg
066565.jpg;136726.jpg;134153.jpg
042668.jpg;013389.jpg;093836.jpg
194522.jpg;199302.jpg;053892.jpg
116496.jpg;128871.jpg;024382.jpg
115560.jpg;016515.jpg;064205.jpg
010479.jpg;154128.jpg;024989.jpg
075668.jpg;073276.jpg;065940.jpg
160064.jpg;045219.jpg;177323.jpg
141156.jpg;121556.jpg;023974.jpg
171073.jpg;177456.jpg;196778.jpg
072067.jpg;058116.jpg;047023.jpg
001709.jpg;067310.jpg;129037.jpg
168773.jpg;169107.jpg;014950.jpg
097734.jpg;042360.jpg;156905.jpg
082485.jpg;107059.jpg;198682.jpg
102831.jpg;012416.jpg;194723.jpg
040654.jpg;083379.jpg;049528.jpg
052546.jpg;042696.jpg;084364.jpg
115805.jpg;146653.jpg;149066.jpg
113125.jpg;044181.jpg;142003.jpg
080851.jpg;043943.jpg;176227.jpg
108674.jpg;051535.jpg;113696.jpg
061984.jpg;096046.jpg;192396.jpg
126641.jpg;145147.jpg;126913.jpg
077740.jpg;121427.jpg;163292.jpg
069427.jpg;060616.jpg;095755.jpg
193978.jpg;201689.jpg;035695.jpg
111583.jpg;069028.jpg;035696.jpg
128113.jpg;013542.jpg;017378.jpg
062993.jpg;078018.jpg;059497.jpg
156968.jpg;070199.jpg;047998.jpg
133412.jpg;010720.jpg;146703.jpg
082296.jpg;158920.jpg;131746.jpg
134374.jpg;017426.jpg;117457.jpg
007279.jpg;011960.jpg;185648.jpg
196613.jpg;192463.jpg;172942.jpg
110302.jpg;052482.jpg;017503.jpg
041177.jpg;057608.jpg;126049.jpg
065375.jpg;076299.jpg;133827.jpg
157922.jpg;035678.jpg;031779.jpg
134319.jpg;108678.jpg;021068.jpg
141361.jpg;019003.jpg;006258.jpg
024647.jpg;079957.jpg;067024.jpg
013919.jpg;135225.jpg;089058.jpg
187746.jpg;195876.jpg;164519.jpg
202043.jpg;196903.jpg;033331.jpg
114974.jpg;134140.jpg;179586.jpg
036923.jpg;023677.jpg;181462.jpg
003838.jpg;026003.jpg;187408.jpg
098788.jpg;025965.jpg;181771.jpg
124602.jpg;035880.jpg;077038.jpg
008842.jpg;009566.jpg;059657.jpg
094211.jpg;064596.jpg;089188.jpg
166584.jpg;177322.jpg;104737.jpg
152586.jpg;142814.jpg;000639.jpg
151162.jpg;153223.jpg;112024.jpg
188979.jpg;198868.jpg;141124.jpg
134683.jpg;062785.jpg;151426.jpg
052114.jpg;049494.jpg;153899.jpg
166279.jpg;179425.jpg;017135.jpg
092998.jpg;094625.jpg;199040.jpg
026557.jpg;106069.jpg;137865.jpg
141713.jpg;142410.jpg;143887.jpg
166812.jpg;164174.jpg;044579.jpg
010912.jpg;148249.jpg;197947.jpg
105670.jpg;054946.jpg;022059.jpg
173876.jpg;182437.jpg;200052.jpg
017491.jpg;007367.jpg;136416.jpg
047864.jpg;041706.jpg;081515.jpg
033271.jpg;001145.jpg;056863.jpg
109789.jpg;006794.jpg;035810.jpg
139749.jpg;132016.jpg;120171.jpg
091360.jpg;095079.jpg;100545.jpg
001783.jpg;092239.jpg;013972.jpg
045736.jpg;108024.jpg;195274.jpg
002911.jpg;073690.jpg;183437.jpg
049874.jpg;021721.jpg;026060.jpg
087709.jpg;080805.jpg;061663.jpg
116061.jpg;009215.jpg;175709.jpg
093357.jpg;060412.jpg;122303.jpg
161882.jpg;060343.jpg;050011.jpg
142249.jpg;017451.jpg;056724.jpg
083625.jpg;120078.jpg;046720.jpg
200178.jpg;183373.jpg;000938.jpg
123398.jpg;118044.jpg;096701.jpg
112743.jpg;069477.jpg;069231.jpg
112032.jpg;041401.jpg;127197.jpg
125168.jpg;129085.jpg;096448.jpg
088962.jpg;020805.jpg;098448.jpg
101626.jpg;128968.jpg;161202.jpg
052238.jpg;125639.jpg;174981.jpg
025578.jpg;079674.jpg;082565.jpg
048863.jpg;143198.jpg;083762.jpg
070621.jpg;018798.jpg;191429.jpg
124188.jpg;066203.jpg;040962.jpg
036677.jpg;154420.jpg;038320.jpg
067265.jpg;033011.jpg;108019.jpg
191047.jpg;186060.jpg;030420.jpg
188114.jpg;189559.jpg;169316.jpg
129776.jpg;061955.jpg;136247.jpg
003279.jpg;001273.jpg;062735.jpg
189818.jpg;198063.jpg;167667.jpg
050644.jpg;014915.jpg;091638.jpg
184986.jpg;201790.jpg;077134.jpg
025251.jpg;032837.jpg;153119.jpg
044450.jpg;001925.jpg;139175.jpg
016210.jpg;074713.jpg;013868.jpg
055789.jpg;027404.jpg;139486.jpg
118288.jpg;081590.jpg;194413.jpg
063732.jpg;161890.jpg;000058.jpg
137192.jpg;039592.jpg;050493.jpg
006222.jpg;142893.jpg;095815.jpg
160396.jpg;143005.jpg;028115.jpg
100945.jpg;155333.jpg;056545.jpg
169040.jpg;178048.jpg;087758.jpg
004939.jpg;028031.jpg;174695.jpg
100966.jpg;156921.jpg;160275.jpg
141919.jpg;085520.jpg;178007.jpg
112821.jpg;087836.jpg;029909.jpg
001108.jpg;088206.jpg;140013.jpg
027458.jpg;037720.jpg;068907.jpg
174266.jpg;166747.jpg;128757.jpg
169840.jpg;166878.jpg;003202.jpg
125562.jpg;148581.jpg;050332.jpg
114600.jpg;157580.jpg;083390.jpg
157203.jpg;038423.jpg;097138.jpg
027122.jpg;158738.jpg;141708.jpg
088873.jpg;055202.jpg;004482.jpg
155573.jpg;139634.jpg;097818.jpg
133747.jpg;113568.jpg;016534.jpg
021431.jpg;148178.jpg;099457.jpg
163200.jpg;164719.jpg;179465.jpg
146422.jpg;031895.jpg;074507.jpg
033956.jpg;111927.jpg;143766.jpg
094944.jpg;093266.jpg;141003.jpg
152227.jpg;110105.jpg;012845.jpg
027689.jpg;145072.jpg;146408.jpg
120230.jpg;061184.jpg;141483.jpg
114795.jpg;069737.jpg;050847.jpg
099517.jpg;021115.jpg;098378.jpg
180757.jpg;174098.jpg;073594.jpg
136818.jpg;095460.jpg;027910.jpg
165991.jpg;168906.jpg;075367.jpg
128612.jpg;086837.jpg;159716.jpg
090299.jpg;086509.jpg;077426.jpg
136460.jpg;090187.jpg;099124.jpg
184341.jpg;199095.jpg;130392.jpg
021857.jpg;018813.jpg;094705.jpg
144624.jpg;122498.jpg;096695.jpg
008582.jpg;098292.jpg;101132.jpg
147148.jpg;132721.jpg;093821.jpg
055500.jpg;153109.jpg;100831.jpg
019846.jpg;015548.jpg;018580.jpg
169064.jpg;178387.jpg;090518.jpg
099253.jpg;025823.jpg;103677.jpg
162981.jpg;169039.jpg;152936.jpg
043815.jpg;140703.jpg;034542.jpg
105121.jpg;117071.jpg;020455.jpg
197649.jpg;183110.jpg;065955.jpg
183188.jpg;200583.jpg;060616.jpg
121607.jpg;061193.jpg;114520.jpg
027319.jpg;091223.jpg;199909.jpg
048600.jpg;063184.jpg;131965.jpg
135558.jpg;038991.jpg;128083.jpg
027106.jpg;150892.jpg;172992.jpg
122310.jpg;062174.jpg;169519.jpg
150906.jpg;047207.jpg;179060.jpg
055873.jpg;147605.jpg;178300.jpg
077616.jpg;130907.jpg;135587.jpg
145969.jpg;066057.jpg;099198.jpg
088684.jpg;028342.jpg;086146.jpg
048066.jpg;023210.jpg;078151.jpg
108808.jpg;062842.jpg;106759.jpg
004999.jpg;147093.jpg;024559.jpg
078870.jpg;005435.jpg;059515.jpg
150695.jpg;084217.jpg;030339.jpg
128036.jpg;127610.jpg;097581.jpg
189077.jpg;189215.jpg;139965.jpg
130907.jpg;133025.jpg;137221.jpg
151828.jpg;067209.jpg;052791.jpg
015939.jpg;054767.jpg;112758.jpg
132015.jpg;092773.jpg;165659.jpg
107071.jpg;102151.jpg;123695.jpg
155548.jpg;022241.jpg;140008.jpg
135192.jpg;076385.jpg;043712.jpg
160425.jpg;061270.jpg;166005.jpg
055890.jpg;011581.jpg;046626.jpg
028112.jpg;039445.jpg;152479.jpg
084937.jpg;161607.jpg;098592.jpg
138799.jpg;055556.jpg;200562.jpg
063073.jpg;105849.jpg;126764.jpg
175805.jpg;163052.jpg;067852.jpg
157717.jpg;040819.jpg;001564.jpg
045384.jpg;059994.jpg;139515.jpg
120124.jpg;065957.jpg;034363.jpg
142198.jpg;032355.jpg;107499.jpg
125804.jpg;004269.jpg;088023.jpg
000202.jpg;003627.jpg;137534.jpg
006926.jpg;042327.jpg;157345.jpg
160985.jpg;108738.jpg;066410.jpg
156248.jpg;102572.jpg;038793.jpg
035985.jpg;049575.jpg;068824.jpg
194506.jpg;197926.jpg;050191.jpg
190080.jpg;184567.jpg;020476.jpg
003891.jpg;149645.jpg;027482.jpg
118544.jpg;030165.jpg;178181.jpg
062313.jpg;121881.jpg;036585.jpg
118174.jpg;013282.jpg;180170.jpg
058419.jpg;062519.jpg;084580.jpg
186157.jpg;192341.jpg;101530.jpg
008074.jpg;072237.jpg;127409.jpg
146681.jpg;059595.jpg;063777.jpg
053768.jpg;103465.jpg;163669.jpg
067512.jpg;087022.jpg;157607.jpg
010544.jpg;015351.jpg;000782.jpg
045150.jpg;056611.jpg;079354.jpg
126050.jpg;114363.jpg;034403.jpg
036670.jpg;084187.jpg;173080.jpg
016342.jpg;149387.jpg;070482.jpg
197100.jpg;187721.jpg;114547.jpg
060171.jpg;155724.jpg;059604.jpg
143383.jpg;084689.jpg;163781.jpg
001592.jpg;030813.jpg;097244.jpg
110909.jpg;148787.jpg;096782.jpg
190961.jpg;190156.jpg;078443.jpg
124974.jpg;057576.jpg;006514.jpg
181887.jpg;174440.jpg;167925.jpg
156587.jpg;065384.jpg;177194.jpg
079019.jpg;134678.jpg;063777.jpg
175658.jpg;179459.jpg;065554.jpg
037562.jpg;155167.jpg;181486.jpg
081064.jpg;100689.jpg;200157.jpg
131123.jpg;156059.jpg;167214.jpg
084179.jpg;153184.jpg;043394.jpg
123580.jpg;035872.jpg;114290.jpg
050238.jpg;150002.jpg;015567.jpg
199440.jpg;194030.jpg;070138.jpg
144778.jpg;001690.jpg;170429.jpg
129028.jpg;112849.jpg;049730.jpg
149929.jpg;081541.jpg;118607.jpg
115870.jpg;040698.jpg;172229.jpg
152153.jpg;023681.jpg;194860.jpg
064847.jpg;050884.jpg;029457.jpg
046345.jpg;130581.jpg;111420.jpg
046472.jpg;069825.jpg;167844.jpg
116514.jpg;105093.jpg;200765.jpg
127508.jpg;099770.jpg;135833.jpg
041165.jpg;040105.jpg;025603.jpg
032749.jpg;001881.jpg;048764.jpg
000194.jpg;006214.jpg;109996.jpg
195099.jpg;194543.jpg;184169.jpg
121369.jpg;085340.jpg;129751.jpg
177335.jpg;180693.jpg;074029.jpg
115164.jpg;104903.jpg;193970.jpg
096210.jpg;156048.jpg;159618.jpg
063580.jpg;140541.jpg;100775.jpg
117179.jpg;073704.jpg;111376.jpg
042815.jpg;044388.jpg;154499.jpg
019804.jpg;097525.jpg;065346.jpg
157043.jpg;047638.jpg;062402.jpg
099258.jpg;143417.jpg;030276.jpg
145826.jpg;125449.jpg;053644.jpg
065600.jpg;121081.jpg;201011.jpg
146853.jpg;102111.jpg;111167.jpg
134396.jpg;116254.jpg;199931.jpg
002947.jpg;160253.jpg;076854.jpg
060032.jpg;019705.jpg;051931.jpg
048309.jpg;065915.jpg;018786.jpg
184815.jpg;198899.jpg;065622.jpg
003580.jpg;057335.jpg;152518.jpg
035765.jpg;037143.jpg;169089.jpg
077715.jpg;061980.jpg;001540.jpg
028641.jpg;086477.jpg;104279.jpg
109311.jpg;027922.jpg;167987.jpg
008231.jpg;110071.jpg;172703.jpg
125018.jpg;042437.jpg;082838.jpg
180590.jpg;171329.jpg;097540.jpg
194724.jpg;194466.jpg;126154.jpg
022371.jpg;146981.jpg;125761.jpg
033607.jpg;116944.jpg;084186.jpg
137588.jpg;160298.jpg;095922.jpg
154203.jpg;145831.jpg;166851.jpg
185591.jpg;201088.jpg;011216.jpg
014748.jpg;020845.jpg;133598.jpg
036822.jpg;069487.jpg;158550.jpg
176269.jpg;181070.jpg;091745.jpg
063906.jpg;154795.jpg;108526.jpg
077410.jpg;140721.jpg;023022.jpg
034119.jpg;030174.jpg;175924.jpg
098881.jpg;142037.jpg;166433.jpg
124994.jpg;120294.jpg;201417.jpg
192175.jpg;185795.jpg;167854.jpg
138885.jpg;095445.jpg;060458.jpg
024109.jpg;038323.jpg;061485.jpg
021531.jpg;056227.jpg;200999.jpg
096506.jpg;072986.jpg;049845.jpg
101023.jpg;073999.jpg;132757.jpg
010792.jpg;091653.jpg;197708.jpg
164021.jpg;178762.jpg;032391.jpg
190707.jpg;192059.jpg;150344.jpg
103965.jpg;025969.jpg;108388.jpg
090658.jpg;028400.jpg;044693.jpg
152024.jpg;076545.jpg;037295.jpg
160255.jpg;051112.jpg;152307.jpg
095900.jpg;157190.jpg;055873.jpg
123962.jpg;058797.jpg;011125.jpg
080960.jpg;000403.jpg;019884.jpg
185390.jpg;191753.jpg;171519.jpg
173650.jpg;175049.jpg;196041.jpg
005066.jpg;022990.jpg;160250.jpg
011173.jpg;061526.jpg;011451.jpg
125358.jpg;099991.jpg;019463.jpg
109579.jpg;054095.jpg;120119.jpg
094210.jpg;070484.jpg;148195.jpg
124738.jpg;099881.jpg;112154.jpg
155973.jpg;043156.jpg;113948.jpg
031126.jpg;146851.jpg;071082.jpg
130523.jpg;100372.jpg;108735.jpg
126783.jpg;095816.jpg;166757.jpg
097581.jpg;132478.jpg;197686.jpg
037061.jpg;137396.jpg;150337.jpg
104400.jpg;005650.jpg;176998.jpg
047450.jpg;004234.jpg;013013.jpg
117804.jpg;046800.jpg;200719.jpg
027486.jpg;034605.jpg;190126.jpg
054336.jpg;070246.jpg;164253.jpg
130725.jpg;100534.jpg;107951.jpg
052789.jpg;075235.jpg;075837.jpg
113598.jpg;058815.jpg;078608.jpg
161125.jpg;049708.jpg;148431.jpg
191302.jpg;184385.jpg;035093.jpg
098170.jpg;146972.jpg;177324.jpg
177161.jpg;176171.jpg;102087.jpg
151144.jpg;035230.jpg;198789.jpg
025113.jpg;045720.jpg;025996.jpg
180678.jpg;165894.jpg;109413.jpg
035647.jpg;121746.jpg;077452.jpg
054715.jpg;094498.jpg;076929.jpg
098356.jpg;068163.jpg;045262.jpg
005372.jpg;128821.jpg;171235.jpg
177399.jpg;162860.jpg;167477.jpg
179898.jpg;163207.jpg;115939.jpg
117323.jpg;046032.jpg;025050.jpg
119488.jpg;114758.jpg;132019.jpg
172170.jpg;177918.jpg;139040.jpg
045962.jpg;024206.jpg;122896.jpg
000700.jpg;038303.jpg;053814.jpg
131083.jpg;003825.jpg;121353.jpg
056328.jpg;124620.jpg;057061.jpg
011691.jpg;138730.jpg;028423.jpg
139389.jpg;104931.jpg;008107.jpg
132203.jpg;120306.jpg;147619.jpg
141457.jpg;052127.jpg;146410.jpg
166157.jpg;167972.jpg;049156.jpg
014820.jpg;126028.jpg;075610.jpg
068608.jpg;048832.jpg;096429.jpg
062766.jpg;159115.jpg;118976.jpg
023482.jpg;022518.jpg;078473.jpg
019576.jpg;052177.jpg;199779.jpg
099310.jpg;131646.jpg;149256.jpg
193613.jpg;182999.jpg;116667.jpg
150508.jpg;124161.jpg;087123.jpg
130355.jpg;001271.jpg;148158.jpg
083563.jpg;143625.jpg;143968.jpg
071423.jpg;108021.jpg;083273.jpg
091669.jpg;127456.jpg;067365.jpg
117964.jpg;001904.jpg;121081.jpg
160850.jpg;000145.jpg;044240.jpg
042818.jpg;082390.jpg;193410.jpg
008512.jpg;037203.jpg;064694.jpg
104496.jpg;058395.jpg;078944.jpg
128292.jpg;037704.jpg;098018.jpg
015451.jpg;076700.jpg;000431.jpg
169369.jpg;164851.jpg;103350.jpg
176518.jpg;181027.jpg;052702.jpg
115998.jpg;010666.jpg;022190.jpg
107234.jpg;083052.jpg;128889.jpg
195173.jpg;199209.jpg;170360.jpg
001600.jpg;102899.jpg;018472.jpg
043601.jpg;084879.jpg;192172.jpg
159663.jpg;089707.jpg;104440.jpg
113006.jpg;029128.jpg;050344.jpg
159411.jpg;004879.jpg;171469.jpg
100893.jpg;092101.jpg;042716.jpg
100652.jpg;012141.jpg;164173.jpg
155633.jpg;055417.jpg;034168.jpg
081865.jpg;137623.jpg;132370.jpg
104173.jpg;047714.jpg;046653.jpg
137373.jpg;142464.jpg;070433.jpg
012164.jpg;058903.jpg;039391.jpg
015418.jpg;133064.jpg;070700.jpg
118828.jpg;107105.jpg;072468.jpg
074296.jpg;003743.jpg;120367.jpg
022569.jpg;114875.jpg;175831.jpg
036906.jpg;064906.jpg;099197.jpg
148375.jpg;054307.jpg;127616.jpg
049128.jpg;158342.jpg;013197.jpg
193373.jpg;182697.jpg;055582.jpg
011458.jpg;115205.jpg;181246.jpg
009699.jpg;021535.jpg;018330.jpg
112273.jpg;001605.jpg;098747.jpg
172020.jpg;166730.jpg;186496.jpg
147796.jpg;086206.jpg;064060.jpg
139506.jpg;091203.jpg;063144.jpg
190303.jpg;186174.jpg;155572.jpg
031296.jpg;062644.jpg;165066.jpg
069541.jpg;156920.jpg;137548.jpg
044568.jpg;025086.jpg;021286.jpg
034932.jpg;025846.jpg;054457.jpg
166225.jpg;163339.jpg;200190.jpg
072066.jpg;050819.jpg;182834.jpg
084458.jpg;077504.jpg;059828.jpg
053843.jpg;074971.jpg;105770.jpg
082305.jpg;056218.jpg;051297.jpg
076956.jpg;127428.jpg;020901.jpg
159004.jpg;125015.jpg;106628.jpg
099433.jpg;124517.jpg;108232.jpg
198212.jpg;187429.jpg;148194.jpg
097034.jpg;106139.jpg;175924.jpg
117565.jpg;039740.jpg;083155.jpg
148425.jpg;023329.jpg;202138.jpg
071643.jpg;031268.jpg;092323.jpg
158266.jpg;072723.jpg;124629.jpg
060175.jpg;074482.jpg;187701.jpg
090020.jpg;063023.jpg;100034.jpg
051890.jpg;100613.jpg;032040.jpg
188117.jpg;191276.jpg;114839.jpg
142439.jpg;019022.jpg;000637.jpg
092263.jpg;013515.jpg;089577.jpg
159538.jpg;048001.jpg;086042.jpg
129049.jpg;039822.jpg;041593.jpg
144113.jpg;132437.jpg;025950.jpg
084435.jpg;091466.jpg;166018.jpg
198958.jpg;188891.jpg;112437.jpg
054885.jpg;025156.jpg;008660.jpg
055627.jpg;145568.jpg;024401.jpg
117988.jpg;035770.jpg;071423.jpg
079899.jpg;119714.jpg;111971.jpg
093538.jpg;046761.jpg;034487.jpg
161110.jpg;045810.jpg;012357.jpg
073059.jpg;118176.jpg;110128.jpg
020343.jpg;109684.jpg;047966.jpg
031442.jpg;094910.jpg;078718.jpg
033133.jpg;090952.jpg;154310.jpg
105483.jpg;016747.jpg;034927.jpg
086092.jpg;102004.jpg;190159.jpg
169046.jpg;170822.jpg;030379.jpg
017862.jpg;138720.jpg;170182.jpg
144268.jpg;092069.jpg;086393.jpg
033839.jpg;107575.jpg;066966.jpg
051671.jpg;060797.jpg;120393.jpg
042738.jpg;148545.jpg;078799.jpg
163850.jpg;179987.jpg;006168.jpg
125359.jpg;141748.jpg;149371.jpg
122899.jpg;016873.jpg;037751.jpg
060442.jpg;142725.jpg;146046.jpg
199273.jpg;191519.jpg;136969.jpg
072831.jpg;043286.jpg;163759.jpg
127814.jpg;060596.jpg;156149.jpg
038685.jpg;128555.jpg;082766.jpg
049951.jpg;051203.jpg;056905.jpg
124047.jpg;058385.jpg;014840.jpg
096501.jpg;087699.jpg;176009.jpg
032774.jpg;031131.jpg;125498.jpg
056795.jpg;077477.jpg;004877.jpg
102543.jpg;070009.jpg;122326.jpg
193613.jpg;192223.jpg;027797.jpg
001708.jpg;135199.jpg;085576.jpg
133140.jpg;105254.jpg;190503.jpg
131382.jpg;119964.jpg;120551.jpg
120640.jpg;024667.jpg;174370.jpg
189055.jpg;186067.jpg;150853.jpg
135011.jpg;082610.jpg;140636.jpg
051549.jpg;145214.jpg;009365.jpg
044651.jpg;101621.jpg;196344.jpg
121456.jpg;050392.jpg;080299.jpg
004714.jpg;042089.jpg;083457.jpg
158349.jpg;130862.jpg;049688.jpg
011784.jpg;044051.jpg;111134.jpg
132121.jpg;053808.jpg;054586.jpg
048036.jpg;127484.jpg;194616.jpg
098915.jpg;036244.jpg;120366.jpg
032023.jpg;039578.jpg;114390.jpg
026608.jpg;111544.jpg;092440.jpg
127495.jpg;019327.jpg;185189.jpg
107263.jpg;022715.jpg;162809.jpg
020294.jpg;049078.jpg;153202.jpg
157149.jpg;126936.jpg;163773.jpg
057379.jpg;059943.jpg;124682.jpg
101525.jpg;145011.jpg;067151.jpg
164108.jpg;175813.jpg;009533.jpg
124416.jpg;124976.jpg;027469.jpg
068620.jpg;055804.jpg;081139.jpg
141309.jpg;049427.jpg;055946.jpg
164475.jpg;181289.jpg;121262.jpg
038637.jpg;132253.jpg;150693.jpg
083052.jpg;068827.jpg;025351.jpg
062621.jpg;002499.jpg;082782.jpg
009606.jpg;158492.jpg;101130.jpg
048318.jpg;122489.jpg;179971.jpg
004790.jpg;142722.jpg;170383.jpg
082366.jpg;058182.jpg;061607.jpg
142510.jpg;027673.jpg;160357.jpg
104784.jpg;125470.jpg;119444.jpg
071759.jpg;062327.jpg;165333.jpg
122931.jpg;011390.jpg;169841.jpg
072740.jpg;092123.jpg;006897.jpg
070468.jpg;077377.jpg;014241.jpg
090977.jpg;012010.jpg;092938.jpg
124870.jpg;157533.jpg;050697.jpg
007737.jpg;153308.jpg;008807.jpg
178548.jpg;180731.jpg;152217.jpg
128960.jpg;085697.jpg;035184.jpg
178080.jpg;167446.jpg;059270.jpg
110454.jpg;054198.jpg;097460.jpg
002610.jpg;098312.jpg;194280.jpg
025386.jpg;139217.jpg;039900.jpg
122941.jpg;090137.jpg;066956.jpg
143943.jpg;138435.jpg;155630.jpg
112819.jpg;162709.jpg;079302.jpg
182811.jpg;189073.jpg;140162.jpg
041676.jpg;108037.jpg;112857.jpg
043315.jpg;002423.jpg;112236.jpg
002052.jpg;022406.jpg;033585.jpg
017189.jpg;091662.jpg;108397.jpg
049379.jpg;144244.jpg;084186.jpg
055732.jpg;109524.jpg;196488.jpg
195137.jpg;194165.jpg;036420.jpg
182683.jpg;189466.jpg;119189.jpg
149119.jpg;040176.jpg;112208.jpg
064563.jpg;047470.jpg;144220.jpg
123006.jpg;090577.jpg;018609.jpg
063326.jpg;115392.jpg;170272.jpg
033171.jpg;111304.jpg;056384.jpg
034690.jpg;129230.jpg;130440.jpg
025880.jpg;035524.jpg;065071.jpg
007533.jpg;045865.jpg;005761.jpg
094353.jpg;047152.jpg;093876.jpg
155586.jpg;112749.jpg;108471.jpg
108584.jpg;090447.jpg;195138.jpg
085793.jpg;010012.jpg;196718.jpg
161898.jpg;111391.jpg;114852.jpg
003158.jpg;082438.jpg;030629.jpg
173069.jpg;174349.jpg;148420.jpg
115754.jpg;068307.jpg;023873.jpg
090880.jpg;046384.jpg;093653.jpg
106022.jpg;125376.jpg;115817.jpg
196244.jpg;198369.jpg;198630.jpg
202214.jpg;184901.jpg;017396.jpg
159691.jpg;029541.jpg;156738.jpg
198131.jpg;202234.jpg;008581.jpg
095853.jpg;098747.jpg;025609.jpg
054897.jpg;140964.jpg;114595.jpg
187715.jpg;191476.jpg;153144.jpg
109806.jpg;090467.jpg;104382.jpg
041584.jpg;033698.jpg;161006.jpg
124187.jpg;099668.jpg;126988.jpg
200856.jpg;187851.jpg;190466.jpg
040633.jpg;088979.jpg;179898.jpg
043352.jpg;099646.jpg;198401.jpg
098717.jpg;160267.jpg;010384.jpg
081663.jpg;004554.jpg;132543.jpg
031634.jpg;074302.jpg;059279.jpg
184821.jpg;184902.jpg;109730.jpg
089953.jpg;047904.jpg;140952.jpg
180993.jpg;177337.jpg;147023.jpg
027039.jpg;095362.jpg;153599.jpg
197723.jpg;197170.jpg;162071.jpg
099573.jpg;031631.jpg;190562.jpg
055252.jpg;023469.jpg;126450.jpg
132101.jpg;088472.jpg;095764.jpg
202193.jpg;191299.jpg;097610.jpg
015548.jpg;148677.jpg;169095.jpg
169082.jpg;168368.jpg;051340.jpg
139741.jpg;118903.jpg;125571.jpg
185604.jpg;186871.jpg;157071.jpg
001774.jpg;137084.jpg;041650.jpg
188497.jpg;194352.jpg;075416.jpg
135585.jpg;054385.jpg;146823.jpg
017847.jpg;079091.jpg;068923.jpg
056063.jpg;120606.jpg;050912.jpg
001354.jpg;017480.jpg;022006.jpg
074513.jpg;022526.jpg;030127.jpg
089346.jpg;067055.jpg;125972.jpg
150675.jpg;129501.jpg;024886.jpg
094331.jpg;100062.jpg;015832.jpg
150021.jpg;137387.jpg;174836.jpg
172092.jpg;171814.jpg;112352.jpg
047740.jpg;010736.jpg;174201.jpg
067736.jpg;116136.jpg;114049.jpg
067107.jpg;122969.jpg;109487.jpg
002370.jpg;051197.jpg;175867.jpg
143158.jpg;086872.jpg;087806.jpg
157161.jpg;051197.jpg;045423.jpg
080536.jpg;112417.jpg;146247.jpg
015127.jpg;021799.jpg;017512.jpg
001616.jpg;041001.jpg;082936.jpg
102351.jpg;040048.jpg;111171.jpg
137703.jpg;017651.jpg;031547.jpg
117650.jpg;045946.jpg;114588.jpg
157778.jpg;076170.jpg;141365.jpg
135489.jpg;080227.jpg;061435.jpg
154952.jpg;072161.jpg;116527.jpg
144815.jpg;093152.jpg;087001.jpg
131666.jpg;059818.jpg;013992.jpg
039209.jpg;111737.jpg;157792.jpg
101840.jpg;148943.jpg;169445.jpg
107341.jpg;089705.jpg;100652.jpg
031806.jpg;098896.jpg;157498.jpg
070572.jpg;133389.jpg;078103.jpg
103952.jpg;071379.jpg;088228.jpg
088952.jpg;078247.jpg;060928.jpg
178920.jpg;167080.jpg;148768.jpg
035644.jpg;108611.jpg;175817.jpg
079759.jpg;107066.jpg;039853.jpg
167218.jpg;177543.jpg;179656.jpg
128010.jpg;140167.jpg;179021.jpg
157437.jpg;121232.jpg;004555.jpg
144440.jpg;003048.jpg;053337.jpg
197073.jpg;186011.jpg;070604.jpg
016061.jpg;098163.jpg;068627.jpg
199701.jpg;197515.jpg;015413.jpg
135402.jpg;018081.jpg;167332.jpg
011151.jpg;064747.jpg;073183.jpg
003582.jpg;159383.jpg;127087.jpg
169822.jpg;173649.jpg;166093.jpg
140030.jpg;048892.jpg;096652.jpg
134832.jpg;138386.jpg;149595.jpg
054010.jpg;070380.jpg;177933.jpg
033810.jpg;003623.jpg;097492.jpg
153683.jpg;085526.jpg;148487.jpg
077086.jpg;098673.jpg;047460.jpg
105923.jpg;039125.jpg;186015.jpg
061392.jpg;008076.jpg;029014.jpg
017081.jpg;013777.jpg;146082.jpg
105743.jpg;133423.jpg;153189.jpg
135487.jpg;013062.jpg;182392.jpg
131708.jpg;049088.jpg;018123.jpg
065644.jpg;162554.jpg;187985.jpg
015984.jpg;008530.jpg;072934.jpg
078009.jpg;118330.jpg;088852.jpg
139648.jpg;048854.jpg;183645.jpg
120376.jpg;146482.jpg;163795.jpg
169450.jpg;168555.jpg;048816.jpg
112359.jpg;151846.jpg;160978.jpg
045189.jpg;125420.jpg;040840.jpg
144013.jpg;045047.jpg;104824.jpg
042429.jpg;077732.jpg;030836.jpg
148215.jpg;115353.jpg;102176.jpg
136349.jpg;106925.jpg;145143.jpg
131664.jpg;029252.jpg;173425.jpg
161454.jpg;081588.jpg;027638.jpg
010897.jpg;098516.jpg;121579.jpg
177223.jpg;176885.jpg;103193.jpg
046269.jpg;109941.jpg;060647.jpg
055941.jpg;065164.jpg;013372.jpg
182925.jpg;188536.jpg;015287.jpg
078728.jpg;068697.jpg;186071.jpg
071515.jpg;067675.jpg;179782.jpg
126892.jpg;146066.jpg;186108.jpg
044916.jpg;077596.jpg;169212.jpg
023209.jpg;115523.jpg;033716.jpg
057733.jpg;145852.jpg;169203.jpg
146482.jpg;023016.jpg;088761.jpg
003803.jpg;111912.jpg;117977.jpg
198553.jpg;196191.jpg;100778.jpg
079829.jpg;030020.jpg;116407.jpg
106921.jpg;025378.jpg;117612.jpg
164630.jpg;165233.jpg;160354.jpg
068009.jpg;100594.jpg;073870.jpg
072279.jpg;039568.jpg;168187.jpg
034926.jpg;042726.jpg;142846.jpg
157467.jpg;106980.jpg;072446.jpg
027827.jpg;067855.jpg;132256.jpg
028932.jpg;159631.jpg;056633.jpg
115864.jpg;109413.jpg;126351.jpg
050364.jpg;122367.jpg;185693.jpg
200058.jpg;202073.jpg;201462.jpg
075274.jpg;078184.jpg;131046.jpg
003508.jpg;162090.jpg;124240.jpg
119422.jpg;094550.jpg;067573.jpg
105224.jpg;035578.jpg;136316.jpg
036881.jpg;108803.jpg;069494.jpg
020008.jpg;088180.jpg;066701.jpg
147900.jpg;115448.jpg;131255.jpg
091402.jpg;099035.jpg;117090.jpg
192513.jpg;185710.jpg;121083.jpg
081186.jpg;128877.jpg;044920.jpg
193694.jpg;196413.jpg;140050.jpg
039027.jpg;020828.jpg;199258.jpg
088735.jpg;079607.jpg;177492.jpg
142823.jpg;125240.jpg;117350.jpg
120712.jpg;071829.jpg;070793.jpg
082325.jpg;025738.jpg;177108.jpg
109279.jpg;023710.jpg;089468.jpg
062260.jpg;047599.jpg;015013.jpg
029215.jpg;036885.jpg;066120.jpg
123042.jpg;007275.jpg;182298.jpg
095876.jpg;050465.jpg;076053.jpg
101331.jpg;121004.jpg;088471.jpg
079860.jpg;142476.jpg;056572.jpg
125251.jpg;009977.jpg;038031.jpg
114810.jpg;086565.jpg;163621.jpg
115024.jpg;006249.jpg;141559.jpg
145790.jpg;044048.jpg;063080.jpg
030439.jpg;162391.jpg;052481.jpg
125337.jpg;065240.jpg;183362.jpg
099436.jpg;064037.jpg;024807.jpg
179666.jpg;173956.jpg;061247.jpg
050055.jpg;097154.jpg;173868.jpg
098665.jpg;112279.jpg;005759.jpg
085533.jpg;075331.jpg;180065.jpg
137634.jpg;049269.jpg;197510.jpg
128412.jpg;016811.jpg;100802.jpg
090667.jpg;042987.jpg;133503.jpg
055880.jpg;024750.jpg;127282.jpg
016610.jpg;144626.jpg;120846.jpg
069791.jpg;086588.jpg;047403.jpg
024828.jpg;055236.jpg;057067.jpg
183495.jpg;200306.jpg;089797.jpg
115907.jpg;008535.jpg;118681.jpg
178743.jpg;170975.jpg;002751.jpg
121151.jpg;109318.jpg;093215.jpg
110737.jpg;107888.jpg;151110.jpg
146996.jpg;087966.jpg;014307.jpg
044123.jpg;073732.jpg;074157.jpg
107477.jpg;122432.jpg;064809.jpg
028152.jpg;104230.jpg;055103.jpg
142947.jpg;156086.jpg;138589.jpg
027848.jpg;160934.jpg;156741.jpg
150242.jpg;048093.jpg;148044.jpg
115953.jpg;018044.jpg;099709.jpg
143594.jpg;046689.jpg;117656.jpg
043278.jpg;123480.jpg;197149.jpg
135166.jpg;019699.jpg;179265.jpg
129110.jpg;147753.jpg;180300.jpg
082957.jpg;094262.jpg;202083.jpg
009320.jpg;150987.jpg;093422.jpg
002117.jpg;020737.jpg;077790.jpg
150632.jpg;039928.jpg;085085.jpg
161909.jpg;114599.jpg;082818.jpg
031937.jpg;010462.jpg;157702.jpg
192136.jpg;196317.jpg;151341.jpg
066386.jpg;032841.jpg;038540.jpg
025120.jpg;034449.jpg;088704.jpg
098053.jpg;040483.jpg;108850.jpg
132518.jpg;021344.jpg;160864.jpg
181984.jpg;170814.jpg;145528.jpg
006078.jpg;074614.jpg;085497.jpg
109020.jpg;162725.jpg;194289.jpg
150935.jpg;150986.jpg;186150.jpg
120219.jpg;121976.jpg;068267.jpg
094975.jpg;126792.jpg;178344.jpg
004183.jpg;022620.jpg;062922.jpg
155755.jpg;014430.jpg;008278.jpg
117346.jpg;143526.jpg;068152.jpg
104150.jpg;076256.jpg;168952.jpg
173933.jpg;178025.jpg;194378.jpg
102176.jpg;116812.jpg;094158.jpg
148189.jpg;069706.jpg;028197.jpg
144839.jpg;034817.jpg;010465.jpg
000562.jpg;101767.jpg;049207.jpg
194703.jpg;189666.jpg;089869.jpg
093161.jpg;131614.jpg;143648.jpg
008802.jpg;105360.jpg;051516.jpg
131305.jpg;014303.jpg;075381.jpg
073523.jpg;129475.jpg;066210.jpg
027907.jpg;097653.jpg;113786.jpg
083407.jpg;043230.jpg;014844.jpg
137729.jpg;022740.jpg;103215.jpg
166756.jpg;168107.jpg;071758.jpg
137768.jpg;122192.jpg;137190.jpg
150891.jpg;125738.jpg;152907.jpg
023845.jpg;027368.jpg;034208.jpg
079859.jpg;118196.jpg;097218.jpg
185012.jpg;184863.jpg;007311.jpg
010457.jpg;065501.jpg;064755.jpg
151022.jpg;078928.jpg;040125.jpg
017406.jpg;051844.jpg;190658.jpg
095464.jpg;085785.jpg;159752.jpg
131528.jpg;029966.jpg;083232.jpg
048827.jpg;143174.jpg;044347.jpg
063507.jpg;002583.jpg;022398.jpg
027246.jpg;126665.jpg;083930.jpg
083746.jpg;113333.jpg;138470.jpg
060797.jpg;037612.jpg;036177.jpg
155067.jpg;047880.jpg;183552.jpg
120275.jpg;065947.jpg;186914.jpg
158436.jpg;019262.jpg;107309.jpg
171214.jpg;172137.jpg;008298.jpg
050716.jpg;030524.jpg;190095.jpg
144079.jpg;053413.jpg;054201.jpg
040545.jpg;061399.jpg;138087.jpg
117142.jpg;104964.jpg;071798.jpg
102060.jpg;059651.jpg;122565.jpg
097140.jpg;114920.jpg;100711.jpg
120676.jpg;077678.jpg;025590.jpg
057495.jpg;032999.jpg;134488.jpg
191868.jpg;193333.jpg;172299.jpg
002403.jpg;061835.jpg;073646.jpg
086417.jpg;116910.jpg;048034.jpg
150997.jpg;107342.jpg;187922.jpg
058089.jpg;104545.jpg;045642.jpg
066241.jpg;052678.jpg;108977.jpg
173647.jpg;180127.jpg;074353.jpg
016767.jpg;108089.jpg;122231.jpg
117931.jpg;081654.jpg;188136.jpg
151888.jpg;109700.jpg;136695.jpg
039277.jpg;052804.jpg;190243.jpg
114958.jpg;011764.jpg;062800.jpg
201877.jpg;186256.jpg;144893.jpg
114039.jpg;091966.jpg;146668.jpg
070892.jpg;093312.jpg;119878.jpg
134243.jpg;044808.jpg;171848.jpg
120415.jpg;018628.jpg;014954.jpg
060325.jpg;049360.jpg;192804.jpg
134698.jpg;128698.jpg;103227.jpg
024689.jpg;097464.jpg;033113.jpg
192176.jpg;183707.jpg;096143.jpg
128329.jpg;107296.jpg;138965.jpg
007811.jpg;033389.jpg;185608.jpg
192876.jpg;198248.jpg;146811.jpg
173842.jpg;175275.jpg;134121.jpg
193008.jpg;198719.jpg;083630.jpg
176626.jpg;178371.jpg;164427.jpg
063670.jpg;114312.jpg;100241.jpg
015106.jpg;048449.jpg;080993.jpg
136372.jpg;141941.jpg;151551.jpg
036607.jpg;082563.jpg;052527.jpg
030550.jpg;059407.jpg;155490.jpg
071565.jpg;162136.jpg;093943.jpg
106762.jpg;030545.jpg;164053.jpg
171293.jpg;170722.jpg;029234.jpg
136366.jpg;129112.jpg;032501.jpg
107019.jpg;071401.jpg;016236.jpg
171566.jpg;182135.jpg;097711.jpg
071288.jpg;055469.jpg;042401.jpg
055394.jpg;037406.jpg;175479.jpg
067921.jpg;074976.jpg;043598.jpg
008807.jpg;030525.jpg;126084.jpg
150555.jpg;132732.jpg;032833.jpg
197879.jpg;184353.jpg;174148.jpg
140526.jpg;033278.jpg;015714.jpg
150060.jpg;143564.jpg;087966.jpg
149439.jpg;011738.jpg;174657.jpg
142099.jpg;103945.jpg;068528.jpg
049566.jpg;011905.jpg;119031.jpg
187878.jpg;202332.jpg;200118.jpg
177222.jpg;164746.jpg;063056.jpg
137902.jpg;069210.jpg;052958.jpg
026882.jpg;087236.jpg;033620.jpg
055406.jpg;057056.jpg;136776.jpg
037855.jpg;063104.jpg;171812.jpg
020977.jpg;048603.jpg;191231.jpg
195869.jpg;184200.jpg;054839.jpg
179393.jpg;170294.jpg;165908.jpg
174469.jpg;166907.jpg;018852.jpg
063999.jpg;022708.jpg;021752.jpg
004675.jpg;129082.jpg;167200.jpg
011453.jpg;104836.jpg;003222.jpg
150421.jpg;026563.jpg;024748.jpg
146953.jpg;031104.jpg;186521.jpg
169326.jpg;171402.jpg;187373.jpg
067310.jpg;155395.jpg;114530.jpg
172859.jpg;174122.jpg;093814.jpg
201255.jpg;190087.jpg;192105.jpg
031466.jpg;153665.jpg;194154.jpg
086392.jpg;161735.jpg;197903.jpg
064250.jpg;030669.jpg;125236.jpg
088985.jpg;121948.jpg;012619.jpg
045448.jpg;127014.jpg;030323.jpg
029480.jpg;058820.jpg;065673.jpg
026236.jpg;006149.jpg;144845.jpg
077218.jpg;067559.jpg;182337.jpg
079604.jpg;105726.jpg;007890.jpg
109762.jpg;005943.jpg;134712.jpg
169238.jpg;169565.jpg;015690.jpg
144426.jpg;060766.jpg;004298.jpg
166341.jpg;178478.jpg;078929.jpg
045575.jpg;034552.jpg;191883.jpg
015067.jpg;060521.jpg;150220.jpg
109652.jpg;157741.jpg;020865.jpg
004978.jpg;146460.jpg;122352.jpg
081131.jpg;037333.jpg;016425.jpg
012691.jpg;159624.jpg;175210.jpg
094650.jpg;053900.jpg;118068.jpg
077086.jpg;072604.jpg;118908.jpg
022437.jpg;155097.jpg;190455.jpg
004190.jpg;009265.jpg;119656.jpg
127841.jpg;081916.jpg;089441.jpg
056279.jpg;027827.jpg;026426.jpg
073368.jpg;060444.jpg;171164.jpg
092373.jpg;084913.jpg;106115.jpg
115221.jpg;070609.jpg;038839.jpg
063089.jpg;098314.jpg;168451.jpg
194434.jpg;200580.jpg;142649.jpg
096109.jpg;015498.jpg;064899.jpg
190444.jpg;201448.jpg;161950.jpg
035283.jpg;125702.jpg;035241.jpg
055085.jpg;088093.jpg;067083.jpg
002669.jpg;038047.jpg;160875.jpg
064714.jpg;026873.jpg;095123.jpg
201941.jpg;195578.jpg;194690.jpg
077027.jpg;085571.jpg;169570.jpg
112259.jpg;042873.jpg;101262.jpg
111273.jpg;153757.jpg;057294.jpg
092477.jpg;110952.jpg;111865.jpg
045384.jpg;090306.jpg;061012.jpg
022046.jpg;146354.jpg;197007.jpg
123205.jpg;010956.jpg;039758.jpg
054173.jpg;104061.jpg;132414.jpg
085265.jpg;058462.jpg;062608.jpg
199412.jpg;194075.jpg;141407.jpg
002782.jpg;075506.jpg;131156.jpg
158565.jpg;141557.jpg;054145.jpg
094105.jpg;127686.jpg;094433.jpg
010643.jpg;068802.jpg;123326.jpg
175525.jpg;179976.jpg;025079.jpg
156755.jpg;138788.jpg;076619.jpg
088173.jpg;009757.jpg;145983.jpg
005924.jpg;121301.jpg;169153.jpg
145264.jpg;155416.jpg;123553.jpg
093156.jpg;107083.jpg;022567.jpg
029449.jpg;146844.jpg;101613.jpg
049332.jpg;078622.jpg;120562.jpg
157407.jpg;068340.jpg;053679.jpg
179169.jpg;172873.jpg;021783.jpg
015509.jpg;050729.jpg;150492.jpg
099079.jpg;054261.jpg;001425.jpg
024578.jpg;026424.jpg;135509.jpg
163898.jpg;169364.jpg;071911.jpg
090664.jpg;012467.jpg;122718.jpg
046873.jpg;139098.jpg;030027.jpg
103153.jpg;099597.jpg;015654.jpg
005387.jpg;094354.jpg;199381.jpg
012353.jpg;072628.jpg;166186.jpg
033696.jpg;154420.jpg;065187.jpg
041597.jpg;159925.jpg;026345.jpg
057215.jpg;073485.jpg;155221.jpg
159103.jpg;073147.jpg;115997.jpg
191805.jpg;198081.jpg;050807.jpg
177467.jpg;162812.jpg;008219.jpg
059292.jpg;029987.jpg;066273.jpg
105968.jpg;054558.jpg;160953.jpg
052564.jpg;052952.jpg;026172.jpg
020454.jpg;007211.jpg;163465.jpg
111664.jpg;134056.jpg;015223.jpg
018248.jpg;052580.jpg;101510.jpg
025483.jpg;058054.jpg;152898.jpg
075474.jpg;116928.jpg;133311.jpg
047367.jpg;154594.jpg;067738.jpg
162591.jpg;146093.jpg;023751.jpg
065958.jpg;094421.jpg;141272.jpg
050019.jpg;155575.jpg;001862.jpg
083794.jpg;082152.jpg;118837.jpg
186961.jpg;201364.jpg;147217.jpg
142382.jpg;090629.jpg;105905.jpg
110731.jpg;107132.jpg;024575.jpg
148072.jpg;024506.jpg;188677.jpg
061992.jpg;098537.jpg;004211.jpg
097699.jpg;151359.jpg;102219.jpg
013982.jpg;045788.jpg;173181.jpg
129985.jpg;090235.jpg;000686.jpg
060002.jpg;128139.jpg;086295.jpg
062334.jpg;133664.jpg;105160.jpg
130208.jpg;024213.jpg;026647.jpg
187119.jpg;193004.jpg;001851.jpg
074572.jpg;019707.jpg;044790.jpg
152116.jpg;032317.jpg;060489.jpg
029674.jpg;001046.jpg;060796.jpg
026032.jpg;123057.jpg;028137.jpg
005811.jpg;024885.jpg;095871.jpg
005432.jpg;026436.jpg;022855.jpg
178499.jpg;171469.jpg;050647.jpg
051259.jpg;048340.jpg;073960.jpg
003953.jpg;063401.jpg;177912.jpg
001956.jpg;031698.jpg;149677.jpg
115937.jpg;033367.jpg;056313.jpg
082701.jpg;143177.jpg;123119.jpg
012252.jpg;029398.jpg;103584.jpg
112373.jpg;135769.jpg;120093.jpg
053995.jpg;061309.jpg;100700.jpg
199494.jpg;191094.jpg;098525.jpg
185179.jpg;199263.jpg;059362.jpg
019454.jpg;102138.jpg;059247.jpg
106748.jpg;092281.jpg;135242.jpg
164792.jpg;177119.jpg;124380.jpg
106547.jpg;063305.jpg;023266.jpg
199058.jpg;183526.jpg;002046.jpg
113787.jpg;062576.jpg;185064.jpg
037658.jpg;116511.jpg;063865.jpg
093565.jpg;111247.jpg;147949.jpg
028239.jpg;035021.jpg;078094.jpg
106305.jpg;086260.jpg;049896.jpg
075663.jpg;109143.jpg;114666.jpg
046486.jpg;036910.jpg;153224.jpg
096276.jpg;047288.jpg;116104.jpg
021709.jpg;133571.jpg;079630.jpg
008263.jpg;097403.jpg;147631.jpg
008237.jpg;015716.jpg;105915.jpg
055818.jpg;068981.jpg;055451.jpg
197992.jpg;184514.jpg;071223.jpg
090711.jpg;124334.jpg;120412.jpg
097279.jpg;099959.jpg;185640.jpg
087391.jpg;136425.jpg;191162.jpg
112089.jpg;080427.jpg;189297.jpg
177978.jpg;175549.jpg;086589.jpg
104874.jpg;036188.jpg;182056.jpg
018210.jpg;155531.jpg;100751.jpg
130869.jpg;125996.jpg;065328.jpg
154479.jpg;129953.jpg;192853.jpg
103749.jpg;097782.jpg;043100.jpg
111012.jpg;052986.jpg;170889.jpg
165718.jpg;180274.jpg;058849.jpg
061297.jpg;012364.jpg;138935.jpg
179096.jpg;172358.jpg;123975.jpg
058299.jpg;093693.jpg;180114.jpg
095511.jpg;012393.jpg;014201.jpg
094181.jpg;092295.jpg;175992.jpg
100813.jpg;088396.jpg;038590.jpg
191868.jpg;197483.jpg;006824.jpg
120234.jpg;051781.jpg;050205.jpg
118101.jpg;146771.jpg;117156.jpg
179904.jpg;173804.jpg;015079.jpg
119948.jpg;073623.jpg;076822.jpg
073648.jpg;123007.jpg;143744.jpg
199082.jpg;194898.jpg;005346.jpg
051454.jpg;077798.jpg;081057.jpg
017923.jpg;095174.jpg;052052.jpg
085984.jpg;033582.jpg;054694.jpg
108680.jpg;040855.jpg;137283.jpg
133582.jpg;011556.jpg;014391.jpg
197153.jpg;186857.jpg;092513.jpg
036603.jpg;149966.jpg;013700.jpg
155476.jpg;047042.jpg;156628.jpg
177382.jpg;180135.jpg;185749.jpg
059056.jpg;045681.jpg;111375.jpg
134978.jpg;068587.jpg;197784.jpg
017645.jpg;131331.jpg;143951.jpg
111906.jpg;097630.jpg;165854.jpg
002318.jpg;098050.jpg;056497.jpg
175779.jpg;168884.jpg;169443.jpg
182618.jpg;179140.jpg;171129.jpg
159565.jpg;008714.jpg;184880.jpg
169811.jpg;168633.jpg;093062.jpg
056230.jpg;047649.jpg;152979.jpg
169093.jpg;168574.jpg;038316.jpg
116724.jpg;076501.jpg;126728.jpg
164244.jpg;174314.jpg;043357.jpg
050291.jpg;154908.jpg;065368.jpg
181716.jpg;177711.jpg;163454.jpg
108643.jpg;006209.jpg;060088.jpg
028841.jpg;161169.jpg;004515.jpg
125698.jpg;001332.jpg;021111.jpg
169379.jpg;179976.jpg;189390.jpg
175546.jpg;182053.jpg;034904.jpg
192938.jpg;201093.jpg;107777.jpg
084039.jpg;114432.jpg;092837.jpg
012706.jpg;051038.jpg;093952.jpg
170843.jpg;180722.jpg;017118.jpg
156131.jpg;091084.jpg;077595.jpg
154043.jpg;082614.jpg;033981.jpg
161076.jpg;086636.jpg;024309.jpg
026530.jpg;144365.jpg;089769.jpg
120452.jpg;009225.jpg;183538.jpg
176491.jpg;172882.jpg;157903.jpg
073851.jpg;146636.jpg;164077.jpg
162061.jpg;132054.jpg;012113.jpg
025991.jpg;039695.jpg;146300.jpg
130593.jpg;053442.jpg;054279.jpg
048444.jpg;036245.jpg;066073.jpg
159577.jpg;015897.jpg;114518.jpg
128215.jpg;000372.jpg;092924.jpg
160202.jpg;017626.jpg;108447.jpg
106505.jpg;073924.jpg;060420.jpg
103080.jpg;022613.jpg;046436.jpg
201283.jpg;188919.jpg;043458.jpg
197910.jpg;192576.jpg;083156.jpg
003283.jpg;055181.jpg;118029.jpg
124433.jpg;033395.jpg;096542.jpg
161599.jpg;060981.jpg;047894.jpg
129870.jpg;157698.jpg;068503.jpg
022091.jpg;141442.jpg;174829.jpg
087983.jpg;106296.jpg;115218.jpg
015234.jpg;128304.jpg;120680.jpg
150629.jpg;017886.jpg;191189.jpg
057920.jpg;044258.jpg;163487.jpg
059204.jpg;109115.jpg;135655.jpg
036867.jpg;161095.jpg;030752.jpg
128323.jpg;073412.jpg;032146.jpg
093303.jpg;057562.jpg;016855.jpg
019374.jpg;090786.jpg;122120.jpg
045994.jpg;056527.jpg;136295.jpg
081613.jpg;099642.jpg;178332.jpg
199780.jpg;195370.jpg;079831.jpg
191781.jpg;192545.jpg;011631.jpg
058188.jpg;090937.jpg;086130.jpg
119944.jpg;021705.jpg;132131.jpg
101399.jpg;107980.jpg;138400.jpg
035563.jpg;121350.jpg;181893.jpg
068173.jpg;131155.jpg;108258.jpg
175264.jpg;174671.jpg;035463.jpg
071620.jpg;069931.jpg;037304.jpg
093648.jpg;068791.jpg;192159.jpg
106870.jpg;159131.jpg;096161.jpg
124802.jpg;138814.jpg;173616.jpg
017568.jpg;126421.jpg;102379.jpg
066844.jpg;127599.jpg;106053.jpg
144210.jpg;094689.jpg;130765.jpg
163451.jpg;173738.jpg;043105.jpg
003500.jpg;108177.jpg;170951.jpg
176000.jpg;163539.jpg;195063.jpg
137541.jpg;150487.jpg;164808.jpg
159872.jpg;036966.jpg;149110.jpg
106707.jpg;143687.jpg;031261.jpg
156828.jpg;082748.jpg;091093.jpg
004385.jpg;086546.jpg;019076.jpg
006947.jpg;051434.jpg;100595.jpg
013230.jpg;118346.jpg;085248.jpg
107869.jpg;084988.jpg;153593.jpg
157648.jpg;112618.jpg;073304.jpg
131811.jpg;081998.jpg;149780.jpg
165481.jpg;175351.jpg;051850.jpg
062195.jpg;087700.jpg;194648.jpg
065738.jpg;149453.jpg;117400.jpg
074631.jpg;081025.jpg;004480.jpg
184670.jpg;193504.jpg;198889.jpg
113820.jpg;032053.jpg;099987.jpg
095658.jpg;104368.jpg;163583.jpg
035255.jpg;095684.jpg;177710.jpg
097823.jpg;046087.jpg;086727.jpg
127151.jpg;046555.jpg;156796.jpg
017257.jpg;063468.jpg;039494.jpg
150279.jpg;139870.jpg;173061.jpg
051949.jpg;039779.jpg;123215.jpg
186935.jpg;201706.jpg;054859.jpg
118173.jpg;028386.jpg;130278.jpg
016191.jpg;038214.jpg;195723.jpg
003177.jpg;114039.jpg;196187.jpg
066185.jpg;159731.jpg;082326.jpg
072479.jpg;111289.jpg;096603.jpg
128731.jpg;088155.jpg;047922.jpg
082054.jpg;128145.jpg;100067.jpg
041846.jpg;124161.jpg;125735.jpg
197800.jpg;187665.jpg;194288.jpg
174851.jpg;164131.jpg;069423.jpg
101049.jpg;058156.jpg;165985.jpg
028272.jpg;121767.jpg;074618.jpg
157305.jpg;069059.jpg;201031.jpg
073636.jpg;004156.jpg;026736.jpg
044278.jpg;073816.jpg;026208.jpg
161055.jpg;025778.jpg;113660.jpg
079015.jpg;057984.jpg;135336.jpg
073281.jpg;121375.jpg;046770.jpg
181686.jpg;173351.jpg;067412.jpg
010339.jpg;037385.jpg;090261.jpg
045815.jpg;034445.jpg;051250.jpg
192780.jpg;192368.jpg;078160.jpg
067983.jpg;060717.jpg;055554.jpg
019355.jpg;016395.jpg;004720.jpg
025023.jpg;157545.jpg;132946.jpg
039969.jpg;031928.jpg;112472.jpg
067056.jpg;095202.jpg;202427.jpg
005984.jpg;115614.jpg;085781.jpg
132338.jpg;123082.jpg;188687.jpg
033552.jpg;012405.jpg;002540.jpg
157620.jpg;084296.jpg;147043.jpg
030534.jpg;100728.jpg;143249.jpg
021802.jpg;137978.jpg;009234.jpg
078746.jpg;078972.jpg;202547.jpg
104087.jpg;076935.jpg;188785.jpg
200589.jpg;191644.jpg;140136.jpg
175803.jpg;182280.jpg;151577.jpg
115217.jpg;114026.jpg;077542.jpg
000356.jpg;122230.jpg;013089.jpg
115300.jpg;013596.jpg;193638.jpg
039608.jpg;055538.jpg;007102.jpg
009379.jpg;115947.jpg;157884.jpg
033928.jpg;114199.jpg;106634.jpg
099466.jpg;128221.jpg;013646.jpg
105648.jpg;090906.jpg;052729.jpg
107616.jpg;031125.jpg;056183.jpg
103491.jpg;015323.jpg;102930.jpg
055742.jpg;047662.jpg;086539.jpg
134474.jpg;116202.jpg;125159.jpg
196769.jpg;188045.jpg;199381.jpg
146708.jpg;041681.jpg;067699.jpg
141289.jpg;137637.jpg;139630.jpg
102174.jpg;044023.jpg;072825.jpg
031693.jpg;062466.jpg;182453.jpg
199441.jpg;186212.jpg;177624.jpg
195192.jpg;184449.jpg;052247.jpg
198109.jpg;182874.jpg;016763.jpg
053855.jpg;114008.jpg;076486.jpg
045657.jpg;066662.jpg;030005.jpg
188235.jpg;184395.jpg;125422.jpg
124381.jpg;123233.jpg;111881.jpg
020516.jpg;099740.jpg;003813.jpg
107475.jpg;108001.jpg;109020.jpg
014824.jpg;031261.jpg;143393.jpg
183157.jpg;194459.jpg;147260.jpg
011428.jpg;118899.jpg;172543.jpg
191991.jpg;188413.jpg;120437.jpg
107544.jpg;090273.jpg;024369.jpg
199136.jpg;183261.jpg;175998.jpg
142496.jpg;120367.jpg;023779.jpg
056267.jpg;044185.jpg;188691.jpg
194487.jpg;185309.jpg;035765.jpg
182510.jpg;181097.jpg;169773.jpg
034080.jpg;081266.jpg;089447.jpg
126773.jpg;002800.jpg;119354.jpg
002042.jpg;092594.jpg;132469.jpg
054655.jpg;145428.jpg;092703.jpg
105792.jpg;098626.jpg;069226.jpg
017174.jpg;036256.jpg;161011.jpg
166886.jpg;174286.jpg;140692.jpg
063394.jpg;036550.jpg;059327.jpg
189512.jpg;199163.jpg;106938.jpg
182120.jpg;181579.jpg;056528.jpg
088623.jpg;026355.jpg;060379.jpg
121433.jpg;117167.jpg;180772.jpg
190677.jpg;194719.jpg;030397.jpg
105621.jpg;148222.jpg;148231.jpg
009032.jpg;130546.jpg;100968.jpg
092419.jpg;141342.jpg;046183.jpg
176025.jpg;171597.jpg;021233.jpg
137904.jpg;161606.jpg;171369.jpg
034220.jpg;138196.jpg;126610.jpg
176699.jpg;180459.jpg;111446.jpg
009936.jpg;152917.jpg;108082.jpg
101122.jpg;161274.jpg;154520.jpg
021690.jpg;145127.jpg;171526.jpg
105872.jpg;061996.jpg;090751.jpg
013436.jpg;109506.jpg;042117.jpg
139635.jpg;159404.jpg;096117.jpg
201707.jpg;201369.jpg;102558.jpg
022684.jpg;131063.jpg;092437.jpg
186863.jpg;192465.jpg;086993.jpg
126251.jpg;002921.jpg;184664.jpg
012205.jpg;055241.jpg;196405.jpg
136641.jpg;011800.jpg;083211.jpg
132571.jpg;042447.jpg;050884.jpg
167568.jpg;173940.jpg;121481.jpg
171424.jpg;178610.jpg;182770.jpg
001125.jpg;003629.jpg;060024.jpg
087896.jpg;037019.jpg;014092.jpg
074737.jpg;155853.jpg;036127.jpg
116638.jpg;120562.jpg;149470.jpg
010931.jpg;111412.jpg;153104.jpg
044730.jpg;027554.jpg;082146.jpg
112012.jpg;083922.jpg;059149.jpg
058099.jpg;136007.jpg;007437.jpg
041553.jpg;152902.jpg;084968.jpg
024999.jpg;120465.jpg;034916.jpg
122185.jpg;100107.jpg;105553.jpg
182579.jpg;167342.jpg;040824.jpg
042074.jpg;125806.jpg;151013.jpg
136694.jpg;078966.jpg;191237.jpg
126369.jpg;037800.jpg;051918.jpg
061455.jpg;069576.jpg;064306.jpg
185283.jpg;191948.jpg;183817.jpg
122891.jpg;080302.jpg;201821.jpg
147174.jpg;098695.jpg;170282.jpg
139960.jpg;049313.jpg;053172.jpg
013341.jpg;028005.jpg;098857.jpg
039218.jpg;098359.jpg;190291.jpg
128587.jpg;015016.jpg;162364.jpg
130684.jpg;110678.jpg;133480.jpg
137509.jpg;039560.jpg;198715.jpg
156371.jpg;127751.jpg;154417.jpg
164993.jpg;176747.jpg;073501.jpg
155006.jpg;079683.jpg;175048.jpg
128607.jpg;086935.jpg;100620.jpg
119608.jpg;089262.jpg;169457.jpg
019428.jpg;054900.jpg;045242.jpg
083203.jpg;003033.jpg;055365.jpg
127461.jpg;057716.jpg;141751.jpg
031520.jpg;042880.jpg;174475.jpg
173089.jpg;165390.jpg;095903.jpg
155193.jpg;115436.jpg;072397.jpg
126591.jpg;148272.jpg;094496.jpg
053833.jpg;144369.jpg;138154.jpg
043222.jpg;076814.jpg;097158.jpg
187883.jpg;184037.jpg;007060.jpg
030772.jpg;063074.jpg;121571.jpg
061105.jpg;107964.jpg;018727.jpg
094550.jpg;012738.jpg;113283.jpg
011236.jpg;110025.jpg;092643.jpg
137162.jpg;121644.jpg;184472.jpg
082566.jpg;086784.jpg;073708.jpg
037270.jpg;118011.jpg;047195.jpg
092835.jpg;057939.jpg;104021.jpg
084790.jpg;033546.jpg;028380.jpg
087154.jpg;001337.jpg;148776.jpg
148676.jpg;053686.jpg;034873.jpg
184594.jpg;194628.jpg;062719.jpg
004107.jpg;061762.jpg;173936.jpg
148210.jpg;122436.jpg;022985.jpg
150778.jpg;087420.jpg;200006.jpg
053790.jpg;155957.jpg;012718.jpg
126690.jpg;109387.jpg;100623.jpg
196301.jpg;202391.jpg;128699.jpg
097033.jpg;129545.jpg;000382.jpg
084552.jpg;085567.jpg;045291.jpg
024225.jpg;030992.jpg;006195.jpg
102599.jpg;028315.jpg;156363.jpg
063776.jpg;046234.jpg;052678.jpg
177425.jpg;165467.jpg;010252.jpg
088446.jpg;074236.jpg;184427.jpg
088744.jpg;153582.jpg;039301.jpg
100383.jpg;110470.jpg;097979.jpg
105441.jpg;148862.jpg;178127.jpg
091906.jpg;120944.jpg;008442.jpg
108936.jpg;126478.jpg;027395.jpg
072536.jpg;016574.jpg;127400.jpg
084500.jpg;100929.jpg;106339.jpg
149165.jpg;043630.jpg;087182.jpg
031329.jpg;139899.jpg;066299.jpg
176168.jpg;164516.jpg;116126.jpg
101453.jpg;150606.jpg;179497.jpg
170191.jpg;163184.jpg;123541.jpg
177076.jpg;179478.jpg;131257.jpg
057087.jpg;042610.jpg;162509.jpg
167697.jpg;181747.jpg;187902.jpg
180595.jpg;165870.jpg;161424.jpg
198352.jpg;185604.jpg;172262.jpg
047896.jpg;057045.jpg;195381.jpg
081370.jpg;077223.jpg;145004.jpg
008805.jpg;087902.jpg;197328.jpg
024963.jpg;107075.jpg;052628.jpg
009695.jpg;029347.jpg;122082.jpg
004614.jpg;154735.jpg;118097.jpg
183404.jpg;188958.jpg;147617.jpg
005695.jpg;052949.jpg;048653.jpg
124604.jpg;000212.jpg;078199.jpg
171401.jpg;178955.jpg;177003.jpg
158676.jpg;001783.jpg;025692.jpg
187797.jpg;201332.jpg;019797.jpg
131201.jpg;120981.jpg;052614.jpg
114445.jpg;125472.jpg;082926.jpg
156010.jpg;096233.jpg;127453.jpg
091378.jpg;074540.jpg;120461.jpg
095950.jpg;125325.jpg;074431.jpg
000396.jpg;034137.jpg;110862.jpg
096736.jpg;106161.jpg;145198.jpg
022500.jpg;000722.jpg;154335.jpg
118533.jpg;146783.jpg;149291.jpg
048880.jpg;141996.jpg;012465.jpg
022831.jpg;094816.jpg;185134.jpg
147453.jpg;107009.jpg;122962.jpg
185259.jpg;190150.jpg;106796.jpg
132541.jpg;024788.jpg;151888.jpg
144029.jpg;122193.jpg;046557.jpg
118880.jpg;023675.jpg;047774.jpg
003418.jpg;083206.jpg;060438.jpg
170514.jpg;172908.jpg;049467.jpg
073900.jpg;032915.jpg;058807.jpg
143992.jpg;102565.jpg;197112.jpg
049325.jpg;093279.jpg;051984.jpg
035379.jpg;004786.jpg;061914.jpg
146484.jpg;052178.jpg;024479.jpg
150430.jpg;107825.jpg;022546.jpg
109277.jpg;073063.jpg;023404.jpg
105358.jpg;155458.jpg;063977.jpg
160219.jpg;131857.jpg;147984.jpg
194604.jpg;196895.jpg;093315.jpg
176272.jpg;175777.jpg;140699.jpg
017309.jpg;056267.jpg;029396.jpg
085658.jpg;123471.jpg;037471.jpg
068771.jpg;147615.jpg;015832.jpg
088118.jpg;095565.jpg;125803.jpg
169283.jpg;177671.jpg;065451.jpg
045357.jpg;093700.jpg;079793.jpg
112390.jpg;112603.jpg;020984.jpg
130227.jpg;004666.jpg;006664.jpg
042519.jpg;111057.jpg;067915.jpg
028854.jpg;142229.jpg;002722.jpg
149439.jpg;140986.jpg;168799.jpg
182418.jpg;164606.jpg;107106.jpg
197329.jpg;187332.jpg;141179.jpg
178760.jpg;173873.jpg;137330.jpg
180612.jpg;174105.jpg;170996.jpg
022492.jpg;069060.jpg;151902.jpg
162793.jpg;171626.jpg;120487.jpg
144526.jpg;064566.jpg;090682.jpg
130680.jpg;023197.jpg;061334.jpg
145375.jpg;038906.jpg;191006.jpg
114779.jpg;146575.jpg;007376.jpg
193227.jpg;200581.jpg;030708.jpg
025678.jpg;108787.jpg;166197.jpg
042994.jpg;062058.jpg;122023.jpg
047869.jpg;033663.jpg;024259.jpg
076468.jpg;116763.jpg;015044.jpg
030061.jpg;131183.jpg;074693.jpg
198741.jpg;200681.jpg;039437.jpg
053228.jpg;038035.jpg;043653.jpg
118611.jpg;112562.jpg;118121.jpg
134070.jpg;037320.jpg;035075.jpg
184451.jpg;187975.jpg;118706.jpg
102217.jpg;150110.jpg;082693.jpg
139018.jpg;027540.jpg;012825.jpg
047656.jpg;047530.jpg;192220.jpg
064342.jpg;023877.jpg;179783.jpg
091865.jpg;065537.jpg;146599.jpg
167651.jpg;180443.jpg;175551.jpg
122931.jpg;001319.jpg;071688.jpg
090402.jpg;039883.jpg;068666.jpg
042653.jpg;082353.jpg;086796.jpg
112971.jpg;060263.jpg;153121.jpg
165962.jpg;177355.jpg;021699.jpg
041022.jpg;028672.jpg;047780.jpg
129630.jpg;013585.jpg;177055.jpg
175149.jpg;175976.jpg;123802.jpg
002621.jpg;071484.jpg;125268.jpg
021325.jpg;069916.jpg;171877.jpg
199613.jpg;199972.jpg;019306.jpg
088904.jpg;037680.jpg;196476.jpg
050081.jpg;029599.jpg;028292.jpg
156121.jpg;156147.jpg;079154.jpg
182912.jpg;201965.jpg;169900.jpg
164024.jpg;169384.jpg;047468.jpg
133172.jpg;123969.jpg;168689.jpg
124982.jpg;145524.jpg;007208.jpg
099832.jpg;040232.jpg;164080.jpg
148790.jpg;159164.jpg;056536.jpg
202115.jpg;193921.jpg;187344.jpg
062562.jpg;018338.jpg;201958.jpg
183364.jpg;188763.jpg;088947.jpg
202170.jpg;190721.jpg;151020.jpg
183329.jpg;197045.jpg;142553.jpg
102812.jpg;024080.jpg;170261.jpg
043715.jpg;110332.jpg;082162.jpg
019996.jpg;009736.jpg;051602.jpg
096581.jpg;054977.jpg;039139.jpg
156877.jpg;008570.jpg;091203.jpg
014209.jpg;089946.jpg;008137.jpg
141451.jpg;108046.jpg;092332.jpg
161934.jpg;111714.jpg;174502.jpg
196375.jpg;198434.jpg;037731.jpg
079922.jpg;090510.jpg;108566.jpg
029255.jpg;079361.jpg;119307.jpg
101693.jpg;088819.jpg;147985.jpg
165209.jpg;166498.jpg;081216.jpg
063023.jpg;122125.jpg;166291.jpg
156143.jpg;030455.jpg;159537.jpg
172182.jpg;180523.jpg;048202.jpg
004005.jpg;054800.jpg;017752.jpg
002881.jpg;007843.jpg;109884.jpg
036851.jpg;067308.jpg;124226.jpg
050939.jpg;135220.jpg;193512.jpg
031721.jpg;090103.jpg;036960.jpg
002745.jpg;038575.jpg;080625.jpg
062821.jpg;099610.jpg;000671.jpg
091006.jpg;027142.jpg;030892.jpg
068950.jpg;145929.jpg;185535.jpg
038472.jpg;068500.jpg;121966.jpg
113985.jpg;052075.jpg;054340.jpg
197130.jpg;183573.jpg;043888.jpg
159851.jpg;147387.jpg;115461.jpg
113313.jpg;024688.jpg;011511.jpg
065790.jpg;028252.jpg;055579.jpg
181384.jpg;181813.jpg;131497.jpg
025465.jpg;127501.jpg;193810.jpg
157377.jpg;137942.jpg;123214.jpg
085044.jpg;075688.jpg;046172.jpg
104006.jpg;127608.jpg;066747.jpg
172582.jpg;163640.jpg;180543.jpg
123949.jpg;088519.jpg;110976.jpg
173364.jpg;174842.jpg;146534.jpg
086483.jpg;154781.jpg;020636.jpg
176947.jpg;177568.jpg;127497.jpg
161681.jpg;159377.jpg;016301.jpg
197887.jpg;197295.jpg;117323.jpg
073571.jpg;111996.jpg;010307.jpg
104361.jpg;153559.jpg;180322.jpg
115167.jpg;139437.jpg;201006.jpg
137211.jpg;086249.jpg;111559.jpg
176720.jpg;169369.jpg;101727.jpg
131838.jpg;033259.jpg;025688.jpg
153990.jpg;029051.jpg;111537.jpg
020908.jpg;108491.jpg;100640.jpg
127793.jpg;131966.jpg;040068.jpg
118664.jpg;114369.jpg;116047.jpg
198301.jpg;184120.jpg;192286.jpg
053124.jpg;031026.jpg;050738.jpg
005503.jpg;014590.jpg;117421.jpg
181267.jpg;182255.jpg;137577.jpg
163842.jpg;169978.jpg;062225.jpg
109013.jpg;143721.jpg;074438.jpg
099727.jpg;101490.jpg;150465.jpg
124939.jpg;155495.jpg;060047.jpg
183383.jpg;190393.jpg;091060.jpg
171168.jpg;177111.jpg;160356.jpg
174762.jpg;173677.jpg;044073.jpg
052647.jpg;107384.jpg;194074.jpg
069504.jpg;010750.jpg;188684.jpg
009255.jpg;145029.jpg;033652.jpg
164488.jpg;178105.jpg;006703.jpg
068575.jpg;158045.jpg;108896.jpg
181130.jpg;172771.jpg;044614.jpg
185376.jpg;182848.jpg;114901.jpg
152697.jpg;089092.jpg;161825.jpg
123316.jpg;146574.jpg;195053.jpg
048125.jpg;029753.jpg;111293.jpg
176351.jpg;163620.jpg;137613.jpg
067964.jpg;059778.jpg;020298.jpg
054694.jpg;123121.jpg;042557.jpg
037399.jpg;021242.jpg;202038.jpg
159606.jpg;044355.jpg;045369.jpg
096938.jpg;139770.jpg;029706.jpg
111752.jpg;051300.jpg;031641.jpg
119118.jpg;084296.jpg;060662.jpg
016958.jpg;011481.jpg;158075.jpg
166426.jpg;165511.jpg;142311.jpg
188609.jpg;194685.jpg;002117.jpg
042415.jpg;064439.jpg;002653.jpg
191216.jpg;187135.jpg;056817.jpg
064098.jpg;146832.jpg;184277.jpg
136814.jpg;109360.jpg;058619.jpg
199384.jpg;197196.jpg;156262.jpg
194347.jpg;193008.jpg;089413.jpg
138459.jpg;028191.jpg;178799.jpg
155851.jpg;066896.jpg;092145.jpg
021635.jpg;084816.jpg;189792.jpg
031608.jpg;037669.jpg;056141.jpg
193331.jpg;197506.jpg;039780.jpg
028941.jpg;112194.jpg;090946.jpg
113760.jpg;011407.jpg;161475.jpg
112290.jpg;132215.jpg;184857.jpg
080739.jpg;089910.jpg;057023.jpg
126499.jpg;075176.jpg;157178.jpg
060181.jpg;070796.jpg;090826.jpg
048222.jpg;161467.jpg;035970.jpg
017396.jpg;055132.jpg;053146.jpg
056729.jpg;150794.jpg;128593.jpg
053759.jpg;133845.jpg;071364.jpg
127967.jpg;008531.jpg;070969.jpg
162563.jpg;152757.jpg;099055.jpg
079791.jpg;092769.jpg;196057.jpg
004551.jpg;100761.jpg;105649.jpg
193471.jpg;190928.jpg;124122.jpg
107768.jpg;065351.jpg;044697.jpg
096799.jpg;111105.jpg;034231.jpg
188704.jpg;196803.jpg;128324.jpg
158652.jpg;038723.jpg;111379.jpg
100311.jpg;077549.jpg;110618.jpg
071047.jpg;141817.jpg;005457.jpg
071566.jpg;063718.jpg;036352.jpg
144524.jpg;137959.jpg;131257.jpg
034917.jpg;050510.jpg;068056.jpg
067854.jpg;103001.jpg;115614.jpg
130891.jpg;046510.jpg;097226.jpg
180572.jpg;178824.jpg;089450.jpg
071639.jpg;160136.jpg;076175.jpg
028808.jpg;000251.jpg;023943.jpg
103401.jpg;044191.jpg;036269.jpg
150945.jpg;133336.jpg;026539.jpg
012456.jpg;030180.jpg;176388.jpg
107839.jpg;147881.jpg;053885.jpg
165616.jpg;164890.jpg;006032.jpg
039275.jpg;001083.jpg;153175.jpg
083320.jpg;001772.jpg;027099.jpg
174332.jpg;168352.jpg;081296.jpg
185280.jpg;200091.jpg;163106.jpg
118235.jpg;073502.jpg;150137.jpg
154369.jpg;109973.jpg;119696.jpg
182056.jpg;173107.jpg;175512.jpg
061672.jpg;141623.jpg;198839.jpg
080543.jpg;087150.jpg;170819.jpg
138461.jpg;158823.jpg;168062.jpg
170121.jpg;163477.jpg;009179.jpg
089594.jpg;123735.jpg;055663.jpg
021128.jpg;071731.jpg;091351.jpg
145787.jpg;024990.jpg;076513.jpg
035944.jpg;086336.jpg;045667.jpg
167099.jpg;175255.jpg;057883.jpg
135914.jpg;034997.jpg;063951.jpg
083843.jpg;157077.jpg;110913.jpg
021608.jpg;116533.jpg;078900.jpg
092808.jpg;154307.jpg;199909.jpg
112762.jpg;066856.jpg;089878.jpg
144885.jpg;042791.jpg;144025.jpg
055946.jpg;074347.jpg;046786.jpg
168435.jpg;162801.jpg;071935.jpg
164118.jpg;175408.jpg;097682.jpg
026858.jpg;066389.jpg;130889.jpg
122038.jpg;121606.jpg;128713.jpg
165722.jpg;168506.jpg;049565.jpg
083997.jpg;090044.jpg;122360.jpg
103971.jpg;123120.jpg;121119.jpg
164042.jpg;175446.jpg;184096.jpg
015322.jpg;152624.jpg;088182.jpg
184726.jpg;202546.jpg;091131.jpg
122647.jpg;073946.jpg;074030.jpg
161495.jpg;074563.jpg;067462.jpg
146876.jpg;019501.jpg;109417.jpg
202211.jpg;185782.jpg;044973.jpg
090101.jpg;075510.jpg;195404.jpg
059263.jpg;004589.jpg;017557.jpg
048299.jpg;133717.jpg;122197.jpg
077532.jpg;100989.jpg;024681.jpg
057978.jpg;009708.jpg;085481.jpg
083360.jpg;047640.jpg;113746.jpg
111830.jpg;022479.jpg;010474.jpg
171928.jpg;178922.jpg;030974.jpg
195890.jpg;185934.jpg;131098.jpg
087931.jpg;010585.jpg;173918.jpg
120296.jpg;149380.jpg;084666.jpg
090472.jpg;123893.jpg;000770.jpg
173567.jpg;177067.jpg;085520.jpg
136047.jpg;027593.jpg;043234.jpg
150836.jpg;105019.jpg;036869.jpg
015215.jpg;007929.jpg;028646.jpg
115508.jpg;031300.jpg;107770.jpg
170835.jpg;179296.jpg;095176.jpg
199272.jpg;194176.jpg;119199.jpg
067558.jpg;125227.jpg;061161.jpg
027132.jpg;067277.jpg;044617.jpg
150385.jpg;056995.jpg;143264.jpg
127217.jpg;105553.jpg;128072.jpg
005917.jpg;118989.jpg;195174.jpg
078725.jpg;090340.jpg;162315.jpg
163475.jpg;169952.jpg;061217.jpg
186502.jpg;185394.jpg;067549.jpg
152871.jpg;062247.jpg;103798.jpg
073672.jpg;041640.jpg;086027.jpg
095330.jpg;071199.jpg;175550.jpg
189237.jpg;194102.jpg;140523.jpg
156580.jpg;150614.jpg;015087.jpg
198127.jpg;198349.jpg;038055.jpg
035921.jpg;080984.jpg;047453.jpg
123122.jpg;050298.jpg;019183.jpg
092943.jpg;030200.jpg;052607.jpg
130086.jpg;020563.jpg;142548.jpg
047134.jpg;116024.jpg;112894.jpg
143096.jpg;059589.jpg;026607.jpg
151264.jpg;031232.jpg;150369.jpg
021501.jpg;073386.jpg;183593.jpg
054062.jpg;078368.jpg;065516.jpg
044185.jpg;059213.jpg;024844.jpg
030516.jpg;116682.jpg;179843.jpg
195000.jpg;187365.jpg;062977.jpg
081920.jpg;093632.jpg;013804.jpg
125364.jpg;020268.jpg;196068.jpg
004369.jpg;160765.jpg;106341.jpg
198599.jpg;195180.jpg;149303.jpg
045261.jpg;158820.jpg;057187.jpg
056062.jpg;013434.jpg;029505.jpg
031562.jpg;134223.jpg;150247.jpg
118578.jpg;092542.jpg;015680.jpg
024491.jpg;088446.jpg;103313.jpg
017719.jpg;103500.jpg;146728.jpg
148925.jpg;102073.jpg;008256.jpg
144424.jpg;117130.jpg;015360.jpg
001544.jpg;011559.jpg;065787.jpg
053597.jpg;022018.jpg;074975.jpg
003523.jpg;089927.jpg;077569.jpg
120218.jpg;049203.jpg;008703.jpg
194687.jpg;199812.jpg;032972.jpg
109785.jpg;041115.jpg;038000.jpg
131890.jpg;060067.jpg;112998.jpg
071175.jpg;105913.jpg;047369.jpg
195602.jpg;183185.jpg;034598.jpg
072088.jpg;117037.jpg;151457.jpg
050864.jpg;040940.jpg;028842.jpg
007235.jpg;100202.jpg;194637.jpg
096361.jpg;160436.jpg;042781.jpg
166012.jpg;177947.jpg;176674.jpg
110987.jpg;152374.jpg;179235.jpg
136257.jpg;120327.jpg;192554.jpg
027801.jpg;031646.jpg;174595.jpg
039530.jpg;019642.jpg;092315.jpg
163720.jpg;177248.jpg;180981.jpg
014066.jpg;113536.jpg;128146.jpg
003141.jpg;088305.jpg;054404.jpg
134152.jpg;060574.jpg;179638.jpg
089048.jpg;123764.jpg;170439.jpg
151251.jpg;039209.jpg;121197.jpg
094362.jpg;026885.jpg;032238.jpg
103140.jpg;161440.jpg;196964.jpg
141790.jpg;110820.jpg;035991.jpg
012828.jpg;001291.jpg;151849.jpg
092612.jpg;039717.jpg;090127.jpg
068698.jpg;079154.jpg;065030.jpg
058839.jpg;046297.jpg;041850.jpg
049002.jpg;161945.jpg;133160.jpg
192461.jpg;186505.jpg;088521.jpg
108314.jpg;162151.jpg;075604.jpg
047518.jpg;048685.jpg;000774.jpg
158849.jpg;133473.jpg;122237.jpg
144678.jpg;096741.jpg;037268.jpg
168152.jpg;167757.jpg;144440.jpg
158957.jpg;145010.jpg;024470.jpg
168203.jpg;168155.jpg;085046.jpg
104046.jpg;010385.jpg;001361.jpg
142794.jpg;151185.jpg;201008.jpg
091941.jpg;155926.jpg;084230.jpg
021060.jpg;006285.jpg;155084.jpg
086503.jpg;149447.jpg;046464.jpg
101078.jpg;110212.jpg;156752.jpg
075709.jpg;131594.jpg;103490.jpg
094601.jpg;015419.jpg;166677.jpg
121371.jpg;020861.jpg;183408.jpg
102346.jpg;124217.jpg;180574.jpg
020535.jpg;061098.jpg;075865.jpg
102697.jpg;141046.jpg;166102.jpg
048020.jpg;161461.jpg;070305.jpg
147309.jpg;134861.jpg;068433.jpg
084738.jpg;019513.jpg;166386.jpg
102273.jpg;148254.jpg;085201.jpg
147377.jpg;050558.jpg;086063.jpg
111590.jpg;093492.jpg;168991.jpg
195094.jpg;187869.jpg;200599.jpg
025315.jpg;045806.jpg;103777.jpg
142346.jpg;153135.jpg;173391.jpg
071958.jpg;073556.jpg;003773.jpg
116886.jpg;087694.jpg;023298.jpg
065421.jpg;020130.jpg;198212.jpg
084359.jpg;009426.jpg;140020.jpg
000292.jpg;119659.jpg;028191.jpg
010336.jpg;044825.jpg;099035.jpg
091728.jpg;061798.jpg;134452.jpg
142115.jpg;068101.jpg;173684.jpg
179978.jpg;167186.jpg;132081.jpg
032521.jpg;156616.jpg;104684.jpg
137203.jpg;102972.jpg;181155.jpg
019826.jpg;108507.jpg;083152.jpg
124823.jpg;124798.jpg;095486.jpg
164195.jpg;176238.jpg;022723.jpg
201580.jpg;200343.jpg;112472.jpg
017802.jpg;060041.jpg;153291.jpg
100021.jpg;124015.jpg;156832.jpg
101474.jpg;056276.jpg;166498.jpg
076022.jpg;109257.jpg;080879.jpg
090363.jpg;084542.jpg;023057.jpg
201454.jpg;187332.jpg;056720.jpg
117675.jpg;054645.jpg;009783.jpg
109330.jpg;063412.jpg;172779.jpg
183364.jpg;200407.jpg;020375.jpg
150155.jpg;066555.jpg;020706.jpg
120953.jpg;021094.jpg;091067.jpg
075432.jpg;088074.jpg;117230.jpg
161249.jpg;161148.jpg;120539.jpg
168725.jpg;178295.jpg;184377.jpg
195634.jpg;183727.jpg;031444.jpg
138047.jpg;087929.jpg;132515.jpg
006552.jpg;144622.jpg;035356.jpg
053432.jpg;049109.jpg;094786.jpg
190840.jpg;202028.jpg;135962.jpg
095311.jpg;138848.jpg;073789.jpg
173994.jpg;174569.jpg;004530.jpg
033277.jpg;041134.jpg;133693.jpg
103705.jpg;133938.jpg;188830.jpg
005368.jpg;110190.jpg;166632.jpg
038110.jpg;160085.jpg;104584.jpg
170558.jpg;163742.jpg;078797.jpg
010793.jpg;052247.jpg;086335.jpg
041705.jpg;153418.jpg;095685.jpg
173636.jpg;172966.jpg;008361.jpg
044406.jpg;057531.jpg;168433.jpg
050054.jpg;038193.jpg;061419.jpg
119269.jpg;100076.jpg;142130.jpg
120064.jpg;114031.jpg;189910.jpg
091955.jpg;149244.jpg;090422.jpg
053906.jpg;004629.jpg;099222.jpg
160737.jpg;019207.jpg;090360.jpg
078626.jpg;011833.jpg;068942.jpg
135376.jpg;034256.jpg;194297.jpg
135153.jpg;150668.jpg;047826.jpg
098114.jpg;083286.jpg;127597.jpg
032666.jpg;003250.jpg;168563.jpg
030958.jpg;082489.jpg;070185.jpg
014937.jpg;150154.jpg;108727.jpg
072061.jpg;034916.jpg;094058.jpg
109845.jpg;069173.jpg;199748.jpg
169275.jpg;180376.jpg;100071.jpg
122191.jpg;088920.jpg;099870.jpg
149050.jpg;072072.jpg;094113.jpg
049501.jpg;045127.jpg;110409.jpg
177359.jpg;165734.jpg;039126.jpg
124395.jpg;100942.jpg;180022.jpg
114803.jpg;095086.jpg;041624.jpg
126692.jpg;083698.jpg;114569.jpg
005264.jpg;106777.jpg;146082.jpg
024197.jpg;013928.jpg;005917.jpg
069217.jpg;156135.jpg;100843.jpg
155252.jpg;104422.jpg;045913.jpg
113885.jpg;139779.jpg;122924.jpg
075467.jpg;019116.jpg;069694.jpg
003152.jpg;008693.jpg;027181.jpg
117554.jpg;123243.jpg;085474.jpg
147779.jpg;070093.jpg;188895.jpg
055681.jpg;041974.jpg;151095.jpg
125441.jpg;073236.jpg;107098.jpg
025238.jpg;123395.jpg;091889.jpg
166917.jpg;168827.jpg;113516.jpg
162159.jpg;083986.jpg;019246.jpg
122893.jpg;095890.jpg;157507.jpg
094951.jpg;070944.jpg;128369.jpg
120235.jpg;063476.jpg;025634.jpg
036349.jpg;156771.jpg;122332.jpg
171032.jpg;166351.jpg;108856.jpg
087824.jpg;062382.jpg;037917.jpg
106357.jpg;052697.jpg;155694.jpg
129490.jpg;103376.jpg;189375.jpg
135001.jpg;123615.jpg;139318.jpg
104630.jpg;020643.jpg;160301.jpg
171337.jpg;174662.jpg;145360.jpg
126428.jpg;062533.jpg;188307.jpg
127070.jpg;005888.jpg;045408.jpg
072598.jpg;153207.jpg;038954.jpg
022744.jpg;054415.jpg;004760.jpg
129103.jpg;139365.jpg;102520.jpg
002231.jpg;013315.jpg;086378.jpg
198628.jpg;199596.jpg;165391.jpg
096086.jpg;009597.jpg;152266.jpg
080238.jpg;020073.jpg;135334.jpg
004244.jpg;060019.jpg;174136.jpg
143213.jpg;091544.jpg;007704.jpg
125534.jpg;072426.jpg;029963.jpg
174992.jpg;182613.jpg;014238.jpg
197622.jpg;195291.jpg;054092.jpg
016269.jpg;128473.jpg;044225.jpg
067813.jpg;017828.jpg;008316.jpg
156054.jpg;111814.jpg;008833.jpg
122102.jpg;097322.jpg;139065.jpg
060503.jpg;066125.jpg;002356.jpg
184593.jpg;202169.jpg;117150.jpg
116107.jpg;106495.jpg;173418.jpg
022069.jpg;096433.jpg;006340.jpg
161273.jpg;067822.jpg;137631.jpg
034129.jpg;086676.jpg;065593.jpg
012402.jpg;136122.jpg;151706.jpg
172532.jpg;182400.jpg;162554.jpg
123003.jpg;040514.jpg;052740.jpg
097794.jpg;045641.jpg;049655.jpg
014589.jpg;138709.jpg;076867.jpg
175647.jpg;170017.jpg;124590.jpg
103943.jpg;016667.jpg;184625.jpg
022411.jpg;148457.jpg;083502.jpg
131178.jpg;082497.jpg;086789.jpg
078878.jpg;110320.jpg;176252.jpg
126595.jpg;120183.jpg;144579.jpg
125671.jpg;153138.jpg;109647.jpg
156852.jpg;148679.jpg;107489.jpg
174648.jpg;173789.jpg;065428.jpg
075021.jpg;069043.jpg;059252.jpg
176565.jpg;177926.jpg;004930.jpg
156461.jpg;068888.jpg;011209.jpg
139283.jpg;144880.jpg;197438.jpg
128950.jpg;154654.jpg;123712.jpg
142167.jpg;068873.jpg;184390.jpg
153128.jpg;042612.jpg;168357.jpg
050306.jpg;021511.jpg;127391.jpg
053949.jpg;104473.jpg;119444.jpg
085991.jpg;019145.jpg;004489.jpg
137164.jpg;062134.jpg;064153.jpg
189332.jpg;202357.jpg;180566.jpg
056031.jpg;089591.jpg;124716.jpg
149631.jpg;091671.jpg;065567.jpg
073351.jpg;112422.jpg;083540.jpg
143743.jpg;153729.jpg;141080.jpg
066542.jpg;138260.jpg;062744.jpg
134775.jpg;040977.jpg;186857.jpg
083120.jpg;018894.jpg;087463.jpg
191033.jpg;200020.jpg;182265.jpg
001087.jpg;144159.jpg;057944.jpg
012448.jpg;148687.jpg;044571.jpg
137638.jpg;025030.jpg;020201.jpg
017465.jpg;128839.jpg;117032.jpg
089296.jpg;007391.jpg;130633.jpg
171594.jpg;169221.jpg;061932.jpg
034403.jpg;004588.jpg;194290.jpg
164429.jpg;182330.jpg;191239.jpg
142085.jpg;021018.jpg;198905.jpg
099550.jpg;117488.jpg;041248.jpg
192961.jpg;198959.jpg;125186.jpg
152621.jpg;119802.jpg;058309.jpg
009210.jpg;017458.jpg;112433.jpg
026519.jpg;074832.jpg;138329.jpg
072855.jpg;162574.jpg;188338.jpg
001168.jpg;092704.jpg;046202.jpg
150367.jpg;012387.jpg;077524.jpg
160328.jpg;083666.jpg;052014.jpg
096339.jpg;159900.jpg;175389.jpg
194932.jpg;201610.jpg;019285.jpg
037655.jpg;153980.jpg;035647.jpg
105701.jpg;091231.jpg;057901.jpg
077758.jpg;046187.jpg;167456.jpg
195608.jpg;196533.jpg;112717.jpg
118694.jpg;042169.jpg;043547.jpg
160290.jpg;075188.jpg;195847.jpg
199546.jpg;199371.jpg;003626.jpg
190826.jpg;200267.jpg;043824.jpg
012660.jpg;034150.jpg;140897.jpg
007841.jpg;057216.jpg;144029.jpg
125469.jpg;120035.jpg;088107.jpg
067327.jpg;031557.jpg;059134.jpg
051259.jpg;051273.jpg;167407.jpg
090147.jpg;011607.jpg;169918.jpg
085894.jpg;102221.jpg;136379.jpg
057707.jpg;074311.jpg;023520.jpg
122956.jpg;043885.jpg;086297.jpg
031075.jpg;055811.jpg;120778.jpg
182631.jpg;163971.jpg;004461.jpg
176104.jpg;168240.jpg;111569.jpg
146033.jpg;002012.jpg;178672.jpg
037607.jpg;157214.jpg;100916.jpg
111617.jpg;057095.jpg;176953.jpg
064728.jpg;106462.jpg;075908.jpg
176039.jpg;169928.jpg;179685.jpg
153912.jpg;008148.jpg;050787.jpg
051401.jpg;117323.jpg;064119.jpg
133593.jpg;153578.jpg;200090.jpg
138624.jpg;080353.jpg;062285.jpg
021401.jpg;155354.jpg;167321.jpg
043542.jpg;134243.jpg;149065.jpg
081699.jpg;093168.jpg;112565.jpg
093772.jpg;137853.jpg;162761.jpg
000990.jpg;055653.jpg;049990.jpg
111955.jpg;016765.jpg;084925.jpg
054225.jpg;067462.jpg;022676.jpg
135424.jpg;108951.jpg;009862.jpg
024344.jpg;109925.jpg;089793.jpg
124315.jpg;117593.jpg;028069.jpg
123859.jpg;156384.jpg;164507.jpg
002391.jpg;007811.jpg;172736.jpg
045490.jpg;061692.jpg;021502.jpg
152383.jpg;038526.jpg;008755.jpg
148161.jpg;049462.jpg;139016.jpg
167104.jpg;167306.jpg;042981.jpg
171719.jpg;163492.jpg;119554.jpg
059752.jpg;105796.jpg;039844.jpg
048634.jpg;110436.jpg;097339.jpg
063301.jpg;137288.jpg;131713.jpg
155698.jpg;143965.jpg;173260.jpg
159116.jpg;106161.jpg;072800.jpg
060887.jpg;079732.jpg;101855.jpg
170928.jpg;177973.jpg;056317.jpg
168706.jpg;172848.jpg;157582.jpg
041254.jpg;039608.jpg;150943.jpg
022191.jpg;055580.jpg;158128.jpg
034742.jpg;042658.jpg;054456.jpg
176541.jpg;175513.jpg;163364.jpg
062874.jpg;026595.jpg;121491.jpg
024605.jpg;014577.jpg;066014.jpg
015204.jpg;129957.jpg;017595.jpg
114064.jpg;097469.jpg;159183.jpg
139378.jpg;004435.jpg;060742.jpg
194847.jpg;187436.jpg;162117.jpg
008850.jpg;098205.jpg;111815.jpg
064550.jpg;030711.jpg;054242.jpg
193651.jpg;185951.jpg;045288.jpg
198866.jpg;200307.jpg;136777.jpg
200594.jpg;190209.jpg;170676.jpg
144494.jpg;039913.jpg;013331.jpg
017773.jpg;106353.jpg;071473.jpg
165470.jpg;166106.jpg;201910.jpg
075268.jpg;056694.jpg;161954.jpg
007236.jpg;060709.jpg;063991.jpg
146623.jpg;125826.jpg;200383.jpg
105942.jpg;096773.jpg;002915.jpg
095763.jpg;007426.jpg;035843.jpg
167831.jpg;171272.jpg;163897.jpg
124374.jpg;152387.jpg;060255.jpg
121553.jpg;139386.jpg;018045.jpg
185374.jpg;182648.jpg;064756.jpg
056099.jpg;021343.jpg;193101.jpg
080117.jpg;021718.jpg;110251.jpg
024860.jpg;011234.jpg;070625.jpg
114224.jpg;091422.jpg;172814.jpg
028400.jpg;030670.jpg;069562.jpg
051758.jpg;104047.jpg;160789.jpg
092800.jpg;135581.jpg;001996.jpg
142446.jpg;086777.jpg;129035.jpg
186585.jpg;191816.jpg;071858.jpg
144303.jpg;110823.jpg;070123.jpg
161441.jpg;019747.jpg;199083.jpg
180539.jpg;176128.jpg;141621.jpg
020039.jpg;066006.jpg;136334.jpg
078728.jpg;136262.jpg;006583.jpg
065072.jpg;140936.jpg;179514.jpg
186595.jpg;192334.jpg;086750.jpg
011958.jpg;128256.jpg;067590.jpg
181598.jpg;164427.jpg;091284.jpg
082587.jpg;052224.jpg;093920.jpg
127638.jpg;096832.jpg;173646.jpg
196763.jpg;189297.jpg;116749.jpg
035673.jpg;021313.jpg;010521.jpg
155618.jpg;079255.jpg;116106.jpg
093635.jpg;133330.jpg;014396.jpg
091366.jpg;077859.jpg;088616.jpg
132592.jpg;012888.jpg;198467.jpg
057084.jpg;157508.jpg;015051.jpg
168195.jpg;175011.jpg;075797.jpg
038247.jpg;038865.jpg;199915.jpg
005413.jpg;132173.jpg;184329.jpg
062431.jpg;029222.jpg;110622.jpg
082056.jpg;008883.jpg;123295.jpg
151584.jpg;024604.jpg;008148.jpg
147236.jpg;154778.jpg;110481.jpg
128399.jpg;104334.jpg;060368.jpg
133963.jpg;018032.jpg;170070.jpg
175100.jpg;168262.jpg;162818.jpg
072520.jpg;084129.jpg;003668.jpg
144297.jpg;041493.jpg;158256.jpg
117819.jpg;000233.jpg;143580.jpg
196231.jpg;185292.jpg;119287.jpg
056537.jpg;109468.jpg;034791.jpg
059791.jpg;162522.jpg;104217.jpg
075089.jpg;035434.jpg;179685.jpg
168848.jpg;162778.jpg;095679.jpg
194902.jpg;184278.jpg;185259.jpg
121846.jpg;108406.jpg;062283.jpg
121535.jpg;008642.jpg;070565.jpg
149499.jpg;073584.jpg;001374.jpg
025327.jpg;032510.jpg;089739.jpg
051064.jpg;010245.jpg;090325.jpg
065119.jpg;126576.jpg;072294.jpg
048212.jpg;136828.jpg;000510.jpg
016907.jpg;066848.jpg;124065.jpg
030142.jpg;112324.jpg;096445.jpg
051474.jpg;131363.jpg;004241.jpg
062855.jpg;044801.jpg;152855.jpg
142416.jpg;128673.jpg;131958.jpg
173423.jpg;176020.jpg;068061.jpg
198018.jpg;196620.jpg;149673.jpg
151248.jpg;021574.jpg;169006.jpg
070243.jpg;108222.jpg;158978.jpg
061591.jpg;143034.jpg;177291.jpg
051418.jpg;063724.jpg;113234.jpg
025006.jpg;041803.jpg;028400.jpg
148085.jpg;030772.jpg;046227.jpg
163497.jpg;181073.jpg;148305.jpg
163221.jpg;171150.jpg;187134.jpg
200605.jpg;185536.jpg;185496.jpg
008146.jpg;080559.jpg;147298.jpg
112813.jpg;042089.jpg;033832.jpg
130559.jpg;070468.jpg;053972.jpg
173141.jpg;165158.jpg;016787.jpg
135248.jpg;115904.jpg;030274.jpg
005257.jpg;114329.jpg;151091.jpg
038820.jpg;020161.jpg;048712.jpg
180418.jpg;168761.jpg;164486.jpg
114938.jpg;081978.jpg;035631.jpg
119036.jpg;121573.jpg;041346.jpg
075542.jpg;069438.jpg;067792.jpg
088182.jpg;071931.jpg;154990.jpg
078349.jpg;012298.jpg;025263.jpg
142416.jpg;042298.jpg;090038.jpg
156999.jpg;099703.jpg;177066.jpg
033347.jpg;096984.jpg;015243.jpg
146767.jpg;035215.jpg;190904.jpg
113316.jpg;006324.jpg;072277.jpg
048607.jpg;023606.jpg;108634.jpg
027443.jpg;059947.jpg;134766.jpg
018279.jpg;067616.jpg;161615.jpg
090225.jpg;083289.jpg;005871.jpg
108226.jpg;052639.jpg;184229.jpg
026937.jpg;020522.jpg;081318.jpg
151646.jpg;118171.jpg;151180.jpg
001967.jpg;135643.jpg;028560.jpg
162061.jpg;020317.jpg;089202.jpg
138417.jpg;076440.jpg;035620.jpg
008513.jpg;115318.jpg;083946.jpg
199724.jpg;192778.jpg;124015.jpg
123985.jpg;000095.jpg;112816.jpg
072842.jpg;107708.jpg;149689.jpg
022403.jpg;024312.jpg;009017.jpg
160890.jpg;147420.jpg;004250.jpg
154836.jpg;077228.jpg;008079.jpg
193421.jpg;193630.jpg;127825.jpg
177675.jpg;178311.jpg;135906.jpg
093574.jpg;060557.jpg;098265.jpg
150459.jpg;028241.jpg;097743.jpg
028470.jpg;123914.jpg;062890.jpg
121862.jpg;049740.jpg;165084.jpg
082021.jpg;019892.jpg;065882.jpg
090732.jpg;140775.jpg;097388.jpg
127986.jpg;095721.jpg;008406.jpg
120467.jpg;041692.jpg;160720.jpg
057111.jpg;074025.jpg;133914.jpg
052947.jpg;101708.jpg;182035.jpg
074944.jpg;138426.jpg;124679.jpg
138302.jpg;133493.jpg;052356.jpg
178313.jpg;167150.jpg;022803.jpg
120928.jpg;123865.jpg;186174.jpg
201926.jpg;196288.jpg;062255.jpg
142161.jpg;138581.jpg;005683.jpg
168479.jpg;164629.jpg;134715.jpg
102071.jpg;001172.jpg;088134.jpg
099943.jpg;098939.jpg;024076.jpg
029773.jpg;130348.jpg;148748.jpg
189970.jpg;191668.jpg;084659.jpg
008121.jpg;047035.jpg;141206.jpg
065708.jpg;047447.jpg;082709.jpg
052100.jpg;157814.jpg;017567.jpg
123495.jpg;000734.jpg;148567.jpg
190799.jpg;185573.jpg;097015.jpg
093832.jpg;152008.jpg;067057.jpg
115770.jpg;136998.jpg;165771.jpg
170193.jpg;163055.jpg;144084.jpg
030703.jpg;063848.jpg;043286.jpg
078178.jpg;064849.jpg;147658.jpg
123319.jpg;037036.jpg;067905.jpg
142711.jpg;011733.jpg;053644.jpg
134467.jpg;039273.jpg;155743.jpg
091989.jpg;010391.jpg;052336.jpg
102309.jpg;002141.jpg;167999.jpg
050648.jpg;040011.jpg;153694.jpg
183477.jpg;192995.jpg;065011.jpg
177380.jpg;171880.jpg;158286.jpg
103901.jpg;150965.jpg;104808.jpg
079444.jpg;104668.jpg;201921.jpg
037635.jpg;027406.jpg;179148.jpg
017652.jpg;148504.jpg;091387.jpg
119291.jpg;117119.jpg;186646.jpg
088960.jpg;148721.jpg;107487.jpg
158375.jpg;032557.jpg;145613.jpg
055150.jpg;083481.jpg;061356.jpg
010224.jpg;070884.jpg;094281.jpg
191897.jpg;201613.jpg;169452.jpg
121714.jpg;151348.jpg;136776.jpg
006348.jpg;118638.jpg;068931.jpg
170179.jpg;174323.jpg;079434.jpg
129367.jpg;040664.jpg;162492.jpg
007445.jpg;079409.jpg;086675.jpg
140900.jpg;149484.jpg;058072.jpg
036248.jpg;066072.jpg;155349.jpg
079213.jpg;060903.jpg;064518.jpg
098475.jpg;068841.jpg;201222.jpg
173924.jpg;171941.jpg;117651.jpg
119881.jpg;087686.jpg;120976.jpg
113599.jpg;098333.jpg;164578.jpg
183362.jpg;187542.jpg;178086.jpg
025240.jpg;145560.jpg;038724.jpg
108728.jpg;108978.jpg;119946.jpg
056170.jpg;130237.jpg;071498.jpg
174147.jpg;163030.jpg;115314.jpg
178087.jpg;176414.jpg;106556.jpg
071662.jpg;119702.jpg;010060.jpg
123864.jpg;040273.jpg;084269.jpg
176310.jpg;169369.jpg;153105.jpg
049715.jpg;104150.jpg;024394.jpg
193230.jpg;191284.jpg;058733.jpg
090273.jpg;048936.jpg;187471.jpg
121144.jpg;043073.jpg;019487.jpg
028260.jpg;046429.jpg;186874.jpg
031094.jpg;115979.jpg;128910.jpg
100042.jpg;080418.jpg;199064.jpg
154531.jpg;106361.jpg;151586.jpg
138103.jpg;064189.jpg;096802.jpg
181685.jpg;176912.jpg;084154.jpg
077466.jpg;148237.jpg;146298.jpg
030705.jpg;059732.jpg;176989.jpg
147923.jpg;133524.jpg;149224.jpg
012429.jpg;081942.jpg;085928.jpg
150203.jpg;083534.jpg;049707.jpg
110991.jpg;113720.jpg;046668.jpg
099483.jpg;043804.jpg;143583.jpg
133547.jpg;044937.jpg;133496.jpg
144154.jpg;009557.jpg;086024.jpg
016260.jpg;020211.jpg;161103.jpg
058524.jpg;012049.jpg;173126.jpg
047755.jpg;150726.jpg;080067.jpg
120092.jpg;023566.jpg;111472.jpg
069344.jpg;033933.jpg;078296.jpg
059928.jpg;112517.jpg;010829.jpg
094319.jpg;130363.jpg;115528.jpg
004848.jpg;114160.jpg;045977.jpg
103348.jpg;095578.jpg;180305.jpg
017177.jpg;084319.jpg;175229.jpg
088929.jpg;083984.jpg;152244.jpg
130200.jpg;071439.jpg;130179.jpg
028207.jpg;156431.jpg;149626.jpg
156728.jpg;119370.jpg;116186.jpg
063575.jpg;134743.jpg;107794.jpg
066097.jpg;040288.jpg;104224.jpg
187474.jpg;186412.jpg;196703.jpg
149733.jpg;022053.jpg;191119.jpg
089592.jpg;117795.jpg;130274.jpg
176525.jpg;179813.jpg;147027.jpg
113711.jpg;096374.jpg;017539.jpg
159947.jpg;049194.jpg;072237.jpg
087299.jpg;149983.jpg;180630.jpg
093843.jpg;106790.jpg;050882.jpg
183060.jpg;190027.jpg;097992.jpg
164626.jpg;173462.jpg;027724.jpg
033945.jpg;133913.jpg;084759.jpg
006533.jpg;074146.jpg;035048.jpg
080474.jpg;008439.jpg;168698.jpg
072332.jpg;130741.jpg;053564.jpg
190126.jpg;192335.jpg;132363.jpg
130980.jpg;147767.jpg;104051.jpg
137572.jpg;119180.jpg;030275.jpg
150730.jpg;125792.jpg;104999.jpg
124202.jpg;063124.jpg;048104.jpg
192836.jpg;183011.jpg;123621.jpg
060779.jpg;130778.jpg;141583.jpg
082172.jpg;092227.jpg;137933.jpg
073502.jpg;102444.jpg;077484.jpg
144793.jpg;048604.jpg;006869.jpg
152217.jpg;128218.jpg;106251.jpg
021710.jpg;162061.jpg;026761.jpg
083515.jpg;119034.jpg;186919.jpg
077112.jpg;061077.jpg;020956.jpg
025389.jpg;130416.jpg;055009.jpg
015093.jpg;018512.jpg;184683.jpg
159231.jpg;148104.jpg;047193.jpg
176719.jpg;176054.jpg;121516.jpg
018516.jpg;034817.jpg;027360.jpg
030690.jpg;099853.jpg;043249.jpg
155271.jpg;106171.jpg;120282.jpg
196476.jpg;197697.jpg;193553.jpg
001629.jpg;127719.jpg;165599.jpg
018671.jpg;132356.jpg;185728.jpg
069835.jpg;122127.jpg;046960.jpg
116673.jpg;074503.jpg;113158.jpg
102583.jpg;104235.jpg;127677.jpg
183595.jpg;200317.jpg;171811.jpg
135198.jpg;129452.jpg;080441.jpg
034218.jpg;016327.jpg;095037.jpg
089899.jpg;140425.jpg;046799.jpg
187853.jpg;187481.jpg;073257.jpg
100405.jpg;097742.jpg;104204.jpg
003271.jpg;045427.jpg;161405.jpg
198503.jpg;183230.jpg;100996.jpg
084846.jpg;140725.jpg;154524.jpg
175809.jpg;174192.jpg;162534.jpg
083148.jpg;057343.jpg;144814.jpg
001048.jpg;121677.jpg;107723.jpg
185704.jpg;194117.jpg;190904.jpg
166355.jpg;174217.jpg;108145.jpg
027159.jpg;103537.jpg;158713.jpg
202359.jpg;182831.jpg;182918.jpg
149059.jpg;036046.jpg;003545.jpg
112819.jpg;012995.jpg;099500.jpg
125512.jpg;013545.jpg;051407.jpg
018304.jpg;082167.jpg;044140.jpg
033528.jpg;053770.jpg;030277.jpg
189568.jpg;186853.jpg;033199.jpg
169202.jpg;166657.jpg;118180.jpg
108742.jpg;098105.jpg;103159.jpg
149320.jpg;019076.jpg;022819.jpg
030877.jpg;075866.jpg;154893.jpg
177302.jpg;171554.jpg;097503.jpg
047148.jpg;129824.jpg;117092.jpg
018622.jpg;145654.jpg;167040.jpg
189780.jpg;197404.jpg;115006.jpg
116982.jpg;035889.jpg;121085.jpg
106788.jpg;122347.jpg;150086.jpg
097168.jpg;135221.jpg;042158.jpg
166918.jpg;164333.jpg;128547.jpg
002428.jpg;109313.jpg;086310.jpg
018122.jpg;040569.jpg;180764.jpg
171064.jpg;169273.jpg;003254.jpg
180252.jpg;168600.jpg;044230.jpg
089474.jpg;117407.jpg;194212.jpg
043431.jpg;015381.jpg;164907.jpg
075054.jpg;109737.jpg;001114.jpg
196342.jpg;201163.jpg;157076.jpg
117549.jpg;119099.jpg;139202.jpg
146681.jpg;044182.jpg;196288.jpg
003878.jpg;064743.jpg;065682.jpg
179472.jpg;175774.jpg;004930.jpg
106316.jpg;118958.jpg;176459.jpg
183252.jpg;190361.jpg;147475.jpg
129268.jpg;103590.jpg;027855.jpg
095315.jpg;010778.jpg;045864.jpg
131800.jpg;030866.jpg;030492.jpg
073759.jpg;126964.jpg;154874.jpg
137600.jpg;107355.jpg;130333.jpg
172819.jpg;170958.jpg;164880.jpg
098781.jpg;112799.jpg;057016.jpg
065861.jpg;088185.jpg;074728.jpg
086524.jpg;142878.jpg;059059.jpg
089258.jpg;146305.jpg;078662.jpg
053996.jpg;161770.jpg;196954.jpg
092354.jpg;149946.jpg;016970.jpg
115159.jpg;042461.jpg;071316.jpg
127759.jpg;115132.jpg;143010.jpg
033066.jpg;017588.jpg;061032.jpg
110768.jpg;078357.jpg;038568.jpg
195224.jpg;182686.jpg;018075.jpg
168820.jpg;173025.jpg;038959.jpg
202454.jpg;192197.jpg;189067.jpg
047176.jpg;063111.jpg;002662.jpg
008501.jpg;101719.jpg;067407.jpg
015274.jpg;051082.jpg;132862.jpg
136130.jpg;094521.jpg;188955.jpg
135957.jpg;004834.jpg;023986.jpg
042059.jpg;121409.jpg;058938.jpg
046809.jpg;145121.jpg;029789.jpg
069269.jpg;126390.jpg;073844.jpg
055305.jpg;116952.jpg;003143.jpg
113442.jpg;146206.jpg;070614.jpg
008365.jpg;008958.jpg;131842.jpg
091365.jpg;011300.jpg;192677.jpg
124423.jpg;134642.jpg;184253.jpg
161127.jpg;057468.jpg;046286.jpg
055950.jpg;054182.jpg;188338.jpg
072954.jpg;057937.jpg;111657.jpg
047259.jpg;152981.jpg;110243.jpg
202041.jpg;183936.jpg;136114.jpg
155788.jpg;060675.jpg;145769.jpg
146206.jpg;008242.jpg;147468.jpg
056634.jpg;043770.jpg;080578.jpg
156857.jpg;045938.jpg;167988.jpg
099224.jpg;005697.jpg;015914.jpg
187669.jpg;200457.jpg;069020.jpg
120877.jpg;103366.jpg;050845.jpg
085896.jpg;027151.jpg;115558.jpg
159276.jpg;047571.jpg;164433.jpg
086801.jpg;160130.jpg;196971.jpg
106759.jpg;093364.jpg;001370.jpg
142474.jpg;026257.jpg;034179.jpg
074509.jpg;097500.jpg;174855.jpg
143891.jpg;137468.jpg;039914.jpg
188364.jpg;196960.jpg;116841.jpg
108706.jpg;005878.jpg;197886.jpg
090894.jpg;007498.jpg;120091.jpg
009198.jpg;036453.jpg;126493.jpg
130046.jpg;112985.jpg;067325.jpg
019541.jpg;116438.jpg;170263.jpg
011008.jpg;097136.jpg;070766.jpg
121899.jpg;072256.jpg;044258.jpg
151371.jpg;061647.jpg;084612.jpg
041815.jpg;133064.jpg;119716.jpg
034978.jpg;074011.jpg;065084.jpg
141538.jpg;097156.jpg;013469.jpg
024763.jpg;064149.jpg;006009.jpg
035634.jpg;131444.jpg;004507.jpg
121578.jpg;080807.jpg;106134.jpg
003068.jpg;106992.jpg;135822.jpg
139595.jpg;049560.jpg;176276.jpg
019724.jpg;038714.jpg;174792.jpg
164872.jpg;171101.jpg;152484.jpg
142059.jpg;130518.jpg;175812.jpg
183857.jpg;189237.jpg;148738.jpg
065993.jpg;140841.jpg;140474.jpg
181087.jpg;164410.jpg;185003.jpg
104071.jpg;160254.jpg;129382.jpg
068300.jpg;089036.jpg;062097.jpg
121553.jpg;146666.jpg;057179.jpg
095105.jpg;153083.jpg;181295.jpg
181725.jpg;171886.jpg;054051.jpg
040255.jpg;156659.jpg;026845.jpg
082287.jpg;160655.jpg;018270.jpg
197646.jpg;188387.jpg;130831.jpg
066674.jpg;142479.jpg;145686.jpg
169522.jpg;179760.jpg;117665.jpg
008727.jpg;086990.jpg;179455.jpg
116083.jpg;137409.jpg;106862.jpg
009585.jpg;148530.jpg;042009.jpg
190764.jpg;185794.jpg;077730.jpg
095450.jpg;018789.jpg;118324.jpg
028071.jpg;016441.jpg;169678.jpg
118936.jpg;049551.jpg;001846.jpg
200315.jpg;196555.jpg;000142.jpg
175861.jpg;166919.jpg;051343.jpg
114613.jpg;036962.jpg;103860.jpg
107344.jpg;040236.jpg;002481.jpg
142472.jpg;115634.jpg;019008.jpg
066465.jpg;101253.jpg;085316.jpg
179198.jpg;173748.jpg;026989.jpg
166963.jpg;166766.jpg;042410.jpg
197349.jpg;185582.jpg;014598.jpg
045364.jpg;053984.jpg;047130.jpg
082810.jpg;052727.jpg;015030.jpg
034906.jpg;077846.jpg;174620.jpg
066776.jpg;018926.jpg;019056.jpg
002217.jpg;136511.jpg;126918.jpg
011029.jpg;092373.jpg;014748.jpg
197503.jpg;201099.jpg;139668.jpg
145629.jpg;162273.jpg;176475.jpg
127932.jpg;141787.jpg;010998.jpg
008375.jpg;017548.jpg;002860.jpg
164895.jpg;179340.jpg;133038.jpg
143964.jpg;054845.jpg;009436.jpg
023086.jpg;063205.jpg;024014.jpg
099033.jpg;076281.jpg;178210.jpg
160981.jpg;012816.jpg;129606.jpg
100260.jpg;096817.jpg;068575.jpg
154452.jpg;026922.jpg;166057.jpg
002432.jpg;022708.jpg;136871.jpg
099344.jpg;032432.jpg;074740.jpg
154101.jpg;135885.jpg;122438.jpg
163600.jpg;164180.jpg;148070.jpg
082954.jpg;067083.jpg;038172.jpg
046570.jpg;116931.jpg;017763.jpg
171472.jpg;164724.jpg;120320.jpg
026275.jpg;147161.jpg;137486.jpg
168174.jpg;171751.jpg;046878.jpg
007147.jpg;032138.jpg;015266.jpg
084512.jpg;027430.jpg;071572.jpg
036702.jpg;017698.jpg;055794.jpg
094139.jpg;051508.jpg;074667.jpg
083325.jpg;048946.jpg;005524.jpg
110371.jpg;013923.jpg;106590.jpg
127489.jpg;111092.jpg;033688.jpg
061213.jpg;084682.jpg;062291.jpg
196899.jpg;199525.jpg;134482.jpg
188538.jpg;191207.jpg;187735.jpg
196465.jpg;201884.jpg;185606.jpg
172867.jpg;163597.jpg;173126.jpg
071008.jpg;045544.jpg;158917.jpg
162547.jpg;124721.jpg;029196.jpg
092899.jpg;143444.jpg;075086.jpg
083956.jpg;061889.jpg;043573.jpg
044757.jpg;044792.jpg;128196.jpg
132442.jpg;055485.jpg;022675.jpg
066579.jpg;092207.jpg;085468.jpg
022497.jpg;119168.jpg;043425.jpg
155384.jpg;151741.jpg;112887.jpg
061779.jpg;097321.jpg;158671.jpg
079624.jpg;155460.jpg;013247.jpg
045514.jpg;076787.jpg;138478.jpg
107254.jpg;057899.jpg;142154.jpg
009644.jpg;109747.jpg;103463.jpg
120427.jpg;103585.jpg;051257.jpg
020386.jpg;095306.jpg;007884.jpg
117102.jpg;043167.jpg;118561.jpg
082613.jpg;098024.jpg;188998.jpg
113310.jpg;104783.jpg;150303.jpg
172634.jpg;164861.jpg;003053.jpg
138458.jpg;060934.jpg;026907.jpg
031932.jpg;095029.jpg;184031.jpg
074277.jpg;057523.jpg;027284.jpg
003866.jpg;070286.jpg;128026.jpg
052287.jpg;077990.jpg;099874.jpg
161695.jpg;102518.jpg;062522.jpg
191054.jpg;192355.jpg;116492.jpg
029830.jpg;140118.jpg;167232.jpg
086421.jpg;155155.jpg;157911.jpg
104605.jpg;129529.jpg;091703.jpg
188385.jpg;199258.jpg;150463.jpg
145008.jpg;102482.jpg;069415.jpg
064897.jpg;084949.jpg;020256.jpg
088611.jpg;068874.jpg;090635.jpg
100160.jpg;033039.jpg;099161.jpg
162670.jpg;031931.jpg;052229.jpg
201356.jpg;190686.jpg;162797.jpg
152601.jpg;021176.jpg;102603.jpg
127258.jpg;021406.jpg;128198.jpg
171951.jpg;169442.jpg;179941.jpg
093736.jpg;059708.jpg;202360.jpg
103780.jpg;034032.jpg;129560.jpg
073406.jpg;061590.jpg;132381.jpg
084156.jpg;091895.jpg;196732.jpg
046113.jpg;134715.jpg;073552.jpg
168437.jpg;179186.jpg;199802.jpg
054505.jpg;016410.jpg;067606.jpg
148660.jpg;117805.jpg;032749.jpg
133401.jpg;095801.jpg;200968.jpg
117427.jpg;145159.jpg;167392.jpg
130751.jpg;054566.jpg;059762.jpg
196968.jpg;192786.jpg;167236.jpg
029530.jpg;042146.jpg;032955.jpg
016159.jpg;111996.jpg;103105.jpg
198912.jpg;201762.jpg;109384.jpg
191619.jpg;191405.jpg;128434.jpg
034961.jpg;140070.jpg;171518.jpg
197397.jpg;184716.jpg;107497.jpg
044485.jpg;051803.jpg;017087.jpg
170737.jpg;166274.jpg;079145.jpg
105164.jpg;127050.jpg;179211.jpg
082101.jpg;044460.jpg;167648.jpg
044625.jpg;090740.jpg;012259.jpg
069249.jpg;065757.jpg;179261.jpg
040483.jpg;029245.jpg;132549.jpg
124890.jpg;107405.jpg;105122.jpg
134457.jpg;132700.jpg;148003.jpg
111534.jpg;091044.jpg;039574.jpg
112820.jpg;123898.jpg;122033.jpg
154506.jpg;055200.jpg;201884.jpg
146971.jpg;116479.jpg;035836.jpg
146089.jpg;051791.jpg;075323.jpg
199297.jpg;188913.jpg;157296.jpg
036186.jpg;059094.jpg;173667.jpg
008210.jpg;093332.jpg;032782.jpg
114733.jpg;093645.jpg;135104.jpg
062659.jpg;097957.jpg;016191.jpg
113778.jpg;060317.jpg;048698.jpg
063459.jpg;058569.jpg;004175.jpg
196448.jpg;184629.jpg;071426.jpg
158505.jpg;101621.jpg;014702.jpg
169942.jpg;163165.jpg;073567.jpg
092394.jpg;131171.jpg;174340.jpg
105683.jpg;130791.jpg;003461.jpg
037832.jpg;094265.jpg;009658.jpg
151788.jpg;144375.jpg;076232.jpg
021601.jpg;047798.jpg;137101.jpg
176515.jpg;162828.jpg;131583.jpg
052395.jpg;044748.jpg;003338.jpg
065751.jpg;047001.jpg;098106.jpg
003144.jpg;080401.jpg;000883.jpg
049560.jpg;027765.jpg;039429.jpg
074374.jpg;095675.jpg;164315.jpg
145818.jpg;030183.jpg;172788.jpg
017559.jpg;106083.jpg;134025.jpg
194173.jpg;198408.jpg;079695.jpg
011473.jpg;141950.jpg;102457.jpg
151712.jpg;111345.jpg;077478.jpg
172055.jpg;181802.jpg;003810.jpg
122862.jpg;122900.jpg;090526.jpg
174621.jpg;174756.jpg;137904.jpg
045658.jpg;037982.jpg;097947.jpg
120453.jpg;054488.jpg;008416.jpg
123396.jpg;133457.jpg;024100.jpg
154826.jpg;105848.jpg;182219.jpg
185396.jpg;185696.jpg;073755.jpg
155536.jpg;162064.jpg;104600.jpg
193202.jpg;186387.jpg;145189.jpg
096391.jpg;046245.jpg;066332.jpg
144332.jpg;160088.jpg;086394.jpg
154400.jpg;142498.jpg;109128.jpg
035390.jpg;150463.jpg;020878.jpg
034494.jpg;138741.jpg;118586.jpg
107094.jpg;011795.jpg;053555.jpg
012503.jpg;053662.jpg;170505.jpg
104137.jpg;092009.jpg;110349.jpg
049251.jpg;092658.jpg;079061.jpg
099097.jpg;092558.jpg;179888.jpg
058133.jpg;125924.jpg;067072.jpg
086078.jpg;005646.jpg;001703.jpg
084609.jpg;123027.jpg;047541.jpg
191450.jpg;200925.jpg;166303.jpg
079537.jpg;065432.jpg;120482.jpg
143415.jpg;028392.jpg;035738.jpg
188859.jpg;192207.jpg;100868.jpg
081025.jpg;080957.jpg;078025.jpg
189880.jpg;186016.jpg;193707.jpg
194607.jpg;194892.jpg;088284.jpg
028803.jpg;034194.jpg;104206.jpg
071171.jpg;079136.jpg;012619.jpg
142815.jpg;110491.jpg;068240.jpg
163921.jpg;175738.jpg;186161.jpg
112494.jpg;095564.jpg;047422.jpg
196510.jpg;190183.jpg;098297.jpg
004680.jpg;150463.jpg;167265.jpg
174127.jpg;172926.jpg;187686.jpg
016603.jpg;081937.jpg;020705.jpg
018949.jpg;130098.jpg;072042.jpg
115803.jpg;139285.jpg;062986.jpg
039592.jpg;085171.jpg;004849.jpg
195236.jpg;198933.jpg;142026.jpg
162653.jpg;142827.jpg;094579.jpg
154953.jpg;081130.jpg;137775.jpg
171333.jpg;175165.jpg;154141.jpg
172895.jpg;164880.jpg;169939.jpg
110095.jpg;062845.jpg;131798.jpg
082735.jpg;104139.jpg;050745.jpg
028410.jpg;122744.jpg;016375.jpg
092213.jpg;105325.jpg;118420.jpg
180674.jpg;162785.jpg;100901.jpg
046301.jpg;119959.jpg;034667.jpg
076744.jpg;041370.jpg;063015.jpg
163882.jpg;167471.jpg;113619.jpg
083052.jpg;049375.jpg;064562.jpg
201525.jpg;199652.jpg;165724.jpg
021139.jpg;097760.jpg;083901.jpg
072681.jpg;009015.jpg;073660.jpg
037561.jpg;131158.jpg;037217.jpg
091803.jpg;158354.jpg;199610.jpg
190943.jpg;192083.jpg;198291.jpg
067030.jpg;014263.jpg;073648.jpg
128346.jpg;122016.jpg;049094.jpg
127325.jpg;055400.jpg;034041.jpg
025558.jpg;060493.jpg;049862.jpg
175884.jpg;168490.jpg;035497.jpg
134358.jpg;034999.jpg;168881.jpg
021245.jpg;158414.jpg;103317.jpg
095179.jpg;018910.jpg;167898.jpg
178719.jpg;170656.jpg;187550.jpg
050372.jpg;087583.jpg;162442.jpg
184023.jpg;185589.jpg;142932.jpg
059258.jpg;131020.jpg;127930.jpg
077865.jpg;033167.jpg;123965.jpg
108894.jpg;133091.jpg;008992.jpg
158901.jpg;073201.jpg;151713.jpg
093234.jpg;020365.jpg;101363.jpg
092524.jpg;158432.jpg;156304.jpg
133622.jpg;021165.jpg;118425.jpg
025993.jpg;147752.jpg;064508.jpg
144412.jpg;120122.jpg;122382.jpg
128474.jpg;121801.jpg;189753.jpg
176529.jpg;171616.jpg;054435.jpg
020226.jpg;023383.jpg;062666.jpg
062337.jpg;093547.jpg;025647.jpg
129233.jpg;013296.jpg;173203.jpg
167137.jpg;173825.jpg;074986.jpg
051083.jpg;120512.jpg;027764.jpg
183428.jpg;191188.jpg;135815.jpg
156412.jpg;041938.jpg;030138.jpg
088976.jpg;072632.jpg;064223.jpg
003521.jpg;155116.jpg;017547.jpg
051804.jpg;156492.jpg;102030.jpg
110017.jpg;020573.jpg;096301.jpg
186501.jpg;185214.jpg;150139.jpg
098065.jpg;048951.jpg;096935.jpg
033414.jpg;055844.jpg;048818.jpg
178206.jpg;166142.jpg;141913.jpg
056423.jpg;145079.jpg;173433.jpg
167760.jpg;178142.jpg;161747.jpg
023766.jpg;153263.jpg;060427.jpg
035966.jpg;135580.jpg;122039.jpg
145055.jpg;059617.jpg;043949.jpg
102780.jpg;052310.jpg;043134.jpg
136973.jpg;109744.jpg;019678.jpg
061954.jpg;151778.jpg;083586.jpg
197618.jpg;191701.jpg;186659.jpg
153751.jpg;045299.jpg;139057.jpg
119497.jpg;111152.jpg;195561.jpg
161390.jpg;043664.jpg;141202.jpg
201831.jpg;192789.jpg;061848.jpg
181869.jpg;168172.jpg;179181.jpg
101253.jpg;002707.jpg;181276.jpg
020345.jpg;053651.jpg;004501.jpg
093237.jpg;138206.jpg;161426.jpg
112290.jpg;023903.jpg;073222.jpg
138922.jpg;087248.jpg;183771.jpg
012628.jpg;002684.jpg;039281.jpg
031015.jpg;145373.jpg;164451.jpg
181589.jpg;178016.jpg;190279.jpg
028375.jpg;123056.jpg;116406.jpg
033020.jpg;024030.jpg;106312.jpg
015423.jpg;038048.jpg;063517.jpg
072900.jpg;087265.jpg;076343.jpg
171049.jpg;175919.jpg;176600.jpg
165829.jpg;174418.jpg;078503.jpg
075449.jpg;089879.jpg;036609.jpg
163882.jpg;169121.jpg;121857.jpg
145144.jpg;093817.jpg;111241.jpg
009820.jpg;007654.jpg;056985.jpg
163942.jpg;167198.jpg;155738.jpg
083206.jpg;032702.jpg;037263.jpg
122116.jpg;103869.jpg;089774.jpg
053483.jpg;059235.jpg;076013.jpg
201397.jpg;196229.jpg;044034.jpg
094192.jpg;119191.jpg;024548.jpg
096514.jpg;008949.jpg;022810.jpg
063319.jpg;150021.jpg;079045.jpg
141425.jpg;076698.jpg;017670.jpg
096575.jpg;101341.jpg;120828.jpg
027734.jpg;151926.jpg;199170.jpg
174909.jpg;167231.jpg;064312.jpg
107340.jpg;141531.jpg;187183.jpg
060655.jpg;011894.jpg;041643.jpg
190684.jpg;184202.jpg;166281.jpg
084728.jpg;099349.jpg;197376.jpg
195957.jpg;190079.jpg;125056.jpg
130343.jpg;142489.jpg;026905.jpg
197424.jpg;200602.jpg;068324.jpg
008359.jpg;105283.jpg;119791.jpg
009848.jpg;012646.jpg;158594.jpg
019533.jpg;105028.jpg;120620.jpg
096809.jpg;025950.jpg;017244.jpg
082128.jpg;066420.jpg;194482.jpg
175328.jpg;165879.jpg;054395.jpg
109127.jpg;010177.jpg;001095.jpg
191386.jpg;191303.jpg;030773.jpg
107356.jpg;035910.jpg;087724.jpg
072436.jpg;114638.jpg;022559.jpg
029143.jpg;003628.jpg;050526.jpg
138593.jpg;021938.jpg;061952.jpg
074711.jpg;110187.jpg;177576.jpg
005103.jpg;051326.jpg;095052.jpg
045038.jpg;030114.jpg;190493.jpg
130465.jpg;119423.jpg;082557.jpg
147635.jpg;028315.jpg;169835.jpg
045444.jpg;006592.jpg;175553.jpg
188121.jpg;193829.jpg;174693.jpg
049195.jpg;067662.jpg;068520.jpg
057802.jpg;029724.jpg;071023.jpg
000687.jpg;033751.jpg;156914.jpg
000415.jpg;112743.jpg;172625.jpg
136625.jpg;016266.jpg;064079.jpg
138351.jpg;160848.jpg;078317.jpg
004584.jpg;020963.jpg;130401.jpg
069759.jpg;102248.jpg;078819.jpg
026573.jpg;098559.jpg;167660.jpg
045204.jpg;139178.jpg;089660.jpg
016231.jpg;021284.jpg;173147.jpg
154959.jpg;093878.jpg;054195.jpg
082996.jpg;075913.jpg;113363.jpg
038712.jpg;051329.jpg;178505.jpg
133138.jpg;007709.jpg;093137.jpg
010698.jpg;037848.jpg;114613.jpg
008693.jpg;017476.jpg;193493.jpg
095214.jpg;037867.jpg;145900.jpg
041039.jpg;142645.jpg;088546.jpg
170513.jpg;173759.jpg;041214.jpg
128380.jpg;083682.jpg;024773.jpg
088322.jpg;045042.jpg;000302.jpg
033907.jpg;123666.jpg;122375.jpg
157032.jpg;049365.jpg;082053.jpg
079228.jpg;005281.jpg;160269.jpg
094492.jpg;147334.jpg;064930.jpg
144350.jpg;160646.jpg;079896.jpg
074488.jpg;068375.jpg;159542.jpg
151891.jpg;149607.jpg;062524.jpg
102239.jpg;003064.jpg;133845.jpg
192585.jpg;189716.jpg;052217.jpg
025234.jpg;031925.jpg;178538.jpg
022556.jpg;114144.jpg;006433.jpg
046270.jpg;003126.jpg;112264.jpg
042452.jpg;005829.jpg;106186.jpg
187706.jpg;190980.jpg;110820.jpg
177329.jpg;173734.jpg;110913.jpg
196453.jpg;189291.jpg;030956.jpg
013862.jpg;031183.jpg;188684.jpg
120758.jpg;107347.jpg;143297.jpg
141067.jpg;088678.jpg;179269.jpg
024567.jpg;037836.jpg;036726.jpg
044457.jpg;143547.jpg;167965.jpg
064495.jpg;097837.jpg;007799.jpg
200269.jpg;186593.jpg;112371.jpg
166785.jpg;174931.jpg;141752.jpg
147231.jpg;074019.jpg;088810.jpg
178999.jpg;181478.jpg;133402.jpg
057105.jpg;048064.jpg;050241.jpg
140319.jpg;095809.jpg;180044.jpg
189178.jpg;182954.jpg;110806.jpg
170486.jpg;178151.jpg;079559.jpg
065589.jpg;156986.jpg;041105.jpg
196099.jpg;198651.jpg;125235.jpg
126431.jpg;106187.jpg;176132.jpg
058148.jpg;055086.jpg;141545.jpg
031276.jpg;156638.jpg;019136.jpg
063558.jpg;016258.jpg;080899.jpg
122935.jpg;117161.jpg;029019.jpg
160261.jpg;129238.jpg;198327.jpg
162218.jpg;124090.jpg;149697.jpg
177312.jpg;174484.jpg;076492.jpg
173610.jpg;164127.jpg;079224.jpg
063438.jpg;048175.jpg;171873.jpg
006972.jpg;022571.jpg;191835.jpg
156215.jpg;070351.jpg;090609.jpg
146091.jpg;130054.jpg;083030.jpg
173836.jpg;165804.jpg;007867.jpg
164023.jpg;169311.jpg;154104.jpg
048902.jpg;118527.jpg;034743.jpg
079636.jpg;071657.jpg;103351.jpg
150867.jpg;029538.jpg;102971.jpg
200949.jpg;189186.jpg;182471.jpg
079119.jpg;071880.jpg;148019.jpg
014549.jpg;155151.jpg;161009.jpg
079428.jpg;124988.jpg;143606.jpg
154088.jpg;127249.jpg;110801.jpg
122183.jpg;152857.jpg;165064.jpg
197232.jpg;190172.jpg;028136.jpg
080236.jpg;127896.jpg;167489.jpg
101921.jpg;135212.jpg;050615.jpg
145991.jpg;108535.jpg;032775.jpg
165462.jpg;171196.jpg;079538.jpg
040177.jpg;106919.jpg;187989.jpg
013234.jpg;095671.jpg;089322.jpg
012571.jpg;037715.jpg;042180.jpg
050073.jpg;118762.jpg;201472.jpg
073431.jpg;020057.jpg;152483.jpg
126858.jpg;027119.jpg;014261.jpg
179271.jpg;164438.jpg;090892.jpg
069859.jpg;100413.jpg;190105.jpg
194194.jpg;191952.jpg;145923.jpg
015980.jpg;106174.jpg;053089.jpg
109837.jpg;145932.jpg;128043.jpg
179379.jpg;169504.jpg;086862.jpg
160924.jpg;018493.jpg;078976.jpg
072137.jpg;031534.jpg;093570.jpg
099978.jpg;048266.jpg;067348.jpg
187697.jpg;198773.jpg;019486.jpg
050501.jpg;149590.jpg;131592.jpg
166367.jpg;179218.jpg;055994.jpg
110441.jpg;027990.jpg;129188.jpg
008156.jpg;033235.jpg;057572.jpg
108796.jpg;085034.jpg;101333.jpg
136403.jpg;135344.jpg;001480.jpg
060228.jpg;162378.jpg;100051.jpg
127672.jpg;071865.jpg;120286.jpg
098799.jpg;065715.jpg;060162.jpg
019224.jpg;027134.jpg;105299.jpg
013498.jpg;142704.jpg;080533.jpg
060469.jpg;025322.jpg;168239.jpg
114517.jpg;154906.jpg;069209.jpg
177109.jpg;180050.jpg;096532.jpg
014509.jpg;014282.jpg;087505.jpg
105410.jpg;137166.jpg;103923.jpg
013217.jpg;062682.jpg;011276.jpg
006863.jpg;062406.jpg;073019.jpg
152590.jpg;109947.jpg;072729.jpg
040256.jpg;108374.jpg;199676.jpg
196880.jpg;193075.jpg;105313.jpg
169479.jpg;164978.jpg;117161.jpg
104096.jpg;045474.jpg;011968.jpg
165389.jpg;172928.jpg;094898.jpg
132486.jpg;136732.jpg;157190.jpg
054118.jpg;050666.jpg;093658.jpg
145993.jpg;035537.jpg;159441.jpg
167779.jpg;179607.jpg;103371.jpg
190983.jpg;185136.jpg;015067.jpg
142790.jpg;066751.jpg;182468.jpg
062808.jpg;010288.jpg;015760.jpg
113316.jpg;006324.jpg;074336.jpg
083943.jpg;134479.jpg;077700.jpg
110806.jpg;152337.jpg;116784.jpg
142140.jpg;120076.jpg;051461.jpg
044745.jpg;060290.jpg;124589.jpg
140013.jpg;077352.jpg;177325.jpg
145952.jpg;084382.jpg;066095.jpg
046548.jpg;053365.jpg;135593.jpg
099444.jpg;072192.jpg;133118.jpg
155941.jpg;040483.jpg;193175.jpg
161540.jpg;133000.jpg;118704.jpg
099534.jpg;066229.jpg;003868.jpg
055916.jpg;112395.jpg;163025.jpg
200220.jpg;195639.jpg;014908.jpg
172631.jpg;180568.jpg;095986.jpg
051868.jpg;111467.jpg;011441.jpg
124992.jpg;134137.jpg;045841.jpg
027590.jpg;023697.jpg;126015.jpg
078074.jpg;159089.jpg;061269.jpg
002289.jpg;135240.jpg;124825.jpg
003685.jpg;013196.jpg;050939.jpg
180043.jpg;177475.jpg;058695.jpg
102379.jpg;110433.jpg;158983.jpg
157559.jpg;129159.jpg;159302.jpg
089665.jpg;158234.jpg;142953.jpg
056123.jpg;027270.jpg;061213.jpg
039465.jpg;152646.jpg;011230.jpg
027054.jpg;065726.jpg;201949.jpg
011392.jpg;018740.jpg;003185.jpg
170748.jpg;174927.jpg;175796.jpg
175394.jpg;178501.jpg;063174.jpg
125776.jpg;047558.jpg;123096.jpg
199554.jpg;186929.jpg;014878.jpg
043917.jpg;159973.jpg;182512.jpg
135245.jpg;017569.jpg;018647.jpg
167838.jpg;178262.jpg;127466.jpg
085739.jpg;123043.jpg;112316.jpg
086677.jpg;024449.jpg;069245.jpg
089579.jpg;111114.jpg;071608.jpg
154517.jpg;148729.jpg;142391.jpg
197023.jpg;193171.jpg;081759.jpg
114104.jpg;071184.jpg;166065.jpg
000172.jpg;160133.jpg;174754.jpg
102848.jpg;022011.jpg;177930.jpg
186544.jpg;198095.jpg;006826.jpg
120522.jpg;139353.jpg;193212.jpg
118522.jpg;110665.jpg;125872.jpg
119852.jpg;059011.jpg;023121.jpg
178495.jpg;172579.jpg;038758.jpg
186630.jpg;198926.jpg;007317.jpg
060649.jpg;061984.jpg;037701.jpg
060457.jpg;162178.jpg;189367.jpg
197503.jpg;201099.jpg;023254.jpg
132800.jpg;156963.jpg;076462.jpg
027703.jpg;161946.jpg;107415.jpg
056694.jpg;146307.jpg;068861.jpg
096026.jpg;082130.jpg;053780.jpg
076726.jpg;115116.jpg;051938.jpg
107833.jpg;000477.jpg;008344.jpg
192326.jpg;183701.jpg;089294.jpg
040688.jpg;088859.jpg;186426.jpg
193136.jpg;200632.jpg;037080.jpg
059011.jpg;160581.jpg;193365.jpg
073928.jpg;146471.jpg;044549.jpg
165462.jpg;180936.jpg;071222.jpg
059285.jpg;024797.jpg;043821.jpg
008684.jpg;128349.jpg;034283.jpg
118930.jpg;071487.jpg;088959.jpg
072190.jpg;060931.jpg;097068.jpg
004302.jpg;099383.jpg;120372.jpg
037769.jpg;106713.jpg;114131.jpg
004784.jpg;074128.jpg;060311.jpg
182352.jpg;167605.jpg;162079.jpg
063417.jpg;071046.jpg;166296.jpg
011897.jpg;000011.jpg;014173.jpg
147163.jpg;007576.jpg;077300.jpg
191325.jpg;198657.jpg;143040.jpg
007180.jpg;154680.jpg;037594.jpg
041059.jpg;067935.jpg;166052.jpg
190336.jpg;188663.jpg;173595.jpg
045739.jpg;040353.jpg;044012.jpg
059656.jpg;161811.jpg;022510.jpg
063271.jpg;001883.jpg;184878.jpg
075826.jpg;136533.jpg;195895.jpg
191230.jpg;198290.jpg;171786.jpg
150963.jpg;143485.jpg;145261.jpg
048380.jpg;010323.jpg;167327.jpg
146676.jpg;153801.jpg;003581.jpg
028243.jpg;108556.jpg;086855.jpg
075880.jpg;120179.jpg;168954.jpg
135619.jpg;020373.jpg;178551.jpg
168400.jpg;164488.jpg;000212.jpg
006788.jpg;048990.jpg;114751.jpg
091306.jpg;003038.jpg;140863.jpg
022333.jpg;068071.jpg;184728.jpg
121384.jpg;099394.jpg;148385.jpg
021061.jpg;156432.jpg;094474.jpg
114003.jpg;155748.jpg;150606.jpg
115086.jpg;057841.jpg;102930.jpg
081398.jpg;072530.jpg;196531.jpg
039549.jpg;162645.jpg;059038.jpg
069374.jpg;038542.jpg;132324.jpg
037871.jpg;148664.jpg;141202.jpg
085550.jpg;089235.jpg;094715.jpg
139441.jpg;155821.jpg;145224.jpg
015267.jpg;056814.jpg;169262.jpg
126114.jpg;115154.jpg;067448.jpg
048865.jpg;146325.jpg;179656.jpg
123295.jpg;136134.jpg;058759.jpg
178580.jpg;176500.jpg;198111.jpg
022300.jpg;119441.jpg;036191.jpg
110050.jpg;035405.jpg;177190.jpg
093248.jpg;007210.jpg;156814.jpg
136709.jpg;077849.jpg;042135.jpg
153405.jpg;003477.jpg;024782.jpg
067463.jpg;008198.jpg;131219.jpg
020569.jpg;031840.jpg;054190.jpg
031604.jpg;127583.jpg;171156.jpg
051636.jpg;075157.jpg;176460.jpg
149768.jpg;111544.jpg;121369.jpg
126246.jpg;076112.jpg;077181.jpg
200709.jpg;184390.jpg;068217.jpg
091526.jpg;055660.jpg;125651.jpg
069220.jpg;050544.jpg;091560.jpg
043430.jpg;031642.jpg;027763.jpg
185445.jpg;201212.jpg;145921.jpg
158311.jpg;125403.jpg;088487.jpg
183670.jpg;199196.jpg;048321.jpg
109963.jpg;134575.jpg;068696.jpg
049059.jpg;116910.jpg;141882.jpg
159477.jpg;084133.jpg;163739.jpg
127165.jpg;157106.jpg;097375.jpg
187194.jpg;184595.jpg;134540.jpg
184115.jpg;190860.jpg;171796.jpg
075303.jpg;114656.jpg;191240.jpg
153363.jpg;002012.jpg;010253.jpg
136239.jpg;015969.jpg;015211.jpg
039556.jpg;013603.jpg;075113.jpg
167898.jpg;176154.jpg;044287.jpg
073608.jpg;014119.jpg;085797.jpg
002935.jpg;015097.jpg;190051.jpg
161760.jpg;032053.jpg;015517.jpg
147681.jpg;041017.jpg;095253.jpg
074557.jpg;038137.jpg;065203.jpg
152450.jpg;059082.jpg;185959.jpg
032587.jpg;140102.jpg;087670.jpg
161428.jpg;067211.jpg;014509.jpg
028339.jpg;150898.jpg;193820.jpg
020289.jpg;022894.jpg;163745.jpg
121088.jpg;137014.jpg;007298.jpg
049699.jpg;064084.jpg;169602.jpg
110325.jpg;147597.jpg;137742.jpg
048094.jpg;128781.jpg;161134.jpg
153090.jpg;027932.jpg;077563.jpg
033600.jpg;122742.jpg;189657.jpg
090843.jpg;142217.jpg;066805.jpg
006287.jpg;116914.jpg;193273.jpg
136488.jpg;008054.jpg;079015.jpg
056348.jpg;146710.jpg;068807.jpg
193085.jpg;197415.jpg;073088.jpg
068708.jpg;011475.jpg;191868.jpg
174162.jpg;168315.jpg;027459.jpg
131719.jpg;154407.jpg;074632.jpg
081256.jpg;042877.jpg;007918.jpg
175530.jpg;163663.jpg;025477.jpg
092177.jpg;149138.jpg;137267.jpg
180732.jpg;181524.jpg;098035.jpg
172432.jpg;169924.jpg;051966.jpg
117849.jpg;131899.jpg;171340.jpg
126650.jpg;058506.jpg;185914.jpg
189792.jpg;202524.jpg;029156.jpg
047205.jpg;096478.jpg;007622.jpg
083839.jpg;001568.jpg;072464.jpg
086391.jpg;124160.jpg;020692.jpg
025584.jpg;116529.jpg;153413.jpg
196488.jpg;195480.jpg;008257.jpg
157291.jpg;020895.jpg;071334.jpg
166066.jpg;180284.jpg;055695.jpg
030102.jpg;051982.jpg;038310.jpg
124449.jpg;091966.jpg;067000.jpg
115414.jpg;128224.jpg;161147.jpg
073081.jpg;004443.jpg;023459.jpg
117659.jpg;116445.jpg;061017.jpg
011641.jpg;091487.jpg;114447.jpg
046920.jpg;155543.jpg;162629.jpg
080581.jpg;089705.jpg;151414.jpg
019703.jpg;107988.jpg;126470.jpg
091202.jpg;013477.jpg;089468.jpg
048052.jpg;064157.jpg;026333.jpg
140196.jpg;041705.jpg;072924.jpg
098404.jpg;129033.jpg;158854.jpg
083801.jpg;107009.jpg;066807.jpg
019498.jpg;046593.jpg;129590.jpg
117146.jpg;071668.jpg;128987.jpg
083231.jpg;112085.jpg;031744.jpg
018861.jpg;080731.jpg;086278.jpg
037105.jpg;159495.jpg;085010.jpg
005875.jpg;013624.jpg;024908.jpg
126982.jpg;112588.jpg;049240.jpg
047978.jpg;131731.jpg;065105.jpg
169869.jpg;180164.jpg;011249.jpg
034642.jpg;141908.jpg;006659.jpg
060146.jpg;092485.jpg;062617.jpg
038428.jpg;117142.jpg;066182.jpg
020607.jpg;132028.jpg;023455.jpg
043277.jpg;127765.jpg;054330.jpg
062999.jpg;139633.jpg;009651.jpg
071347.jpg;144823.jpg;199590.jpg
009020.jpg;082800.jpg;127855.jpg
158814.jpg;152087.jpg;074023.jpg
178817.jpg;165187.jpg;088596.jpg
014762.jpg;106490.jpg;052803.jpg
111952.jpg;057527.jpg;030482.jpg
100605.jpg;013730.jpg;128354.jpg
136660.jpg;069585.jpg;138133.jpg
171351.jpg;178241.jpg;109803.jpg
128078.jpg;040094.jpg;028666.jpg
191164.jpg;183845.jpg;021483.jpg
151473.jpg;101891.jpg;157403.jpg
084051.jpg;129283.jpg;017425.jpg
060203.jpg;070954.jpg;001959.jpg
126517.jpg;150403.jpg;081709.jpg
112965.jpg;019875.jpg;146374.jpg
117643.jpg;061783.jpg;135641.jpg
007953.jpg;024671.jpg;008298.jpg
020225.jpg;104518.jpg;099873.jpg
175217.jpg;164296.jpg;138117.jpg
131928.jpg;049704.jpg;111681.jpg
025563.jpg;142840.jpg;128175.jpg
087454.jpg;121083.jpg;003510.jpg
025774.jpg;141087.jpg;011997.jpg
094251.jpg;129835.jpg;014603.jpg
034656.jpg;088587.jpg;148225.jpg
113031.jpg;034996.jpg;084264.jpg
016150.jpg;069437.jpg;101751.jpg
028638.jpg;037255.jpg;070335.jpg
006403.jpg;155996.jpg;131307.jpg
029836.jpg;011197.jpg;177420.jpg
164018.jpg;174064.jpg;169896.jpg
106042.jpg;136673.jpg;180579.jpg
069546.jpg;075786.jpg;165252.jpg
167235.jpg;182484.jpg;172733.jpg
157624.jpg;093957.jpg;036182.jpg
001661.jpg;158681.jpg;011537.jpg
004531.jpg;150062.jpg;154714.jpg
178480.jpg;165853.jpg;146997.jpg
167934.jpg;177955.jpg;024253.jpg
034526.jpg;058786.jpg;127122.jpg
113327.jpg;121323.jpg;126992.jpg
103048.jpg;025972.jpg;192263.jpg
200299.jpg;200106.jpg;031776.jpg
091623.jpg;022943.jpg;039117.jpg
168921.jpg;179234.jpg;197063.jpg
021452.jpg;016742.jpg;051585.jpg
198024.jpg;197966.jpg;101822.jpg
186346.jpg;196462.jpg;143947.jpg
178041.jpg;180719.jpg;005621.jpg
195479.jpg;186760.jpg;064333.jpg
159105.jpg;040801.jpg;020872.jpg
105053.jpg;006324.jpg;109492.jpg
071960.jpg;057889.jpg;146828.jpg
160414.jpg;146769.jpg;157623.jpg
147270.jpg;058646.jpg;195358.jpg
155310.jpg;013792.jpg;074501.jpg
088475.jpg;136243.jpg;008508.jpg
091336.jpg;051664.jpg;142533.jpg
181908.jpg;180304.jpg;099651.jpg
054068.jpg;110411.jpg;095323.jpg
126765.jpg;121099.jpg;045178.jpg
080942.jpg;087232.jpg;139389.jpg
050549.jpg;158058.jpg;179645.jpg
070706.jpg;142527.jpg;055980.jpg
195568.jpg;185698.jpg;078332.jpg
125206.jpg;092595.jpg;014501.jpg
051516.jpg;159555.jpg;090970.jpg
090194.jpg;092756.jpg;122054.jpg
009706.jpg;018761.jpg;124484.jpg
066243.jpg;025353.jpg;170229.jpg
200350.jpg;191710.jpg;144369.jpg
095494.jpg;030738.jpg;185231.jpg
199273.jpg;187408.jpg;109826.jpg
150305.jpg;072653.jpg;004330.jpg
107960.jpg;038598.jpg;002924.jpg
066931.jpg;110427.jpg;083679.jpg
078586.jpg;021854.jpg;114021.jpg
021230.jpg;054143.jpg;189397.jpg
112963.jpg;129023.jpg;118457.jpg
187924.jpg;202088.jpg;127769.jpg
022345.jpg;117347.jpg;142627.jpg
164462.jpg;180603.jpg;166806.jpg
099862.jpg;044475.jpg;111269.jpg
179146.jpg;167937.jpg;188944.jpg
136015.jpg;127938.jpg;134954.jpg
016978.jpg;020756.jpg;162942.jpg
107407.jpg;125590.jpg;140493.jpg
051929.jpg;071011.jpg;161483.jpg
096111.jpg;121014.jpg;095343.jpg
058472.jpg;133579.jpg;116653.jpg
017431.jpg;104966.jpg;118106.jpg
124194.jpg;104258.jpg;175507.jpg
061850.jpg;061177.jpg;075577.jpg
156780.jpg;031720.jpg;192353.jpg
188603.jpg;183392.jpg;165504.jpg
143818.jpg;044482.jpg;133304.jpg
106489.jpg;070353.jpg;054117.jpg
043820.jpg;029183.jpg;056244.jpg
199508.jpg;196440.jpg;035256.jpg
128411.jpg;144866.jpg;079052.jpg
147168.jpg;014632.jpg;104611.jpg
120111.jpg;055460.jpg;187336.jpg
196069.jpg;192937.jpg;096922.jpg
108633.jpg;081652.jpg;003297.jpg
074552.jpg;096305.jpg;070179.jpg
151027.jpg;121440.jpg;128705.jpg
192525.jpg;186638.jpg;099753.jpg
084331.jpg;114316.jpg;055660.jpg
058336.jpg;084875.jpg;158983.jpg
038255.jpg;122113.jpg;191583.jpg
176260.jpg;165610.jpg;056784.jpg
046226.jpg;107166.jpg;146434.jpg
057696.jpg;020673.jpg;023604.jpg
087179.jpg;011602.jpg;025938.jpg
103993.jpg;073981.jpg;030872.jpg
148481.jpg;133846.jpg;006827.jpg
179381.jpg;175768.jpg;152951.jpg
135565.jpg;101318.jpg;023542.jpg
056996.jpg;105114.jpg;094855.jpg
143243.jpg;159570.jpg;100611.jpg
007940.jpg;039974.jpg;087869.jpg
075254.jpg;103385.jpg;050502.jpg
185818.jpg;192169.jpg;175237.jpg
093829.jpg;142857.jpg;177589.jpg
175392.jpg;175164.jpg;121023.jpg
134484.jpg;011270.jpg;185663.jpg
125995.jpg;004642.jpg;008930.jpg
171851.jpg;179324.jpg;136871.jpg
044875.jpg;005094.jpg;037200.jpg
041497.jpg;051622.jpg;103836.jpg
035135.jpg;003663.jpg;132271.jpg
087136.jpg;159569.jpg;053834.jpg
110495.jpg;147037.jpg;072207.jpg
110879.jpg;113342.jpg;028268.jpg
102641.jpg;090559.jpg;015658.jpg
037484.jpg;006621.jpg;199882.jpg
162922.jpg;180095.jpg;068762.jpg
172760.jpg;181571.jpg;138836.jpg
197263.jpg;196790.jpg;012538.jpg
148730.jpg;019589.jpg;120187.jpg
137576.jpg;153920.jpg;061840.jpg
034956.jpg;003333.jpg;126998.jpg
077172.jpg;061640.jpg;187211.jpg
034263.jpg;048104.jpg;085824.jpg
174963.jpg;172863.jpg;016207.jpg
010165.jpg;155365.jpg;138863.jpg
125664.jpg;019643.jpg;173816.jpg
131643.jpg;103454.jpg;022537.jpg
118040.jpg;105002.jpg;052696.jpg
127438.jpg;120877.jpg;137211.jpg
001038.jpg;071462.jpg;198319.jpg
030549.jpg;028722.jpg;201463.jpg
164001.jpg;167828.jpg;023697.jpg
040576.jpg;106671.jpg;078241.jpg
064370.jpg;076158.jpg;168834.jpg
087623.jpg;061603.jpg;132690.jpg
024177.jpg;134568.jpg;011284.jpg
126100.jpg;024778.jpg;161820.jpg
167006.jpg;169723.jpg;131777.jpg
077027.jpg;081958.jpg;003097.jpg
133104.jpg;149885.jpg;200587.jpg
132230.jpg;032899.jpg;098520.jpg
010385.jpg;108436.jpg;126773.jpg
105849.jpg;113401.jpg;105163.jpg
148163.jpg;078371.jpg;162685.jpg
084363.jpg;153958.jpg;024057.jpg
079159.jpg;140230.jpg;090278.jpg
022798.jpg;053129.jpg;103380.jpg
013449.jpg;002414.jpg;131532.jpg
162754.jpg;141195.jpg;037272.jpg
155353.jpg;064607.jpg;054089.jpg
165991.jpg;180025.jpg;061125.jpg
140676.jpg;084379.jpg;046874.jpg
006362.jpg;103606.jpg;106651.jpg
200500.jpg;197971.jpg;086969.jpg
124123.jpg;102828.jpg;069575.jpg
197955.jpg;191270.jpg;181864.jpg
144879.jpg;117023.jpg;200399.jpg
004192.jpg;051097.jpg;096884.jpg
192543.jpg;185860.jpg;108575.jpg
068877.jpg;103898.jpg;112238.jpg
040456.jpg;099827.jpg;163391.jpg
092356.jpg;015709.jpg;010042.jpg
159604.jpg;093982.jpg;183165.jpg
109807.jpg;065444.jpg;201871.jpg
186102.jpg;187299.jpg;056244.jpg
099567.jpg;092062.jpg;055650.jpg
017503.jpg;110360.jpg;188567.jpg
136175.jpg;140300.jpg;014628.jpg
106007.jpg;012287.jpg;010097.jpg
192989.jpg;199704.jpg;118641.jpg
066846.jpg;106448.jpg;004338.jpg
079704.jpg;107341.jpg;181591.jpg
067895.jpg;065737.jpg;060782.jpg
089680.jpg;154118.jpg;107124.jpg
135168.jpg;054146.jpg;059043.jpg
100905.jpg;104537.jpg;171959.jpg
111129.jpg;064593.jpg;102494.jpg
102472.jpg;145561.jpg;043209.jpg
157825.jpg;120046.jpg;140931.jpg
025467.jpg;102749.jpg;145785.jpg
089771.jpg;024539.jpg;001584.jpg
140284.jpg;028369.jpg;079145.jpg
136609.jpg;048600.jpg;135337.jpg
051926.jpg;143651.jpg;017087.jpg
157987.jpg;029685.jpg;173788.jpg
138572.jpg;003369.jpg;125782.jpg
153352.jpg;031633.jpg;074502.jpg
117268.jpg;162520.jpg;126564.jpg
084886.jpg;103298.jpg;064387.jpg
072812.jpg;021399.jpg;088907.jpg
016005.jpg;057272.jpg;128700.jpg
093848.jpg;148770.jpg;158993.jpg
190196.jpg;192916.jpg;044753.jpg
000270.jpg;004255.jpg;136005.jpg
033367.jpg;035299.jpg;144468.jpg
059890.jpg;004789.jpg;089872.jpg
097062.jpg;010907.jpg;173112.jpg
102413.jpg;120519.jpg;126133.jpg
089800.jpg;151893.jpg;075156.jpg
092214.jpg;038964.jpg;172627.jpg
188757.jpg;183739.jpg;150491.jpg
100576.jpg;108107.jpg;109849.jpg
138530.jpg;162288.jpg;169540.jpg
163779.jpg;173233.jpg;144423.jpg
199246.jpg;183109.jpg;199290.jpg
167752.jpg;167440.jpg;102608.jpg
042915.jpg;072854.jpg;055734.jpg
139563.jpg;140014.jpg;005388.jpg
132301.jpg;009336.jpg;061366.jpg
068224.jpg;042246.jpg;047225.jpg
030836.jpg;023193.jpg;066730.jpg
070837.jpg;089325.jpg;124101.jpg
137593.jpg;126110.jpg;119223.jpg
186022.jpg;193933.jpg;153719.jpg
193935.jpg;189686.jpg;042962.jpg
145144.jpg;093817.jpg;082807.jpg
200654.jpg;188969.jpg;193310.jpg
200842.jpg;193734.jpg;176754.jpg
092517.jpg;072905.jpg;101022.jpg
071041.jpg;139914.jpg;157989.jpg
155331.jpg;148883.jpg;162549.jpg
159246.jpg;114586.jpg;040373.jpg
129660.jpg;105828.jpg;089013.jpg
141762.jpg;136638.jpg;178656.jpg
115690.jpg;123288.jpg;159762.jpg
047316.jpg;019644.jpg;094457.jpg
105407.jpg;028008.jpg;186935.jpg
146942.jpg;126888.jpg;197961.jpg
148878.jpg;134356.jpg;038542.jpg
047520.jpg;155246.jpg;159414.jpg
167305.jpg;174103.jpg;025974.jpg
027435.jpg;002437.jpg;048353.jpg
140063.jpg;118850.jpg;008954.jpg
164168.jpg;181922.jpg;166118.jpg
062826.jpg;058917.jpg;160787.jpg
072074.jpg;123635.jpg;199442.jpg
130477.jpg;057723.jpg;008707.jpg
068846.jpg;146138.jpg;130494.jpg
098696.jpg;124493.jpg;120927.jpg
036500.jpg;136423.jpg;006174.jpg
041918.jpg;092917.jpg;109011.jpg
061614.jpg;158931.jpg;000715.jpg
024672.jpg;116015.jpg;086880.jpg
145300.jpg;053110.jpg;089890.jpg
002601.jpg;131243.jpg;108241.jpg
166086.jpg;171554.jpg;180727.jpg
149257.jpg;092271.jpg;127921.jpg
145853.jpg;154789.jpg;185076.jpg
126641.jpg;145147.jpg;113765.jpg
090435.jpg;110464.jpg;160137.jpg
005992.jpg;082404.jpg;009117.jpg
078176.jpg;071920.jpg;189010.jpg
130795.jpg;088568.jpg;051334.jpg
186855.jpg;185427.jpg;052478.jpg
146291.jpg;122595.jpg;001496.jpg
081133.jpg;137482.jpg;004754.jpg
193353.jpg;198239.jpg;081778.jpg
166226.jpg;177193.jpg;167327.jpg
194288.jpg;194613.jpg;161813.jpg
126538.jpg;132471.jpg;086040.jpg
004579.jpg;015070.jpg;083797.jpg
102576.jpg;105077.jpg;191317.jpg
160148.jpg;082821.jpg;026785.jpg
195200.jpg;186337.jpg;036789.jpg
139446.jpg;139264.jpg;178850.jpg
002261.jpg;082184.jpg;159161.jpg
064592.jpg;018643.jpg;189890.jpg
021537.jpg;070270.jpg;053707.jpg
099513.jpg;003825.jpg;141605.jpg
153277.jpg;128551.jpg;059740.jpg
162159.jpg;083986.jpg;177606.jpg
080092.jpg;105457.jpg;156336.jpg
094100.jpg;147665.jpg;132283.jpg
032733.jpg;068318.jpg;103525.jpg
056330.jpg;016412.jpg;068245.jpg
146289.jpg;017515.jpg;147614.jpg
057325.jpg;029053.jpg;012664.jpg
022786.jpg;001714.jpg;199299.jpg
079640.jpg;036888.jpg;163854.jpg
050705.jpg;126030.jpg;005647.jpg
149487.jpg;038370.jpg;057071.jpg
125894.jpg;154452.jpg;120151.jpg
114335.jpg;040014.jpg;197399.jpg
024705.jpg;016255.jpg;194945.jpg
089978.jpg;037084.jpg;093750.jpg
124105.jpg;047614.jpg;036813.jpg
100408.jpg;134350.jpg;037321.jpg
018683.jpg;084502.jpg;132389.jpg
020298.jpg;158736.jpg;092991.jpg
112235.jpg;034298.jpg;075771.jpg
009580.jpg;035737.jpg;112146.jpg
033670.jpg;065001.jpg;193161.jpg
154585.jpg;058581.jpg;069741.jpg
197746.jpg;196912.jpg;059414.jpg
080486.jpg;026560.jpg;096225.jpg
008806.jpg;004334.jpg;137828.jpg
140517.jpg;026083.jpg;050527.jpg
184113.jpg;201447.jpg;102321.jpg
074640.jpg;072245.jpg;013550.jpg
089488.jpg;016387.jpg;032146.jpg
088083.jpg;102109.jpg;050134.jpg
012557.jpg;138709.jpg;100756.jpg
016233.jpg;009386.jpg;153851.jpg
094844.jpg;051349.jpg;005518.jpg
149051.jpg;077123.jpg;131653.jpg
022861.jpg;046024.jpg;104769.jpg
163545.jpg;176237.jpg;027704.jpg
176333.jpg;163695.jpg;094905.jpg
032937.jpg;068023.jpg;026672.jpg
114621.jpg;136424.jpg;151672.jpg
131083.jpg;031041.jpg;062821.jpg
075667.jpg;003607.jpg;099828.jpg
090029.jpg;100114.jpg;170666.jpg
140525.jpg;160301.jpg;170623.jpg
027941.jpg;159681.jpg;197438.jpg
148478.jpg;134510.jpg;117365.jpg
191917.jpg;188412.jpg;191835.jpg
182903.jpg;191931.jpg;003638.jpg
042612.jpg;077882.jpg;188889.jpg
152818.jpg;112661.jpg;183221.jpg
040952.jpg;105690.jpg;126545.jpg
185143.jpg;191436.jpg;082743.jpg
117436.jpg;024390.jpg;013506.jpg
000362.jpg;108887.jpg;177361.jpg
013705.jpg;018586.jpg;056997.jpg
019931.jpg;028118.jpg;027213.jpg
173461.jpg;177569.jpg;191226.jpg
064411.jpg;083865.jpg;110535.jpg
109525.jpg;124245.jpg;011105.jpg
032788.jpg;069032.jpg;086881.jpg
183017.jpg;185417.jpg;066641.jpg
036448.jpg;057786.jpg;109401.jpg
165281.jpg;165968.jpg;157971.jpg
032888.jpg;073888.jpg;151595.jpg
013566.jpg;038272.jpg;137641.jpg
014203.jpg;054510.jpg;055083.jpg
020417.jpg;068393.jpg;049254.jpg
130465.jpg;050704.jpg;134936.jpg
018144.jpg;137347.jpg;147329.jpg
150705.jpg;065114.jpg;069714.jpg
059571.jpg;037477.jpg;120198.jpg
054357.jpg;019126.jpg;043349.jpg
022256.jpg;120279.jpg;201561.jpg
143441.jpg;087242.jpg;061084.jpg
183716.jpg;187243.jpg;047271.jpg
074805.jpg;036889.jpg;135412.jpg
059322.jpg;057385.jpg;075798.jpg
082309.jpg;062296.jpg;068688.jpg
187423.jpg;188890.jpg;130936.jpg
105849.jpg;093687.jpg;076408.jpg
054864.jpg;087531.jpg;012725.jpg
036130.jpg;115091.jpg;164030.jpg
115383.jpg;043150.jpg;112144.jpg
200496.jpg;187973.jpg;151563.jpg
151666.jpg;154453.jpg;107747.jpg
064189.jpg;154231.jpg;007679.jpg
011238.jpg;131126.jpg;084150.jpg
143739.jpg;013435.jpg;146214.jpg
133839.jpg;143773.jpg;111285.jpg
102060.jpg;119490.jpg;118620.jpg
132616.jpg;092744.jpg;044126.jpg
178075.jpg;164435.jpg;092715.jpg
113495.jpg;087886.jpg;071258.jpg
099813.jpg;087381.jpg;099761.jpg
133004.jpg;063337.jpg;141203.jpg
070166.jpg;076139.jpg;148351.jpg
079879.jpg;140918.jpg;199820.jpg
047939.jpg;156740.jpg;158997.jpg
090749.jpg;134205.jpg;156117.jpg
102069.jpg;050632.jpg;146403.jpg
184924.jpg;191573.jpg;170349.jpg
195135.jpg;199295.jpg;164204.jpg
129686.jpg;044710.jpg;020828.jpg
084160.jpg;155740.jpg;027138.jpg
137553.jpg;027123.jpg;110505.jpg
017686.jpg;002301.jpg;152486.jpg
113981.jpg;004470.jpg;107433.jpg
002666.jpg;081355.jpg;197621.jpg
072409.jpg;089206.jpg;135241.jpg
089157.jpg;078042.jpg;088799.jpg
088583.jpg;029269.jpg;025200.jpg
151143.jpg;140731.jpg;179879.jpg
138779.jpg;111001.jpg;019962.jpg
147346.jpg;083488.jpg;142258.jpg
176831.jpg;177243.jpg;086463.jpg
010106.jpg;127157.jpg;088170.jpg
189177.jpg;193254.jpg;034549.jpg
092875.jpg;054852.jpg;104234.jpg
157741.jpg;034576.jpg;177890.jpg
145976.jpg;082444.jpg;124036.jpg
180070.jpg;171438.jpg;011136.jpg
135966.jpg;118366.jpg;132116.jpg
018030.jpg;108981.jpg;120817.jpg
183226.jpg;198610.jpg;108338.jpg
055500.jpg;025506.jpg;117617.jpg
121374.jpg;110796.jpg;153145.jpg
155586.jpg;137361.jpg;198680.jpg
135549.jpg;058270.jpg;066197.jpg
102571.jpg;161105.jpg;098709.jpg
130828.jpg;045364.jpg;188828.jpg
086301.jpg;090134.jpg;055935.jpg
171639.jpg;175900.jpg;178604.jpg
094294.jpg;064960.jpg;160504.jpg
151164.jpg;001437.jpg;185634.jpg
018022.jpg;112856.jpg;195398.jpg
076759.jpg;144456.jpg;140476.jpg
197589.jpg;189969.jpg;060036.jpg
177218.jpg;174897.jpg;070912.jpg
097998.jpg;076679.jpg;195785.jpg
125017.jpg;005472.jpg;098925.jpg
006612.jpg;004673.jpg;044310.jpg
143192.jpg;105887.jpg;063242.jpg
116950.jpg;091505.jpg;043948.jpg
029936.jpg;032971.jpg;098292.jpg
144022.jpg;043323.jpg;188792.jpg
151355.jpg;147087.jpg;172928.jpg
126802.jpg;134130.jpg;193342.jpg
063269.jpg;024546.jpg;011961.jpg
030021.jpg;124670.jpg;158225.jpg
011386.jpg;094215.jpg;068568.jpg
178783.jpg;163480.jpg;046555.jpg
060338.jpg;070816.jpg;005060.jpg
092154.jpg;001151.jpg;195401.jpg
017577.jpg;031191.jpg;061790.jpg
187555.jpg;200317.jpg;048673.jpg
030562.jpg;048891.jpg;152486.jpg
033504.jpg;023475.jpg;035403.jpg
147000.jpg;107291.jpg;186233.jpg
032142.jpg;126801.jpg;064592.jpg
140073.jpg;078789.jpg;136288.jpg
176281.jpg;182215.jpg;089831.jpg
094093.jpg;023043.jpg;066833.jpg
177696.jpg;180277.jpg;118414.jpg
104446.jpg;105291.jpg;028672.jpg
169318.jpg;171133.jpg;063141.jpg
113398.jpg;141354.jpg;131018.jpg
072054.jpg;023478.jpg;054869.jpg
088775.jpg;067724.jpg;078249.jpg
083592.jpg;041579.jpg;093076.jpg
069518.jpg;080447.jpg;109392.jpg
171447.jpg;164374.jpg;134257.jpg
049388.jpg;061775.jpg;072038.jpg
033872.jpg;006644.jpg;038846.jpg
202133.jpg;186667.jpg;166245.jpg
114752.jpg;133758.jpg;056668.jpg
087080.jpg;124213.jpg;056834.jpg
097864.jpg;007065.jpg;116912.jpg
090654.jpg;114177.jpg;104495.jpg
084757.jpg;153001.jpg;166208.jpg
144317.jpg;153579.jpg;073353.jpg
029507.jpg;151730.jpg;185804.jpg
144218.jpg;153193.jpg;019883.jpg
008149.jpg;120081.jpg;000123.jpg
007519.jpg;090374.jpg;145832.jpg
074220.jpg;016117.jpg;035953.jpg
080555.jpg;046410.jpg;091147.jpg
088154.jpg;136857.jpg;108316.jpg
052986.jpg;063052.jpg;147879.jpg
137517.jpg;138862.jpg;021566.jpg
051539.jpg;138733.jpg;201662.jpg
150592.jpg;087642.jpg;033937.jpg
132110.jpg;023210.jpg;086219.jpg
057889.jpg;146406.jpg;170733.jpg
063896.jpg;154485.jpg;063667.jpg
021172.jpg;121561.jpg;123829.jpg
171505.jpg;173430.jpg;081983.jpg
187656.jpg;191696.jpg;046736.jpg
009431.jpg;011792.jpg;113766.jpg
050830.jpg;142312.jpg;109669.jpg
011531.jpg;036038.jpg;142409.jpg
099675.jpg;118257.jpg;118946.jpg
036517.jpg;130901.jpg;184200.jpg
090581.jpg;008494.jpg;107329.jpg
113967.jpg;107060.jpg;012847.jpg
022842.jpg;159999.jpg;011659.jpg
021737.jpg;068232.jpg;063691.jpg
174676.jpg;176160.jpg;098820.jpg
144147.jpg;156008.jpg;083529.jpg
047204.jpg;080526.jpg;022153.jpg
065285.jpg;029729.jpg;074782.jpg
097315.jpg;073905.jpg;164302.jpg
131738.jpg;143702.jpg;188544.jpg
089192.jpg;015659.jpg;012523.jpg
096564.jpg;152224.jpg;154396.jpg
184104.jpg;187200.jpg;104866.jpg
178306.jpg;178633.jpg;117539.jpg
003097.jpg;073400.jpg;168315.jpg
073389.jpg;014849.jpg;136709.jpg
033605.jpg;010962.jpg;080041.jpg
029133.jpg;146623.jpg;191597.jpg
060499.jpg;111093.jpg;036668.jpg
007924.jpg;125840.jpg;040417.jpg
150722.jpg;131668.jpg;151244.jpg
009709.jpg;038475.jpg;059737.jpg
120179.jpg;088551.jpg;068506.jpg
084081.jpg;080883.jpg;168833.jpg
095704.jpg;150659.jpg;156631.jpg
150380.jpg;061368.jpg;185415.jpg
191715.jpg;189097.jpg;030043.jpg
004512.jpg;075847.jpg;146495.jpg
032475.jpg;032978.jpg;070130.jpg
033732.jpg;042578.jpg;023351.jpg
138422.jpg;110581.jpg;145962.jpg
005601.jpg;034390.jpg;131230.jpg
091087.jpg;161584.jpg;083101.jpg
130355.jpg;004443.jpg;117095.jpg
021050.jpg;108144.jpg;177410.jpg
152904.jpg;023458.jpg;159333.jpg
192671.jpg;197339.jpg;040790.jpg
140774.jpg;027064.jpg;046578.jpg
094916.jpg;057587.jpg;098724.jpg
159792.jpg;118325.jpg;004512.jpg
152876.jpg;118647.jpg;051154.jpg
086401.jpg;129820.jpg;130963.jpg
174132.jpg;168132.jpg;024767.jpg
091114.jpg;135621.jpg;082479.jpg
098186.jpg;038376.jpg;118181.jpg
110047.jpg;113200.jpg;088480.jpg
106522.jpg;066061.jpg;073398.jpg
057379.jpg;141594.jpg;026761.jpg
002063.jpg;111460.jpg;157084.jpg
055851.jpg;019804.jpg;036630.jpg
184432.jpg;189130.jpg;035038.jpg
106251.jpg;036617.jpg;185382.jpg
194250.jpg;193442.jpg;189661.jpg
159200.jpg;023315.jpg;192655.jpg
010662.jpg;090632.jpg;199312.jpg
140803.jpg;114164.jpg;016840.jpg
148414.jpg;033015.jpg;181831.jpg
110960.jpg;047590.jpg;123533.jpg
096692.jpg;134831.jpg;133716.jpg
035421.jpg;001743.jpg;174141.jpg
094043.jpg;045005.jpg;196736.jpg
113348.jpg;161045.jpg;138747.jpg
106315.jpg;127456.jpg;052504.jpg
086642.jpg;065434.jpg;091669.jpg
028698.jpg;006410.jpg;189381.jpg
200370.jpg;196970.jpg;068883.jpg
022626.jpg;124415.jpg;138540.jpg
191998.jpg;191415.jpg;017499.jpg
126031.jpg;155018.jpg;126783.jpg
125761.jpg;022485.jpg;056898.jpg
160278.jpg;132257.jpg;154323.jpg
137912.jpg;023314.jpg;102036.jpg
123687.jpg;097177.jpg;011129.jpg
060003.jpg;145804.jpg;114905.jpg
140975.jpg;078393.jpg;113046.jpg
184881.jpg;189699.jpg;111778.jpg
132248.jpg;121159.jpg;070904.jpg
091354.jpg;061039.jpg;155418.jpg
012350.jpg;131446.jpg;146241.jpg
030888.jpg;120570.jpg;171832.jpg
114215.jpg;054594.jpg;054729.jpg
139759.jpg;095097.jpg;135140.jpg
130894.jpg;160280.jpg;005142.jpg
123178.jpg;014487.jpg;110161.jpg
056268.jpg;143294.jpg;152198.jpg
056567.jpg;143227.jpg;047415.jpg
065157.jpg;043750.jpg;195395.jpg
101960.jpg;025593.jpg;191415.jpg
187794.jpg;185012.jpg;194818.jpg
146907.jpg;136371.jpg;108468.jpg
137795.jpg;025511.jpg;061139.jpg
093857.jpg;053812.jpg;125992.jpg
048369.jpg;075788.jpg;060619.jpg
025664.jpg;064762.jpg;012383.jpg
106506.jpg;125705.jpg;008456.jpg
022143.jpg;043038.jpg;059444.jpg
063395.jpg;141983.jpg;055647.jpg
023240.jpg;134774.jpg;076715.jpg
162249.jpg;104312.jpg;121367.jpg
127445.jpg;062454.jpg;083771.jpg
046225.jpg;113033.jpg;036668.jpg
114259.jpg;005264.jpg;019830.jpg
163639.jpg;172679.jpg;160009.jpg
148840.jpg;004041.jpg;155234.jpg
023524.jpg;133224.jpg;157650.jpg
004177.jpg;113916.jpg;020642.jpg
082528.jpg;005950.jpg;022999.jpg
000578.jpg;038002.jpg;080032.jpg
171492.jpg;167191.jpg;145127.jpg
031793.jpg;094302.jpg;170216.jpg
000413.jpg;048782.jpg;132430.jpg
006206.jpg;028702.jpg;005690.jpg
094361.jpg;036855.jpg;058974.jpg
160212.jpg;132783.jpg;045473.jpg
184857.jpg;189152.jpg;196651.jpg
059189.jpg;031239.jpg;149479.jpg
092779.jpg;144329.jpg;071312.jpg
136269.jpg;068826.jpg;127771.jpg
006245.jpg;015846.jpg;201007.jpg
088773.jpg;003426.jpg;158271.jpg
075244.jpg;058906.jpg;161145.jpg
185304.jpg;190855.jpg;010807.jpg
097328.jpg;117466.jpg;095356.jpg
038851.jpg;063243.jpg;135857.jpg
020638.jpg;061708.jpg;151793.jpg
090953.jpg;004921.jpg;015551.jpg
127805.jpg;076568.jpg;105547.jpg
145355.jpg;108387.jpg;144442.jpg
086888.jpg;124786.jpg;080733.jpg
070482.jpg;016009.jpg;162361.jpg
190118.jpg;191659.jpg;083996.jpg
134650.jpg;045218.jpg;038310.jpg
015390.jpg;118225.jpg;105245.jpg
084856.jpg;012623.jpg;085337.jpg
178064.jpg;164836.jpg;155213.jpg
015851.jpg;134482.jpg;168887.jpg
097572.jpg;004389.jpg;004309.jpg
176509.jpg;180419.jpg;187353.jpg
005779.jpg;073712.jpg;064927.jpg
153631.jpg;043125.jpg;051593.jpg
076226.jpg;123192.jpg;161713.jpg
072187.jpg;059634.jpg;016544.jpg
147721.jpg;080798.jpg;177964.jpg
059421.jpg;080242.jpg;014470.jpg
013099.jpg;114856.jpg;189037.jpg
136041.jpg;007926.jpg;143937.jpg
151028.jpg;029883.jpg;047964.jpg
028349.jpg;097521.jpg;046911.jpg
013455.jpg;148711.jpg;019910.jpg
011835.jpg;066626.jpg;182107.jpg
132948.jpg;043829.jpg;104864.jpg
135284.jpg;081383.jpg;086045.jpg
166850.jpg;168827.jpg;189257.jpg
115973.jpg;098512.jpg;085071.jpg
032152.jpg;026672.jpg;029436.jpg
124917.jpg;045610.jpg;119633.jpg
184946.jpg;191221.jpg;103591.jpg
027991.jpg;139052.jpg;109623.jpg
094350.jpg;029256.jpg;004829.jpg
194162.jpg;197663.jpg;179040.jpg
049190.jpg;132950.jpg;105527.jpg
082923.jpg;131136.jpg;060781.jpg
157288.jpg;149656.jpg;105494.jpg
154379.jpg;041037.jpg;106830.jpg
088060.jpg;117067.jpg;135202.jpg
080177.jpg;054234.jpg;035072.jpg
146351.jpg;121895.jpg;065841.jpg
029063.jpg;008806.jpg;158096.jpg
033190.jpg;084697.jpg;122268.jpg
185562.jpg;190217.jpg;086384.jpg
187446.jpg;198101.jpg;071249.jpg
172499.jpg;170816.jpg;155420.jpg
071360.jpg;071960.jpg;099304.jpg
100301.jpg;072586.jpg;002200.jpg
127400.jpg;128168.jpg;119780.jpg
011035.jpg;152233.jpg;199510.jpg
074027.jpg;045525.jpg;143727.jpg
030266.jpg;086788.jpg;137830.jpg
193314.jpg;200367.jpg;095303.jpg
031026.jpg;126791.jpg;062852.jpg
123593.jpg;116351.jpg;035273.jpg
022114.jpg;023882.jpg;029965.jpg
061324.jpg;045533.jpg;158978.jpg
159079.jpg;054301.jpg;080111.jpg
104618.jpg;053473.jpg;140830.jpg
068358.jpg;143620.jpg;005573.jpg
197943.jpg;183581.jpg;053093.jpg
193483.jpg;194072.jpg;170440.jpg
086523.jpg;021625.jpg;112458.jpg
113785.jpg;157798.jpg;012396.jpg
010111.jpg;141026.jpg;006933.jpg
042175.jpg;064437.jpg;171592.jpg
101223.jpg;012802.jpg;187944.jpg
048491.jpg;140411.jpg;069751.jpg
144402.jpg;155789.jpg;037942.jpg
049847.jpg;002581.jpg;082391.jpg
149195.jpg;073088.jpg;049430.jpg
197078.jpg;187154.jpg;034619.jpg
030938.jpg;058902.jpg;021539.jpg
164173.jpg;165889.jpg;097967.jpg
075936.jpg;145802.jpg;130219.jpg
181276.jpg;177563.jpg;126176.jpg
021735.jpg;063886.jpg;026561.jpg
020569.jpg;031840.jpg;128763.jpg
072558.jpg;008940.jpg;202063.jpg
187092.jpg;200943.jpg;147568.jpg
117924.jpg;139772.jpg;025880.jpg
109277.jpg;071121.jpg;177984.jpg
115600.jpg;162591.jpg;154883.jpg
011165.jpg;087339.jpg;175932.jpg
016252.jpg;083423.jpg;129827.jpg
147233.jpg;137496.jpg;026412.jpg
191998.jpg;188429.jpg;089599.jpg
001792.jpg;070072.jpg;024662.jpg
093495.jpg;077541.jpg;147751.jpg
141947.jpg;069951.jpg;027101.jpg
077299.jpg;120482.jpg;013424.jpg
133373.jpg;057200.jpg;110513.jpg
166031.jpg;180795.jpg;198718.jpg
138308.jpg;150031.jpg;123618.jpg
021642.jpg;094243.jpg;042743.jpg
094123.jpg;095273.jpg;095905.jpg
110031.jpg;124378.jpg;036327.jpg
084315.jpg;031805.jpg;053129.jpg
075081.jpg;097746.jpg;119703.jpg
114813.jpg;108561.jpg;193486.jpg
055368.jpg;150185.jpg;174489.jpg
197164.jpg;185286.jpg;177423.jpg
119389.jpg;115630.jpg;087353.jpg
154603.jpg;116106.jpg;192323.jpg
162125.jpg;107597.jpg;161882.jpg
010327.jpg;071030.jpg;135116.jpg
153094.jpg;063877.jpg;200468.jpg
103298.jpg;020758.jpg;148271.jpg
176702.jpg;163924.jpg;167771.jpg
011574.jpg;107602.jpg;160780.jpg
046002.jpg;022829.jpg;029063.jpg
041926.jpg;157990.jpg;002877.jpg
166975.jpg;180981.jpg;132756.jpg
138315.jpg;061592.jpg;106507.jpg
094367.jpg;044485.jpg;122039.jpg
140439.jpg;137760.jpg;196778.jpg
173113.jpg;176411.jpg;069204.jpg
036329.jpg;152830.jpg;186010.jpg
062762.jpg;127486.jpg;181905.jpg
092401.jpg;015737.jpg;029427.jpg
109282.jpg;146039.jpg;140851.jpg
000509.jpg;022725.jpg;170634.jpg
202379.jpg;194284.jpg;118792.jpg
074336.jpg;154501.jpg;185580.jpg
056893.jpg;008818.jpg;084659.jpg
057266.jpg;159261.jpg;045821.jpg
160123.jpg;010130.jpg;035270.jpg
116942.jpg;097951.jpg;195117.jpg
028183.jpg;137111.jpg;017830.jpg
081262.jpg;047377.jpg;009382.jpg
136802.jpg;054249.jpg;156347.jpg
084522.jpg;145493.jpg;158759.jpg
043362.jpg;108789.jpg;199189.jpg
131082.jpg;010455.jpg;191779.jpg
008869.jpg;033290.jpg;100598.jpg
013048.jpg;065141.jpg;021455.jpg
124755.jpg;043056.jpg;143361.jpg
184572.jpg;188983.jpg;100244.jpg
159361.jpg;056021.jpg;088416.jpg
182447.jpg;171884.jpg;130671.jpg
050259.jpg;040175.jpg;042879.jpg
000297.jpg;090736.jpg;186769.jpg
159046.jpg;094930.jpg;172461.jpg
195234.jpg;194783.jpg;009394.jpg
178499.jpg;163180.jpg;053321.jpg
018949.jpg;045966.jpg;046919.jpg
120884.jpg;010492.jpg;039216.jpg
133355.jpg;028026.jpg;047267.jpg
180802.jpg;163608.jpg;067339.jpg
183618.jpg;191881.jpg;175386.jpg
073729.jpg;147149.jpg;023421.jpg
188112.jpg;195458.jpg;117388.jpg
137518.jpg;074243.jpg;125645.jpg
171363.jpg;164418.jpg;063633.jpg
069396.jpg;152518.jpg;165324.jpg
024287.jpg;063241.jpg;171223.jpg
167203.jpg;181249.jpg;088278.jpg
147168.jpg;075064.jpg;032447.jpg
158428.jpg;148695.jpg;179361.jpg
082862.jpg;043663.jpg;088064.jpg
155590.jpg;010528.jpg;129146.jpg
090274.jpg;006700.jpg;081221.jpg
091050.jpg;156417.jpg;057307.jpg
082089.jpg;140089.jpg;030521.jpg
014536.jpg;036958.jpg;124865.jpg
186475.jpg;192519.jpg;130520.jpg
054705.jpg;140724.jpg;149140.jpg
100837.jpg;114222.jpg;142524.jpg
083053.jpg;152375.jpg;123191.jpg
165961.jpg;167241.jpg;120779.jpg
155593.jpg;044039.jpg;006955.jpg
121085.jpg;006434.jpg;040119.jpg
185495.jpg;194175.jpg;006399.jpg
195995.jpg;184525.jpg;103876.jpg
045216.jpg;106774.jpg;153979.jpg
047981.jpg;006688.jpg;023401.jpg
200421.jpg;190803.jpg;197648.jpg
100704.jpg;008794.jpg;122567.jpg
171713.jpg;166389.jpg;048303.jpg
191045.jpg;194544.jpg;124809.jpg
092151.jpg;142207.jpg;175587.jpg
110348.jpg;003315.jpg;056523.jpg
171314.jpg;181436.jpg;027778.jpg
184385.jpg;183207.jpg;175523.jpg
071798.jpg;124293.jpg;017513.jpg
050516.jpg;030801.jpg;192013.jpg
165110.jpg;166042.jpg;164714.jpg
181410.jpg;163927.jpg;131785.jpg
107722.jpg;078931.jpg;094614.jpg
158634.jpg;124985.jpg;040219.jpg
034360.jpg;039748.jpg;062028.jpg
079484.jpg;013339.jpg;133125.jpg
109222.jpg;059745.jpg;093418.jpg
172993.jpg;172214.jpg;173019.jpg
085397.jpg;078002.jpg;099382.jpg
156228.jpg;089175.jpg;170110.jpg
098361.jpg;028785.jpg;015730.jpg
139532.jpg;031511.jpg;090721.jpg
069162.jpg;096880.jpg;168244.jpg
041330.jpg;065872.jpg;146739.jpg
077106.jpg;092643.jpg;137870.jpg
088491.jpg;156802.jpg;055103.jpg
055219.jpg;143808.jpg;195145.jpg
068971.jpg;095302.jpg;178541.jpg
194554.jpg;196300.jpg;121950.jpg
099245.jpg;161275.jpg;070642.jpg
169727.jpg;172630.jpg;034370.jpg
153139.jpg;105373.jpg;140661.jpg
132864.jpg;138631.jpg;068904.jpg
003470.jpg;103789.jpg;099056.jpg
024063.jpg;010513.jpg;143676.jpg
197399.jpg;201276.jpg;193990.jpg
109316.jpg;004792.jpg;091113.jpg
085282.jpg;081056.jpg;127121.jpg
124555.jpg;156853.jpg;198710.jpg
009522.jpg;147330.jpg;126768.jpg
101018.jpg;143734.jpg;003915.jpg
188304.jpg;193833.jpg;109976.jpg
095804.jpg;029330.jpg;150860.jpg
042312.jpg;158114.jpg;168418.jpg
177450.jpg;175214.jpg;010494.jpg
198229.jpg;193515.jpg;006891.jpg
135494.jpg;121614.jpg;167780.jpg
133774.jpg;027892.jpg;085956.jpg
070679.jpg;037394.jpg;185392.jpg
138830.jpg;050635.jpg;118488.jpg
080557.jpg;093519.jpg;141903.jpg
073727.jpg;104598.jpg;139318.jpg
011110.jpg;098068.jpg;126621.jpg
074499.jpg;056101.jpg;057126.jpg
160021.jpg;050989.jpg;170157.jpg
190562.jpg;189716.jpg;044564.jpg
011440.jpg;097147.jpg;082660.jpg
125298.jpg;005957.jpg;145724.jpg
156775.jpg;033774.jpg;147436.jpg
160587.jpg;148979.jpg;063565.jpg
136803.jpg;095086.jpg;130794.jpg
158686.jpg;125075.jpg;059865.jpg
182079.jpg;168687.jpg;100827.jpg
182071.jpg;164610.jpg;072063.jpg
167101.jpg;174417.jpg;114363.jpg
095708.jpg;114128.jpg;031333.jpg
151720.jpg;043871.jpg;029067.jpg
180147.jpg;171843.jpg;079594.jpg
126208.jpg;015262.jpg;020916.jpg
102151.jpg;145404.jpg;151286.jpg
161211.jpg;154477.jpg;001402.jpg
162093.jpg;011482.jpg;062299.jpg
063925.jpg;114088.jpg;033270.jpg
174646.jpg;173612.jpg;054368.jpg
173764.jpg;163469.jpg;196163.jpg
100563.jpg;082437.jpg;157411.jpg
017284.jpg;159150.jpg;096682.jpg
114413.jpg;044258.jpg;187302.jpg
035383.jpg;144764.jpg;188234.jpg
114829.jpg;128627.jpg;039347.jpg
171596.jpg;171682.jpg;138964.jpg
007016.jpg;131111.jpg;195326.jpg
061373.jpg;135311.jpg;041920.jpg
006474.jpg;008842.jpg;152859.jpg
112914.jpg;034690.jpg;185014.jpg
129751.jpg;129064.jpg;077394.jpg
073256.jpg;002335.jpg;050044.jpg
103433.jpg;090789.jpg;146226.jpg
191877.jpg;184414.jpg;152876.jpg
039312.jpg;059851.jpg;092316.jpg
011861.jpg;138232.jpg;003186.jpg
071160.jpg;065449.jpg;166600.jpg
085905.jpg;078352.jpg;098517.jpg
151653.jpg;123108.jpg;198189.jpg
193206.jpg;193113.jpg;055277.jpg
008278.jpg;069880.jpg;183163.jpg
117213.jpg;040410.jpg;113367.jpg
172527.jpg;174153.jpg;138798.jpg
084252.jpg;076073.jpg;137557.jpg
152540.jpg;097557.jpg;085245.jpg
059372.jpg;143462.jpg;176958.jpg
044441.jpg;010255.jpg;164116.jpg
029745.jpg;148003.jpg;059618.jpg
148629.jpg;114869.jpg;089311.jpg
081336.jpg;040119.jpg;115314.jpg
129346.jpg;049185.jpg;170904.jpg
022821.jpg;078293.jpg;124231.jpg
186237.jpg;193320.jpg;030844.jpg
085565.jpg;031404.jpg;122639.jpg
127975.jpg;054823.jpg;156055.jpg
175715.jpg;172672.jpg;014210.jpg
181992.jpg;164528.jpg;156441.jpg
043462.jpg;102374.jpg;164599.jpg
008892.jpg;130124.jpg;193133.jpg
076366.jpg;136642.jpg;141364.jpg
018896.jpg;028293.jpg;179755.jpg
086030.jpg;030116.jpg;135031.jpg
082061.jpg;015789.jpg;178667.jpg
132946.jpg;068231.jpg;167991.jpg
038314.jpg;021945.jpg;047752.jpg
152720.jpg;078493.jpg;084252.jpg
082153.jpg;039591.jpg;185873.jpg
087741.jpg;078310.jpg;091531.jpg
011756.jpg;122474.jpg;163712.jpg
034880.jpg;000060.jpg;114938.jpg
196119.jpg;187710.jpg;036248.jpg
109020.jpg;069784.jpg;007933.jpg
161209.jpg;090228.jpg;083551.jpg
067710.jpg;082926.jpg;067992.jpg
007285.jpg;084905.jpg;105823.jpg
144476.jpg;120256.jpg;042982.jpg
162410.jpg;115995.jpg;165963.jpg
067720.jpg;087811.jpg;111893.jpg
047696.jpg;142017.jpg;107579.jpg
025077.jpg;147219.jpg;196869.jpg
015102.jpg;066620.jpg;060652.jpg
132004.jpg;149636.jpg;081845.jpg
060087.jpg;028533.jpg;071532.jpg
175324.jpg;165619.jpg;045013.jpg
067455.jpg;020359.jpg;058231.jpg
134858.jpg;096741.jpg;183653.jpg
141203.jpg;007949.jpg;097447.jpg
122073.jpg;160107.jpg;155474.jpg
120891.jpg;129085.jpg;071053.jpg
005787.jpg;082884.jpg;004147.jpg
169006.jpg;177589.jpg;196204.jpg
172411.jpg;182161.jpg;084279.jpg
020487.jpg;158306.jpg;183082.jpg
116534.jpg;086534.jpg;037703.jpg
199712.jpg;202137.jpg;029302.jpg
155419.jpg;115007.jpg;119175.jpg
158853.jpg;100878.jpg;115900.jpg
045815.jpg;146711.jpg;159292.jpg
092378.jpg;132215.jpg;058580.jpg
167761.jpg;172897.jpg;135437.jpg
054049.jpg;088044.jpg;199920.jpg
202586.jpg;196257.jpg;106303.jpg
018064.jpg;054830.jpg;089534.jpg
126144.jpg;036820.jpg;139414.jpg
076999.jpg;159482.jpg;022134.jpg
093313.jpg;128470.jpg;049771.jpg
014516.jpg;157340.jpg;108018.jpg
163337.jpg;172403.jpg;055010.jpg
199993.jpg;197016.jpg;053865.jpg
176220.jpg;169631.jpg;073420.jpg
148911.jpg;094199.jpg;054196.jpg
123269.jpg;129687.jpg;114847.jpg
144462.jpg;026201.jpg;096806.jpg
189594.jpg;197180.jpg;149393.jpg
032807.jpg;058751.jpg;004880.jpg
041342.jpg;056532.jpg;130353.jpg
118257.jpg;004268.jpg;185114.jpg
152426.jpg;012848.jpg;042135.jpg
125955.jpg;088913.jpg;199117.jpg
084358.jpg;016820.jpg;143287.jpg
092537.jpg;140751.jpg;030386.jpg
057788.jpg;057416.jpg;016526.jpg
122290.jpg;144709.jpg;132553.jpg
023119.jpg;040302.jpg;201352.jpg
042270.jpg;086393.jpg;158769.jpg
121850.jpg;157123.jpg;086141.jpg
096089.jpg;056847.jpg;111353.jpg
169155.jpg;178314.jpg;053282.jpg
123079.jpg;085510.jpg;139458.jpg
173718.jpg;181817.jpg;015207.jpg
110366.jpg;023560.jpg;106631.jpg
090121.jpg;033275.jpg;067349.jpg
066607.jpg;000149.jpg;026950.jpg
122737.jpg;068228.jpg;034965.jpg
058802.jpg;008432.jpg;143485.jpg
075436.jpg;136011.jpg;151880.jpg
094366.jpg;157393.jpg;036311.jpg
088119.jpg;157209.jpg;030850.jpg
190267.jpg;198788.jpg;067924.jpg
161227.jpg;106211.jpg;097656.jpg
149327.jpg;118602.jpg;020148.jpg
165834.jpg;178172.jpg;196607.jpg
096926.jpg;144162.jpg;001908.jpg
165121.jpg;174506.jpg;044627.jpg
201375.jpg;196085.jpg;170580.jpg
155966.jpg;141506.jpg;064249.jpg
017661.jpg;096576.jpg;201216.jpg
023508.jpg;130690.jpg;007821.jpg
034650.jpg;128710.jpg;186652.jpg
026253.jpg;039375.jpg;186395.jpg
111916.jpg;053445.jpg;124485.jpg
196506.jpg;200493.jpg;033493.jpg
073823.jpg;082807.jpg;037038.jpg
145646.jpg;132937.jpg;154203.jpg
124722.jpg;131966.jpg;069170.jpg
052244.jpg;052323.jpg;012966.jpg
092476.jpg;042416.jpg;094366.jpg
034550.jpg;091951.jpg;103780.jpg
074546.jpg;159326.jpg;147197.jpg
079194.jpg;144212.jpg;162741.jpg
135883.jpg;012960.jpg;158340.jpg
145341.jpg;142860.jpg;031481.jpg
088605.jpg;113589.jpg;082537.jpg
136095.jpg;076018.jpg;119662.jpg
163702.jpg;170735.jpg;055855.jpg
109250.jpg;082665.jpg;036490.jpg
007857.jpg;039440.jpg;018581.jpg
133565.jpg;062850.jpg;188698.jpg
089882.jpg;060733.jpg;160516.jpg
010035.jpg;067676.jpg;003488.jpg
176031.jpg;168792.jpg;146193.jpg
168960.jpg;171216.jpg;099268.jpg
113151.jpg;052372.jpg;079433.jpg
060153.jpg;040428.jpg;020196.jpg
110960.jpg;159154.jpg;165557.jpg
198347.jpg;187219.jpg;104725.jpg
141357.jpg;099720.jpg;042597.jpg
073668.jpg;054620.jpg;191951.jpg
079508.jpg;135568.jpg;099100.jpg
147544.jpg;162602.jpg;155012.jpg
144898.jpg;139736.jpg;168190.jpg
156746.jpg;119448.jpg;075545.jpg
144031.jpg;145779.jpg;097492.jpg
130483.jpg;122128.jpg;013946.jpg
155981.jpg;075009.jpg;093234.jpg
021388.jpg;159752.jpg;134041.jpg
179452.jpg;172358.jpg;036169.jpg
186434.jpg;196542.jpg;199397.jpg
095062.jpg;153270.jpg;180841.jpg
177121.jpg;171589.jpg;019926.jpg
117236.jpg;097271.jpg;042321.jpg
200863.jpg;194051.jpg;172124.jpg
010012.jpg;086606.jpg;017412.jpg
082844.jpg;060283.jpg;026556.jpg
173974.jpg;178871.jpg;122839.jpg
171934.jpg;167759.jpg;142112.jpg
069166.jpg;073933.jpg;140464.jpg
111355.jpg;159046.jpg;148690.jpg
038971.jpg;131122.jpg;194681.jpg
182283.jpg;171335.jpg;179950.jpg
064399.jpg;025653.jpg;190555.jpg
195562.jpg;186836.jpg;185266.jpg
017351.jpg;059604.jpg;062674.jpg
071522.jpg;102936.jpg;094719.jpg
201979.jpg;188284.jpg;030340.jpg
030436.jpg;082209.jpg;187665.jpg
007315.jpg;116177.jpg;067408.jpg
020276.jpg;089735.jpg;178420.jpg
080389.jpg;077743.jpg;083070.jpg
177138.jpg;173285.jpg;102402.jpg
046218.jpg;029026.jpg;082887.jpg
002754.jpg;058426.jpg;152256.jpg
122935.jpg;043810.jpg;199166.jpg
023812.jpg;102770.jpg;154152.jpg
030194.jpg;156152.jpg;120170.jpg
148142.jpg;023146.jpg;119848.jpg
136688.jpg;142055.jpg;170303.jpg
100589.jpg;104196.jpg;199325.jpg
044518.jpg;104445.jpg;182719.jpg
101938.jpg;069162.jpg;107163.jpg
122497.jpg;145426.jpg;018921.jpg
134799.jpg;115716.jpg;179827.jpg
085155.jpg;100244.jpg;045945.jpg
015053.jpg;104821.jpg;106563.jpg
115810.jpg;120626.jpg;130221.jpg
002648.jpg;010252.jpg;014344.jpg
187674.jpg;197045.jpg;139766.jpg
072308.jpg;100271.jpg;011214.jpg
004470.jpg;105917.jpg;022180.jpg
101217.jpg;097178.jpg;069446.jpg
134004.jpg;146148.jpg;162744.jpg
187705.jpg;184050.jpg;036933.jpg
129641.jpg;104299.jpg;044283.jpg
010938.jpg;005564.jpg;064153.jpg
149267.jpg;045646.jpg;157927.jpg
149613.jpg;025685.jpg;153619.jpg
020153.jpg;131203.jpg;026618.jpg
050086.jpg;011822.jpg;113637.jpg
004125.jpg;084287.jpg;010400.jpg
123625.jpg;142068.jpg;073117.jpg
077227.jpg;074914.jpg;150497.jpg
102170.jpg;030215.jpg;104394.jpg
158338.jpg;117330.jpg;131064.jpg
156828.jpg;033337.jpg;173411.jpg
009482.jpg;057656.jpg;122566.jpg
077824.jpg;058056.jpg;011787.jpg
146082.jpg;007966.jpg;181071.jpg
085210.jpg;012898.jpg;199729.jpg
050965.jpg;076268.jpg;017717.jpg
126739.jpg;144509.jpg;128042.jpg
009193.jpg;124304.jpg;022076.jpg
075435.jpg;050626.jpg;018002.jpg
145721.jpg;141201.jpg;184999.jpg
200911.jpg;186324.jpg;201236.jpg
022778.jpg;012487.jpg;145889.jpg
114053.jpg;050753.jpg;000040.jpg
168227.jpg;173674.jpg;052578.jpg
073867.jpg;131829.jpg;197573.jpg
015884.jpg;145443.jpg;146652.jpg
066340.jpg;054559.jpg;022007.jpg
174727.jpg;169628.jpg;029085.jpg
107603.jpg;058191.jpg;036248.jpg
159419.jpg;094581.jpg;024932.jpg
112433.jpg;141585.jpg;005288.jpg
083320.jpg;013308.jpg;148401.jpg
007998.jpg;112531.jpg;100166.jpg
006024.jpg;027401.jpg;046459.jpg
175918.jpg;170744.jpg;023552.jpg
129803.jpg;109234.jpg;066801.jpg
157175.jpg;043182.jpg;141429.jpg
059705.jpg;054287.jpg;137418.jpg
135844.jpg;024317.jpg;143639.jpg
171372.jpg;164802.jpg;174493.jpg
158541.jpg;064803.jpg;088378.jpg
166273.jpg;170355.jpg;124308.jpg
200457.jpg;183932.jpg;060893.jpg
185080.jpg;190277.jpg;000859.jpg
184969.jpg;194240.jpg;057588.jpg
012775.jpg;121295.jpg;200417.jpg
188647.jpg;183929.jpg;032625.jpg
050025.jpg;101564.jpg;174478.jpg
148676.jpg;118051.jpg;067763.jpg
041331.jpg;032980.jpg;123928.jpg
193083.jpg;197026.jpg;169594.jpg
037570.jpg;100097.jpg;054279.jpg
136148.jpg;059580.jpg;020549.jpg
164140.jpg;167943.jpg;161144.jpg
019620.jpg;025127.jpg;163590.jpg
012632.jpg;039705.jpg;083947.jpg
058926.jpg;154949.jpg;071990.jpg
061455.jpg;134815.jpg;042993.jpg
092605.jpg;150208.jpg;031587.jpg
190111.jpg;187001.jpg;138196.jpg
091391.jpg;161150.jpg;089963.jpg
185359.jpg;202398.jpg;061986.jpg
098762.jpg;113820.jpg;051896.jpg
127635.jpg;101190.jpg;178496.jpg
172741.jpg;175997.jpg;198486.jpg
107590.jpg;156469.jpg;077699.jpg
089831.jpg;159522.jpg;037611.jpg
127719.jpg;144908.jpg;002549.jpg
072948.jpg;036961.jpg;193415.jpg
076506.jpg;018008.jpg;073979.jpg
037505.jpg;116900.jpg;085299.jpg
148528.jpg;089096.jpg;084446.jpg
046081.jpg;105613.jpg;169337.jpg
159360.jpg;096808.jpg;182994.jpg
004931.jpg;120104.jpg;185550.jpg
021707.jpg;118270.jpg;109743.jpg
195057.jpg;183998.jpg;020638.jpg
021763.jpg;012756.jpg;183393.jpg
007591.jpg;122376.jpg;074552.jpg
057213.jpg;061543.jpg;128593.jpg
039801.jpg;093190.jpg;168384.jpg
112618.jpg;051327.jpg;037147.jpg
012686.jpg;157754.jpg;078948.jpg
052960.jpg;022673.jpg;160516.jpg
157067.jpg;048323.jpg;049968.jpg
079301.jpg;038285.jpg;037212.jpg
116041.jpg;114528.jpg;121173.jpg
114038.jpg;120022.jpg;040023.jpg
122877.jpg;104448.jpg;154575.jpg
037497.jpg;084771.jpg;188686.jpg
070432.jpg;054119.jpg;142487.jpg
169067.jpg;163613.jpg;010158.jpg
065308.jpg;070527.jpg;058358.jpg
133046.jpg;118106.jpg;062330.jpg
043666.jpg;018917.jpg;130360.jpg
081045.jpg;066581.jpg;129666.jpg
099865.jpg;069494.jpg;196986.jpg
174760.jpg;170942.jpg;151563.jpg
134596.jpg;116729.jpg;071149.jpg
146637.jpg;121247.jpg;057735.jpg
129023.jpg;121634.jpg;145001.jpg
121533.jpg;038026.jpg;020577.jpg
068564.jpg;102746.jpg;114175.jpg
151510.jpg;148434.jpg;075790.jpg
078260.jpg;140471.jpg;064955.jpg
061656.jpg;114835.jpg;202432.jpg
080311.jpg;067705.jpg;181078.jpg
124572.jpg;116183.jpg;025168.jpg
027306.jpg;022884.jpg;118044.jpg
126518.jpg;141902.jpg;176211.jpg
098905.jpg;013342.jpg;093830.jpg
052620.jpg;143433.jpg;068995.jpg
051634.jpg;084123.jpg;139252.jpg
012013.jpg;082818.jpg;167841.jpg
179496.jpg;174658.jpg;116376.jpg
139686.jpg;023711.jpg;014096.jpg
202281.jpg;195707.jpg;176217.jpg
060480.jpg;072349.jpg;117847.jpg
188663.jpg;188979.jpg;133899.jpg
064433.jpg;144080.jpg;145977.jpg
175618.jpg;179952.jpg;194824.jpg
035541.jpg;068880.jpg;165756.jpg
200167.jpg;184699.jpg;194950.jpg
199040.jpg;191101.jpg;078018.jpg
001668.jpg;103093.jpg;060714.jpg
020856.jpg;096584.jpg;183423.jpg
139073.jpg;160531.jpg;042520.jpg
168625.jpg;164430.jpg;047828.jpg
004564.jpg;155700.jpg;130461.jpg
075702.jpg;042617.jpg;014677.jpg
055381.jpg;142240.jpg;039587.jpg
070759.jpg;148013.jpg;020090.jpg
174433.jpg;171635.jpg;009776.jpg
086742.jpg;107685.jpg;011059.jpg
149710.jpg;141276.jpg;068537.jpg
047282.jpg;049668.jpg;122257.jpg
067854.jpg;060362.jpg;005303.jpg
047894.jpg;123240.jpg;147317.jpg
024589.jpg;113995.jpg;055792.jpg
012162.jpg;110067.jpg;117550.jpg
178458.jpg;179453.jpg;126798.jpg
017084.jpg;039182.jpg;025218.jpg
083867.jpg;032240.jpg;190497.jpg
050588.jpg;007882.jpg;107727.jpg
055283.jpg;159872.jpg;175214.jpg
059187.jpg;041473.jpg;032032.jpg
005861.jpg;037817.jpg;020155.jpg
197542.jpg;183944.jpg;126041.jpg
051889.jpg;064434.jpg;051719.jpg
020131.jpg;024254.jpg;053291.jpg
172725.jpg;179763.jpg;022088.jpg
034918.jpg;034186.jpg;137294.jpg
054006.jpg;105657.jpg;022942.jpg
007581.jpg;125030.jpg;201847.jpg
127895.jpg;087501.jpg;182237.jpg
043338.jpg;086492.jpg;197709.jpg
130433.jpg;054054.jpg;163291.jpg
151304.jpg;122573.jpg;189388.jpg
101682.jpg;134246.jpg;004666.jpg
055269.jpg;154786.jpg;054214.jpg
038686.jpg;162259.jpg;164899.jpg
037600.jpg;159339.jpg;086470.jpg
078916.jpg;088502.jpg;120457.jpg
199839.jpg;186374.jpg;009160.jpg
194882.jpg;191874.jpg;106932.jpg
142725.jpg;077660.jpg;158447.jpg
164378.jpg;174432.jpg;195364.jpg
179672.jpg;174128.jpg;189921.jpg
135038.jpg;128602.jpg;184599.jpg
041985.jpg;048673.jpg;188689.jpg
131371.jpg;046007.jpg;177798.jpg
041481.jpg;050542.jpg;118040.jpg
174502.jpg;165261.jpg;065827.jpg
058103.jpg;067383.jpg;165606.jpg
183496.jpg;197212.jpg;202134.jpg
077629.jpg;091986.jpg;084923.jpg
125764.jpg;021034.jpg;074243.jpg
049976.jpg;034311.jpg;175201.jpg
181889.jpg;162851.jpg;071588.jpg
020115.jpg;065799.jpg;065940.jpg
149541.jpg;075818.jpg;087740.jpg
174870.jpg;169720.jpg;118063.jpg
042066.jpg;042301.jpg;132959.jpg
149850.jpg;152942.jpg;133431.jpg
157002.jpg;121175.jpg;073002.jpg
110983.jpg;132647.jpg;110771.jpg
185850.jpg;183993.jpg;153695.jpg
010135.jpg;060801.jpg;073775.jpg
032510.jpg;072346.jpg;109113.jpg
111775.jpg;139044.jpg;043969.jpg
130476.jpg;115875.jpg;098197.jpg
057742.jpg;116718.jpg;070625.jpg
199928.jpg;182703.jpg;000728.jpg
177355.jpg;163409.jpg;034686.jpg
126282.jpg;031138.jpg;000107.jpg
126827.jpg;161886.jpg;102271.jpg
064604.jpg;014650.jpg;153148.jpg
028275.jpg;010664.jpg;199440.jpg
047246.jpg;056608.jpg;083632.jpg
129915.jpg;066848.jpg;025991.jpg
042260.jpg;028914.jpg;033399.jpg
194270.jpg;200085.jpg;008658.jpg
160160.jpg;060063.jpg;150438.jpg
088790.jpg;006658.jpg;002405.jpg
109064.jpg;048420.jpg;171497.jpg
124719.jpg;037837.jpg;030653.jpg
029192.jpg;021746.jpg;114013.jpg
048210.jpg;034005.jpg;027623.jpg
096321.jpg;161541.jpg;106886.jpg
049796.jpg;030906.jpg;092845.jpg
025742.jpg;015432.jpg;062924.jpg
103195.jpg;056340.jpg;061703.jpg
184418.jpg;198226.jpg;045413.jpg
165640.jpg;167055.jpg;171016.jpg
042513.jpg;011441.jpg;047549.jpg
052093.jpg;124192.jpg;096646.jpg
091264.jpg;056857.jpg;031434.jpg
012021.jpg;152189.jpg;123181.jpg
066313.jpg;038770.jpg;041534.jpg
074948.jpg;156393.jpg;148779.jpg
153231.jpg;053440.jpg;017000.jpg
160435.jpg;100166.jpg;019633.jpg
196021.jpg;186082.jpg;006357.jpg
193198.jpg;189989.jpg;102740.jpg
097160.jpg;119232.jpg;136483.jpg
064915.jpg;116660.jpg;049589.jpg
110550.jpg;133201.jpg;048783.jpg
185851.jpg;196639.jpg;182330.jpg
117080.jpg;115037.jpg;099617.jpg
029896.jpg;154062.jpg;166624.jpg
006900.jpg;103256.jpg;098901.jpg
141740.jpg;116258.jpg;041876.jpg
116888.jpg;040358.jpg;090788.jpg
048750.jpg;142092.jpg;062387.jpg
008521.jpg;033384.jpg;011667.jpg
150080.jpg;075369.jpg;015726.jpg
191344.jpg;184114.jpg;079735.jpg
090897.jpg;043391.jpg;158827.jpg
173275.jpg;175877.jpg;090119.jpg
196797.jpg;189424.jpg;113139.jpg
161398.jpg;047947.jpg;145300.jpg
049581.jpg;102093.jpg;032637.jpg
199293.jpg;200464.jpg;166933.jpg
072385.jpg;161577.jpg;195423.jpg
004231.jpg;150369.jpg;036784.jpg
034652.jpg;097443.jpg;078866.jpg
184684.jpg;190785.jpg;189987.jpg
082907.jpg;028675.jpg;195552.jpg
061760.jpg;139634.jpg;194716.jpg
050667.jpg;108433.jpg;169576.jpg
168995.jpg;179742.jpg;178293.jpg
022199.jpg;123617.jpg;058054.jpg
088245.jpg;060596.jpg;188766.jpg
142879.jpg;134694.jpg;029285.jpg
090697.jpg;154941.jpg;012881.jpg
084418.jpg;133005.jpg;012890.jpg
089846.jpg;087746.jpg;072549.jpg
052928.jpg;108378.jpg;122947.jpg
178346.jpg;176092.jpg;048267.jpg
197640.jpg;185649.jpg;200335.jpg
190247.jpg;194372.jpg;088798.jpg
121221.jpg;063789.jpg;140000.jpg
099580.jpg;076750.jpg;122394.jpg
168501.jpg;171683.jpg;086652.jpg
043994.jpg;157917.jpg;158048.jpg
060893.jpg;041046.jpg;190212.jpg
173244.jpg;167219.jpg;064159.jpg
035980.jpg;160515.jpg;035300.jpg
015621.jpg;156140.jpg;022638.jpg
105050.jpg;089834.jpg;131827.jpg
104845.jpg;006244.jpg;093422.jpg
145268.jpg;082695.jpg;018907.jpg
070521.jpg;038807.jpg;079210.jpg
117200.jpg;034333.jpg;135912.jpg
186480.jpg;183926.jpg;097198.jpg
033768.jpg;099837.jpg;126736.jpg
187539.jpg;194767.jpg;003981.jpg
054832.jpg;108985.jpg;036563.jpg
180972.jpg;170013.jpg;036216.jpg
067025.jpg;135566.jpg;113294.jpg
108405.jpg;075937.jpg;097689.jpg
169929.jpg;172346.jpg;103642.jpg
058291.jpg;105370.jpg;001050.jpg
071634.jpg;154225.jpg;004367.jpg
018148.jpg;092157.jpg;195578.jpg
132712.jpg;149891.jpg;040498.jpg
149579.jpg;048672.jpg;023224.jpg
031126.jpg;138423.jpg;099292.jpg
166001.jpg;169857.jpg;005862.jpg
145751.jpg;031245.jpg;162034.jpg
144297.jpg;090546.jpg;181559.jpg
128598.jpg;008945.jpg;065335.jpg
084916.jpg;023440.jpg;181465.jpg
043272.jpg;054545.jpg;132116.jpg
147255.jpg;033410.jpg;083054.jpg
019180.jpg;160492.jpg;010391.jpg
200485.jpg;182687.jpg;065712.jpg
039725.jpg;110088.jpg;140551.jpg
075434.jpg;052272.jpg;182179.jpg
014687.jpg;157699.jpg;130695.jpg
029309.jpg;150656.jpg;043613.jpg
132357.jpg;001457.jpg;170874.jpg
082912.jpg;009626.jpg;133651.jpg
096566.jpg;070580.jpg;116496.jpg
052245.jpg;053578.jpg;028503.jpg
017083.jpg;019308.jpg;200517.jpg
087219.jpg;080455.jpg;182989.jpg
081126.jpg;121614.jpg;140901.jpg
137518.jpg;121334.jpg;034808.jpg
144662.jpg;155188.jpg;120627.jpg
111943.jpg;155074.jpg;084827.jpg
156723.jpg;087734.jpg;146803.jpg
013294.jpg;069968.jpg;017293.jpg
034944.jpg;131524.jpg;067755.jpg
147922.jpg;043632.jpg;128905.jpg
197676.jpg;186750.jpg;056750.jpg
156562.jpg;084761.jpg;156587.jpg
145055.jpg;130059.jpg;067013.jpg
097506.jpg;106234.jpg;159654.jpg
159246.jpg;155837.jpg;164768.jpg
051722.jpg;039644.jpg;199940.jpg
051853.jpg;048299.jpg;191448.jpg
074510.jpg;020900.jpg;200223.jpg
079874.jpg;040750.jpg;050026.jpg
058547.jpg;013565.jpg;117980.jpg
079437.jpg;082600.jpg;201576.jpg
188223.jpg;188592.jpg;006828.jpg
184571.jpg;189122.jpg;193997.jpg
197887.jpg;200654.jpg;076122.jpg
109420.jpg;151972.jpg;086539.jpg
108915.jpg;045516.jpg;131225.jpg
084480.jpg;105769.jpg;165264.jpg
061659.jpg;072745.jpg;195534.jpg
166810.jpg;177631.jpg;124529.jpg
036585.jpg;079548.jpg;135679.jpg
011344.jpg;113456.jpg;085886.jpg
180581.jpg;178399.jpg;017107.jpg
117159.jpg;026123.jpg;167063.jpg
030814.jpg;097077.jpg;144479.jpg
060600.jpg;130310.jpg;174448.jpg
028271.jpg;158959.jpg;197002.jpg
058318.jpg;108429.jpg;020244.jpg
066370.jpg;113020.jpg;131920.jpg
171238.jpg;169855.jpg;149191.jpg
073807.jpg;123449.jpg;091754.jpg
137657.jpg;154527.jpg;096267.jpg
009684.jpg;149250.jpg;041812.jpg
183494.jpg;188182.jpg;112870.jpg
116477.jpg;067564.jpg;100336.jpg
165716.jpg;178162.jpg;090544.jpg
082787.jpg;134998.jpg;051051.jpg
184036.jpg;183136.jpg;006284.jpg
112403.jpg;009939.jpg;168646.jpg
063202.jpg;116291.jpg;200265.jpg
183471.jpg;186344.jpg;079618.jpg
042438.jpg;072345.jpg;070797.jpg
112916.jpg;010041.jpg;002629.jpg
188661.jpg;200310.jpg;002798.jpg
020740.jpg;099058.jpg;054379.jpg
060986.jpg;111651.jpg;009525.jpg
008462.jpg;046692.jpg;012170.jpg
057174.jpg;061721.jpg;088317.jpg
009276.jpg;034641.jpg;062862.jpg
004179.jpg;026779.jpg;151168.jpg
135315.jpg;049636.jpg;002781.jpg
008287.jpg;040671.jpg;077342.jpg
151198.jpg;008786.jpg;125816.jpg
127980.jpg;039905.jpg;179892.jpg
013622.jpg;116932.jpg;150033.jpg
179046.jpg;180773.jpg;133676.jpg
049885.jpg;077412.jpg;060382.jpg
143225.jpg;099779.jpg;073447.jpg
050955.jpg;027745.jpg;185746.jpg
023541.jpg;035523.jpg;135221.jpg
070603.jpg;094523.jpg;184639.jpg
111428.jpg;162536.jpg;173657.jpg
052978.jpg;127357.jpg;085567.jpg
037017.jpg;069667.jpg;037261.jpg
197110.jpg;188733.jpg;115312.jpg
028227.jpg;149529.jpg;170983.jpg
095109.jpg;064000.jpg;102812.jpg
038229.jpg;068320.jpg;040335.jpg
164578.jpg;175253.jpg;019031.jpg
072619.jpg;023449.jpg;032442.jpg
036655.jpg;041768.jpg;196512.jpg
081020.jpg;069834.jpg;075520.jpg
047447.jpg;122409.jpg;154803.jpg
040755.jpg;145212.jpg;030451.jpg
119319.jpg;061888.jpg;072563.jpg
003577.jpg;087844.jpg;182519.jpg
073017.jpg;087821.jpg;037678.jpg
201765.jpg;193069.jpg;133118.jpg
099123.jpg;109248.jpg;183659.jpg
164339.jpg;169371.jpg;038686.jpg
116611.jpg;000972.jpg;165919.jpg
007003.jpg;082351.jpg;118981.jpg
113979.jpg;063898.jpg;200870.jpg
111756.jpg;021298.jpg;168091.jpg
135634.jpg;101905.jpg;182557.jpg
122686.jpg;105006.jpg;195105.jpg
178958.jpg;179461.jpg;191883.jpg
091027.jpg;034087.jpg;065287.jpg
059561.jpg;086527.jpg;021089.jpg
162395.jpg;041184.jpg;112524.jpg
063401.jpg;140730.jpg;025936.jpg
156144.jpg;154411.jpg;002930.jpg
115403.jpg;037344.jpg;106361.jpg
166486.jpg;180670.jpg;176996.jpg
141582.jpg;105579.jpg;116592.jpg
036837.jpg;045476.jpg;121807.jpg
052637.jpg;063612.jpg;131745.jpg
184211.jpg;184594.jpg;046793.jpg
142491.jpg;135602.jpg;030383.jpg
079909.jpg;076204.jpg;121399.jpg
185798.jpg;187676.jpg;007990.jpg
049831.jpg;145583.jpg;094261.jpg
125561.jpg;107886.jpg;152975.jpg
197507.jpg;186048.jpg;116556.jpg
149644.jpg;053858.jpg;014161.jpg
172374.jpg;164927.jpg;079180.jpg
020983.jpg;066899.jpg;126844.jpg
003745.jpg;068510.jpg;001671.jpg
021495.jpg;007345.jpg;017429.jpg
023729.jpg;036949.jpg;074213.jpg
180922.jpg;174537.jpg;104059.jpg
105324.jpg;020987.jpg;112267.jpg
176363.jpg;167485.jpg;126411.jpg
034887.jpg;097824.jpg;167858.jpg
085653.jpg;051809.jpg;089803.jpg
194377.jpg;194121.jpg;160572.jpg
179972.jpg;177441.jpg;059021.jpg
182004.jpg;165599.jpg;152595.jpg
157243.jpg;143951.jpg;024967.jpg
114471.jpg;046357.jpg;064791.jpg
179706.jpg;168154.jpg;064344.jpg
135354.jpg;100601.jpg;189587.jpg
052588.jpg;024597.jpg;164678.jpg
113247.jpg;006760.jpg;049844.jpg
026216.jpg;026225.jpg;109025.jpg
122014.jpg;122427.jpg;195494.jpg
005872.jpg;004888.jpg;099820.jpg
098178.jpg;041502.jpg;024543.jpg
033117.jpg;132583.jpg;128496.jpg
134801.jpg;055466.jpg;137653.jpg
052866.jpg;075422.jpg;022954.jpg
116970.jpg;157463.jpg;157559.jpg
198022.jpg;186208.jpg;114831.jpg
032869.jpg;100175.jpg;088513.jpg
169931.jpg;181327.jpg;175625.jpg
027373.jpg;092209.jpg;172830.jpg
083695.jpg;117597.jpg;184477.jpg
034740.jpg;122087.jpg;171057.jpg
087181.jpg;011597.jpg;162454.jpg
094433.jpg;096464.jpg;130572.jpg
053450.jpg;063239.jpg;031734.jpg
001249.jpg;127934.jpg;182736.jpg
165366.jpg;174487.jpg;116279.jpg
030669.jpg;148959.jpg;200561.jpg
043232.jpg;160846.jpg;152959.jpg
059648.jpg;120112.jpg;076325.jpg
080364.jpg;159362.jpg;156161.jpg
084698.jpg;132701.jpg;035802.jpg
080021.jpg;159271.jpg;025647.jpg
167931.jpg;181395.jpg;143519.jpg
052244.jpg;102855.jpg;057945.jpg
191761.jpg;192588.jpg;111923.jpg
087592.jpg;150237.jpg;072920.jpg
046843.jpg;069480.jpg;014772.jpg
061101.jpg;045286.jpg;049615.jpg
192614.jpg;184359.jpg;013354.jpg
066722.jpg;148009.jpg;146292.jpg
174614.jpg;176474.jpg;021521.jpg
118992.jpg;104766.jpg;010282.jpg
101681.jpg;062394.jpg;031138.jpg
114225.jpg;066730.jpg;026950.jpg
169745.jpg;175417.jpg;049204.jpg
199771.jpg;199482.jpg;060236.jpg
060061.jpg;023787.jpg;058393.jpg
068401.jpg;009439.jpg;170632.jpg
152597.jpg;002989.jpg;002220.jpg
103096.jpg;109032.jpg;061345.jpg
034790.jpg;012471.jpg;123687.jpg
030882.jpg;052019.jpg;069148.jpg
193006.jpg;196492.jpg;050301.jpg
132615.jpg;109694.jpg;094803.jpg
066156.jpg;087706.jpg;200902.jpg
199085.jpg;192219.jpg;133201.jpg
068725.jpg;063193.jpg;018320.jpg
000323.jpg;038258.jpg;184263.jpg
157569.jpg;065085.jpg;201336.jpg
042723.jpg;137636.jpg;044596.jpg
060065.jpg;109557.jpg;172823.jpg
119037.jpg;017376.jpg;151565.jpg
197197.jpg;191310.jpg;005476.jpg
002577.jpg;125235.jpg;141253.jpg
128266.jpg;074476.jpg;169782.jpg
041708.jpg;120969.jpg;049013.jpg
102654.jpg;118903.jpg;181929.jpg
134172.jpg;024086.jpg;003940.jpg
130791.jpg;103625.jpg;082567.jpg
076075.jpg;149243.jpg;013354.jpg
086952.jpg;124212.jpg;116963.jpg
021885.jpg;135917.jpg;014169.jpg
133936.jpg;079718.jpg;066723.jpg
111452.jpg;038001.jpg;098454.jpg
042409.jpg;057051.jpg;069931.jpg
103802.jpg;149309.jpg;131023.jpg
017086.jpg;155515.jpg;016402.jpg
058728.jpg;128639.jpg;001463.jpg
145752.jpg;094476.jpg;114958.jpg
201817.jpg;187427.jpg;115746.jpg
047575.jpg;066112.jpg;012000.jpg
157764.jpg;075609.jpg;020177.jpg
139010.jpg;001477.jpg;028288.jpg
065802.jpg;088045.jpg;107967.jpg
157677.jpg;070254.jpg;170672.jpg
192839.jpg;199902.jpg;127611.jpg
155468.jpg;094391.jpg;181738.jpg
084043.jpg;076179.jpg;121391.jpg
126674.jpg;107885.jpg;060758.jpg
087499.jpg;004326.jpg;004068.jpg
126486.jpg;045228.jpg;087597.jpg
199288.jpg;186739.jpg;125362.jpg
155314.jpg;145663.jpg;051065.jpg
200686.jpg;195266.jpg;055256.jpg
147044.jpg;040839.jpg;172664.jpg
080918.jpg;045573.jpg;116477.jpg
115079.jpg;004290.jpg;148779.jpg
053413.jpg;119989.jpg;114831.jpg
061853.jpg;002083.jpg;033735.jpg
115587.jpg;139898.jpg;033677.jpg
160216.jpg;157166.jpg;000148.jpg
117168.jpg;042561.jpg;091502.jpg
012908.jpg;013829.jpg;095985.jpg
155308.jpg;144788.jpg;079809.jpg
040458.jpg;132448.jpg;191211.jpg
114709.jpg;135375.jpg;153270.jpg
200606.jpg;185433.jpg;127725.jpg
183785.jpg;185774.jpg;058906.jpg
191933.jpg;187493.jpg;022415.jpg
129217.jpg;126500.jpg;104716.jpg
189968.jpg;189133.jpg;067746.jpg
139850.jpg;044893.jpg;007167.jpg
061379.jpg;074168.jpg;148978.jpg
180200.jpg;174087.jpg;164469.jpg
008893.jpg;039962.jpg;072195.jpg
105842.jpg;017391.jpg;154566.jpg
008880.jpg;039066.jpg;071787.jpg
110488.jpg;098630.jpg;168853.jpg
054913.jpg;159566.jpg;042252.jpg
008438.jpg;152892.jpg;120227.jpg
032315.jpg;144349.jpg;078529.jpg
097108.jpg;113129.jpg;143431.jpg
035387.jpg;037772.jpg;064245.jpg
121490.jpg;130564.jpg;132945.jpg
123799.jpg;130202.jpg;101774.jpg
055542.jpg;125995.jpg;033220.jpg
199600.jpg;200699.jpg;033948.jpg
030601.jpg;016315.jpg;006542.jpg
136316.jpg;027130.jpg;028483.jpg
103928.jpg;092451.jpg;148362.jpg
156983.jpg;011004.jpg;194449.jpg
048756.jpg;148390.jpg;016451.jpg
112469.jpg;013692.jpg;005552.jpg
040858.jpg;123474.jpg;021779.jpg
019435.jpg;128829.jpg;132191.jpg
010273.jpg;046992.jpg;025007.jpg
084879.jpg;096493.jpg;163845.jpg
166736.jpg;172711.jpg;198536.jpg
143932.jpg;034235.jpg;089422.jpg
012839.jpg;076936.jpg;132658.jpg
153956.jpg;007472.jpg;156079.jpg
022142.jpg;028188.jpg;059875.jpg
102791.jpg;016428.jpg;159063.jpg
009038.jpg;158260.jpg;132169.jpg
023311.jpg;045615.jpg;012973.jpg
007711.jpg;108375.jpg;062481.jpg
061605.jpg;032294.jpg;031631.jpg
110313.jpg;053226.jpg;171888.jpg
071113.jpg;138156.jpg;036921.jpg
127371.jpg;006709.jpg;113071.jpg
130878.jpg;084034.jpg;121848.jpg
145118.jpg;077090.jpg;021968.jpg
023030.jpg;075079.jpg;093485.jpg
037534.jpg;009109.jpg;095360.jpg
126519.jpg;142667.jpg;081979.jpg
100103.jpg;048749.jpg;024057.jpg
173147.jpg;180838.jpg;101732.jpg
187012.jpg;185982.jpg;170861.jpg
158115.jpg;001695.jpg;082950.jpg
170161.jpg;167546.jpg;026158.jpg
094253.jpg;151530.jpg;052119.jpg
126755.jpg;032089.jpg;131213.jpg
003148.jpg;069653.jpg;015259.jpg
173017.jpg;182541.jpg;022938.jpg
026549.jpg;086362.jpg;006591.jpg
114563.jpg;077641.jpg;095047.jpg
159226.jpg;118532.jpg;090774.jpg
119142.jpg;006274.jpg;081121.jpg
029746.jpg;104301.jpg;175967.jpg
032131.jpg;002564.jpg;043086.jpg
086489.jpg;030453.jpg;112361.jpg
111498.jpg;069009.jpg;100010.jpg
046192.jpg;034538.jpg;171820.jpg
092272.jpg;160852.jpg;198856.jpg
113864.jpg;002433.jpg;086726.jpg
112530.jpg;079969.jpg;120678.jpg
054597.jpg;020208.jpg;054449.jpg
093344.jpg;142259.jpg;169405.jpg
179546.jpg;164237.jpg;161867.jpg
159434.jpg;044572.jpg;047094.jpg
143270.jpg;012630.jpg;121331.jpg
157864.jpg;126719.jpg;169748.jpg
139715.jpg;162458.jpg;179389.jpg
080951.jpg;011588.jpg;180561.jpg
149528.jpg;035298.jpg;178165.jpg
054694.jpg;111750.jpg;074879.jpg
162801.jpg;177742.jpg;105565.jpg
093406.jpg;147492.jpg;053568.jpg
167104.jpg;176487.jpg;027151.jpg
020180.jpg;125692.jpg;093840.jpg
029702.jpg;160398.jpg;061576.jpg
133726.jpg;047508.jpg;180442.jpg
201343.jpg;185581.jpg;056308.jpg
171353.jpg;178034.jpg;024015.jpg
060587.jpg;043423.jpg;084571.jpg
195577.jpg;190242.jpg;181835.jpg
019307.jpg;026843.jpg;003583.jpg
075196.jpg;029729.jpg;038822.jpg
063251.jpg;053908.jpg;059430.jpg
188866.jpg;183601.jpg;193302.jpg
152806.jpg;112255.jpg;126460.jpg
120009.jpg;000879.jpg;102723.jpg
010351.jpg;037222.jpg;090452.jpg
102537.jpg;058135.jpg;097582.jpg
039386.jpg;049156.jpg;079747.jpg
166164.jpg;174213.jpg;043213.jpg
189258.jpg;196994.jpg;202158.jpg
041623.jpg;145955.jpg;038267.jpg
124691.jpg;027933.jpg;030090.jpg
165564.jpg;175756.jpg;019273.jpg
059513.jpg;089927.jpg;012803.jpg
042467.jpg;040799.jpg;169310.jpg
178090.jpg;179771.jpg;059323.jpg
130259.jpg;141468.jpg;030202.jpg
089129.jpg;148769.jpg;102595.jpg
185179.jpg;196593.jpg;141694.jpg
007470.jpg;000145.jpg;183799.jpg
100780.jpg;144571.jpg;003343.jpg
041174.jpg;040760.jpg;048870.jpg
163867.jpg;181813.jpg;164010.jpg
137922.jpg;026938.jpg;052290.jpg
098788.jpg;136422.jpg;137645.jpg
138153.jpg;027229.jpg;048991.jpg
023862.jpg;122551.jpg;076050.jpg
098876.jpg;031676.jpg;129621.jpg
061759.jpg;078110.jpg;148510.jpg
003190.jpg;157134.jpg;154713.jpg
023341.jpg;018748.jpg;018838.jpg
161720.jpg;074012.jpg;194390.jpg
000867.jpg;032657.jpg;128709.jpg
150697.jpg;149250.jpg;102948.jpg
009695.jpg;044534.jpg;108107.jpg
183047.jpg;196836.jpg;182149.jpg
002853.jpg;116037.jpg;037175.jpg
106861.jpg;078137.jpg;003461.jpg
195336.jpg;185663.jpg;126177.jpg
184826.jpg;200405.jpg;173251.jpg
180231.jpg;179808.jpg;127398.jpg
085212.jpg;114513.jpg;109358.jpg
139569.jpg;008432.jpg;160850.jpg
111455.jpg;069792.jpg;121541.jpg
030707.jpg;153577.jpg;130408.jpg
131303.jpg;146872.jpg;132579.jpg
138815.jpg;071885.jpg;058665.jpg
131024.jpg;060289.jpg;084989.jpg
194465.jpg;190691.jpg;141381.jpg
126225.jpg;099644.jpg;000993.jpg
049467.jpg;074579.jpg;004276.jpg
191375.jpg;184732.jpg;054040.jpg
004537.jpg;040830.jpg;117245.jpg
082254.jpg;123152.jpg;154646.jpg
028866.jpg;028608.jpg;069792.jpg
072523.jpg;055002.jpg;147054.jpg
101482.jpg;078443.jpg;037147.jpg
082120.jpg;075396.jpg;054518.jpg
180609.jpg;164464.jpg;089573.jpg
156867.jpg;025741.jpg;141922.jpg
153462.jpg;027585.jpg;122044.jpg
133052.jpg;143013.jpg;049033.jpg
102754.jpg;158081.jpg;172449.jpg
146384.jpg;011864.jpg;153454.jpg
181996.jpg;169040.jpg;133091.jpg
064934.jpg;075272.jpg;036058.jpg
188559.jpg;187039.jpg;111149.jpg
028946.jpg;121624.jpg;105966.jpg
150471.jpg;030125.jpg;044657.jpg
109533.jpg;123267.jpg;194838.jpg
069265.jpg;067832.jpg;005018.jpg
056440.jpg;012251.jpg;169500.jpg
175206.jpg;165248.jpg;142255.jpg
113916.jpg;015914.jpg;096097.jpg
083054.jpg;082287.jpg;020367.jpg
135850.jpg;007183.jpg;050376.jpg
132290.jpg;099549.jpg;088143.jpg
165923.jpg;166712.jpg;168797.jpg
012981.jpg;001342.jpg;165445.jpg
127623.jpg;144903.jpg;054638.jpg
088252.jpg;009384.jpg;024420.jpg
102630.jpg;000505.jpg;169359.jpg
080090.jpg;083615.jpg;159197.jpg
182362.jpg;170329.jpg;103168.jpg
040197.jpg;100726.jpg;124708.jpg
021026.jpg;102082.jpg;102170.jpg
129936.jpg;119029.jpg;178024.jpg
132975.jpg;070321.jpg;093991.jpg
067777.jpg;137308.jpg;112354.jpg
153583.jpg;063220.jpg;136938.jpg
177698.jpg;167355.jpg;198517.jpg
111272.jpg;105914.jpg;103960.jpg
077427.jpg;149141.jpg;179238.jpg
033514.jpg;064376.jpg;045840.jpg
043292.jpg;130425.jpg;101346.jpg
008853.jpg;066129.jpg;010066.jpg
031828.jpg;112499.jpg;176578.jpg
186790.jpg;191508.jpg;087281.jpg
178918.jpg;170836.jpg;020512.jpg
155435.jpg;042601.jpg;081707.jpg
100029.jpg;123233.jpg;172448.jpg
173134.jpg;165403.jpg;100657.jpg
088306.jpg;108552.jpg;103281.jpg
024627.jpg;017661.jpg;099278.jpg
027992.jpg;030546.jpg;176822.jpg
123897.jpg;078879.jpg;035709.jpg
151345.jpg;118887.jpg;177889.jpg
093708.jpg;049319.jpg;130757.jpg
009629.jpg;140969.jpg;126789.jpg
066360.jpg;022931.jpg;069241.jpg
008021.jpg;151208.jpg;084054.jpg
109758.jpg;001398.jpg;028520.jpg
101367.jpg;135779.jpg;182117.jpg
021145.jpg;148949.jpg;051350.jpg
015699.jpg;140598.jpg;095790.jpg
127225.jpg;144465.jpg;102740.jpg
126388.jpg;054127.jpg;037496.jpg
042142.jpg;053715.jpg;054906.jpg
153558.jpg;129886.jpg;142290.jpg
028763.jpg;107802.jpg;144036.jpg
072810.jpg;132662.jpg;108234.jpg
071724.jpg;120528.jpg;082118.jpg
020588.jpg;061885.jpg;076596.jpg
142701.jpg;095563.jpg;123151.jpg
084242.jpg;027900.jpg;014279.jpg
107064.jpg;055592.jpg;078520.jpg
101704.jpg;123569.jpg;086841.jpg
130180.jpg;048124.jpg;197989.jpg
046622.jpg;119661.jpg;142079.jpg
159200.jpg;060466.jpg;060207.jpg
187592.jpg;194685.jpg;197312.jpg
034696.jpg;101651.jpg;082597.jpg
104439.jpg;019315.jpg;155413.jpg
089152.jpg;091604.jpg;053772.jpg
168128.jpg;174481.jpg;146895.jpg
100701.jpg;028594.jpg;117361.jpg
184058.jpg;187092.jpg;126390.jpg
142696.jpg;097073.jpg;116113.jpg
090538.jpg;013863.jpg;049830.jpg
159116.jpg;106161.jpg;005209.jpg
197755.jpg;183323.jpg;081074.jpg
148919.jpg;083139.jpg;002906.jpg
164611.jpg;179864.jpg;109026.jpg
191311.jpg;192333.jpg;017449.jpg
070699.jpg;081726.jpg;046648.jpg
147068.jpg;001847.jpg;150805.jpg
079617.jpg;060983.jpg;015682.jpg
065969.jpg;146584.jpg;120264.jpg
080100.jpg;041006.jpg;017803.jpg
159553.jpg;072209.jpg;031612.jpg
064073.jpg;040742.jpg;148451.jpg
196169.jpg;191813.jpg;131636.jpg
102100.jpg;054834.jpg;030060.jpg
093496.jpg;062833.jpg;106975.jpg
145623.jpg;081121.jpg;054156.jpg
134553.jpg;054097.jpg;159641.jpg
168951.jpg;167274.jpg;162418.jpg
039320.jpg;121209.jpg;139261.jpg
012758.jpg;069694.jpg;123105.jpg
143324.jpg;039045.jpg;144401.jpg
097729.jpg;080913.jpg;119813.jpg
088944.jpg;128280.jpg;027514.jpg
082108.jpg;042056.jpg;143107.jpg
184550.jpg;193125.jpg;006168.jpg
099285.jpg;121070.jpg;169664.jpg
131600.jpg;153188.jpg;055592.jpg
052290.jpg;128200.jpg;050017.jpg
142321.jpg;009522.jpg;141235.jpg
152023.jpg;057518.jpg;093121.jpg
081772.jpg;017226.jpg;130089.jpg
122300.jpg;108947.jpg;061972.jpg
044783.jpg;025811.jpg;134352.jpg
076425.jpg;004278.jpg;065806.jpg
053897.jpg;134845.jpg;172304.jpg
118361.jpg;086352.jpg;155286.jpg
079355.jpg;010903.jpg;048974.jpg
053618.jpg;088459.jpg;141160.jpg
156716.jpg;092802.jpg;100051.jpg
180934.jpg;180257.jpg;170693.jpg
022332.jpg;067851.jpg;159353.jpg
164503.jpg;178071.jpg;151145.jpg
160149.jpg;098584.jpg;058197.jpg
178601.jpg;178383.jpg;140287.jpg
164262.jpg;178754.jpg;087764.jpg
061922.jpg;160137.jpg;108147.jpg
072248.jpg;132730.jpg;117739.jpg
053720.jpg;106582.jpg;005649.jpg
047577.jpg;140487.jpg;062682.jpg
027014.jpg;080074.jpg;096181.jpg
022832.jpg;079313.jpg;106983.jpg
134899.jpg;140687.jpg;165324.jpg
116770.jpg;101196.jpg;121702.jpg
052286.jpg;027890.jpg;124667.jpg
164082.jpg;172993.jpg;109320.jpg
053078.jpg;050925.jpg;035188.jpg
047531.jpg;038605.jpg;106444.jpg
177401.jpg;168179.jpg;196067.jpg
083415.jpg;079448.jpg;075496.jpg
048452.jpg;024652.jpg;184052.jpg
107927.jpg;012644.jpg;007651.jpg
076480.jpg;092254.jpg;062972.jpg
044164.jpg;052827.jpg;117952.jpg
041038.jpg;064518.jpg;129221.jpg
167836.jpg;182309.jpg;101652.jpg
008864.jpg;013967.jpg;060902.jpg
071808.jpg;137571.jpg;190253.jpg
014675.jpg;023739.jpg;035452.jpg
013445.jpg;139867.jpg;121621.jpg
002923.jpg;148421.jpg;099741.jpg
018657.jpg;067086.jpg;160719.jpg
051401.jpg;027885.jpg;060985.jpg
188308.jpg;196787.jpg;085255.jpg
127121.jpg;024971.jpg;153954.jpg
018654.jpg;154918.jpg;120646.jpg
108046.jpg;141451.jpg;083458.jpg
178645.jpg;164285.jpg;069023.jpg
191691.jpg;193300.jpg;165922.jpg
036290.jpg;025353.jpg;172127.jpg
106706.jpg;118443.jpg;075589.jpg
090601.jpg;119027.jpg;069197.jpg
148215.jpg;141336.jpg;093037.jpg
023796.jpg;150342.jpg;153278.jpg
188855.jpg;188447.jpg;074645.jpg
113701.jpg;120599.jpg;144405.jpg
047097.jpg;034718.jpg;123062.jpg
114667.jpg;039434.jpg;169480.jpg
119287.jpg;087844.jpg;140533.jpg
114757.jpg;028098.jpg;132451.jpg
155192.jpg;003887.jpg;128744.jpg
017741.jpg;104119.jpg;046242.jpg
178885.jpg;167416.jpg;085956.jpg
180875.jpg;175126.jpg;145146.jpg
134943.jpg;006428.jpg;195115.jpg
199706.jpg;182855.jpg;082202.jpg
109161.jpg;109594.jpg;184097.jpg
131251.jpg;049096.jpg;165446.jpg
037310.jpg;114689.jpg;018615.jpg
063852.jpg;055951.jpg;103968.jpg
150966.jpg;109173.jpg;167344.jpg
021286.jpg;011765.jpg;183523.jpg
059725.jpg;096801.jpg;160806.jpg
011490.jpg;121390.jpg;157477.jpg
131106.jpg;018919.jpg;068952.jpg
120545.jpg;041546.jpg;182069.jpg
095730.jpg;118477.jpg;128723.jpg
160469.jpg;156751.jpg;026925.jpg
159672.jpg;148161.jpg;038019.jpg
189598.jpg;199664.jpg;099532.jpg
044932.jpg;101500.jpg;032171.jpg
035064.jpg;099653.jpg;042970.jpg
194100.jpg;185607.jpg;200441.jpg
100945.jpg;149797.jpg;014656.jpg
042223.jpg;089658.jpg;014891.jpg
073937.jpg;039972.jpg;023345.jpg
103973.jpg;063446.jpg;196529.jpg
067021.jpg;147524.jpg;174116.jpg
198183.jpg;190403.jpg;123469.jpg
020629.jpg;132179.jpg;015104.jpg
181676.jpg;182583.jpg;075398.jpg
131410.jpg;012420.jpg;194654.jpg
071520.jpg;108645.jpg;197134.jpg
017583.jpg;038305.jpg;141162.jpg
055424.jpg;120648.jpg;144744.jpg
005471.jpg;019201.jpg;028303.jpg
200210.jpg;183424.jpg;187596.jpg
097143.jpg;072860.jpg;015359.jpg
175791.jpg;179754.jpg;148369.jpg
045212.jpg;013022.jpg;162108.jpg
027057.jpg;079295.jpg;143916.jpg
118670.jpg;026778.jpg;193736.jpg
022781.jpg;128547.jpg;051538.jpg
116003.jpg;158709.jpg;199539.jpg
083006.jpg;044614.jpg;140851.jpg
088368.jpg;125404.jpg;113209.jpg
103287.jpg;064875.jpg;109576.jpg
066088.jpg;061684.jpg;098396.jpg
164035.jpg;182078.jpg;139251.jpg
136741.jpg;124729.jpg;002959.jpg
155526.jpg;099076.jpg;120993.jpg
165498.jpg;175692.jpg;179637.jpg
035376.jpg;112475.jpg;157081.jpg
064990.jpg;152824.jpg;042185.jpg
201377.jpg;186608.jpg;041581.jpg
149325.jpg;037130.jpg;053079.jpg
026641.jpg;093609.jpg;201607.jpg
188466.jpg;195183.jpg;111625.jpg
156892.jpg;010032.jpg;076055.jpg
162888.jpg;172015.jpg;185787.jpg
073713.jpg;015701.jpg;171957.jpg
001272.jpg;034824.jpg;111758.jpg
190492.jpg;193396.jpg;150186.jpg
197364.jpg;184562.jpg;072097.jpg
180135.jpg;172781.jpg;121426.jpg
081803.jpg;031168.jpg;023195.jpg
013340.jpg;015759.jpg;187647.jpg
158558.jpg;090801.jpg;072197.jpg
094060.jpg;115424.jpg;026583.jpg
178685.jpg;163735.jpg;197778.jpg
100820.jpg;020826.jpg;197561.jpg
126889.jpg;024461.jpg;004688.jpg
142820.jpg;141681.jpg;181642.jpg
043152.jpg;140844.jpg;045639.jpg
140466.jpg;013458.jpg;103643.jpg
200262.jpg;186119.jpg;144887.jpg
179356.jpg;180933.jpg;162804.jpg
058313.jpg;100359.jpg;092274.jpg
133669.jpg;026704.jpg;108969.jpg
160463.jpg;126130.jpg;021607.jpg
103751.jpg;136784.jpg;011779.jpg
154415.jpg;119328.jpg;152724.jpg
081037.jpg;085423.jpg;026016.jpg
041272.jpg;069275.jpg;123804.jpg
053479.jpg;092545.jpg;167751.jpg
157547.jpg;000225.jpg;018129.jpg
055045.jpg;065006.jpg;123500.jpg
185179.jpg;189240.jpg;032659.jpg
118128.jpg;025958.jpg;192247.jpg
055457.jpg;053371.jpg;024199.jpg
015052.jpg;074067.jpg;039971.jpg
176458.jpg;181192.jpg;038247.jpg
071553.jpg;004253.jpg;041342.jpg
116368.jpg;037691.jpg;014228.jpg
017123.jpg;046615.jpg;048942.jpg
031798.jpg;145310.jpg;186976.jpg
006947.jpg;162192.jpg;201890.jpg
163120.jpg;178091.jpg;125938.jpg
075548.jpg;138190.jpg;193098.jpg
176550.jpg;168492.jpg;128773.jpg
161124.jpg;086309.jpg;188183.jpg
113358.jpg;065927.jpg;100787.jpg
015508.jpg;070858.jpg;104010.jpg
182678.jpg;186844.jpg;201664.jpg
122540.jpg;126918.jpg;181469.jpg
080096.jpg;037546.jpg;005876.jpg
103333.jpg;148901.jpg;161754.jpg
156450.jpg;126630.jpg;011406.jpg
180097.jpg;170855.jpg;083732.jpg
135376.jpg;133489.jpg;131041.jpg
069184.jpg;112745.jpg;073533.jpg
036334.jpg;006396.jpg;094715.jpg
055711.jpg;160195.jpg;163840.jpg
069974.jpg;134147.jpg;152462.jpg
001468.jpg;039078.jpg;103302.jpg
109749.jpg;102292.jpg;200911.jpg
046446.jpg;023089.jpg;149790.jpg
192680.jpg;191682.jpg;191077.jpg
132353.jpg;007569.jpg;150297.jpg
133264.jpg;027162.jpg;033748.jpg
100758.jpg;048622.jpg;023886.jpg
181764.jpg;169822.jpg;075884.jpg
142933.jpg;103532.jpg;196651.jpg
023776.jpg;091662.jpg;097161.jpg
024509.jpg;123310.jpg;069636.jpg
105058.jpg;076053.jpg;118724.jpg
183020.jpg;183047.jpg;181368.jpg
112747.jpg;137128.jpg;135394.jpg
108798.jpg;064386.jpg;155436.jpg
119952.jpg;067922.jpg;188451.jpg
193591.jpg;183833.jpg;066987.jpg
145633.jpg;086380.jpg;132957.jpg
197435.jpg;200851.jpg;160432.jpg
144137.jpg;066691.jpg;185790.jpg
004821.jpg;149826.jpg;170761.jpg
111042.jpg;044105.jpg;159131.jpg
124654.jpg;061544.jpg;121798.jpg
038513.jpg;085237.jpg;021318.jpg
188995.jpg;195750.jpg;139326.jpg
032905.jpg;146971.jpg;202160.jpg
046380.jpg;116884.jpg;066298.jpg
187233.jpg;193639.jpg;044052.jpg
133598.jpg;162737.jpg;008011.jpg
104639.jpg;129001.jpg;140898.jpg
072438.jpg;107336.jpg;172603.jpg
129872.jpg;034130.jpg;095146.jpg
162329.jpg;073161.jpg;061856.jpg
068577.jpg;086490.jpg;178548.jpg
014010.jpg;006860.jpg;170723.jpg
114948.jpg;028906.jpg;121678.jpg
036503.jpg;107389.jpg;084573.jpg
156511.jpg;157838.jpg;025700.jpg
049981.jpg;044680.jpg;111960.jpg
142647.jpg;039256.jpg;012707.jpg
171113.jpg;180483.jpg;109164.jpg
116790.jpg;041114.jpg;139964.jpg
079432.jpg;070797.jpg;019938.jpg
059481.jpg;098560.jpg;190473.jpg
074090.jpg;134241.jpg;107231.jpg
137549.jpg;078702.jpg;062846.jpg
148467.jpg;022228.jpg;035396.jpg
090819.jpg;157664.jpg;088816.jpg
106519.jpg;088717.jpg;041797.jpg
189545.jpg;193421.jpg;090519.jpg
108935.jpg;033017.jpg;024423.jpg
029178.jpg;118372.jpg;165485.jpg
126142.jpg;084312.jpg;138609.jpg
099768.jpg;110827.jpg;195738.jpg
093530.jpg;007100.jpg;191215.jpg
154554.jpg;065450.jpg;179664.jpg
094125.jpg;005255.jpg;072142.jpg
181281.jpg;181978.jpg;072770.jpg
102738.jpg;061629.jpg;201255.jpg
092685.jpg;139275.jpg;163880.jpg
198116.jpg;191294.jpg;111349.jpg
037831.jpg;046414.jpg;024195.jpg
065545.jpg;040570.jpg;108963.jpg
151954.jpg;048989.jpg;105040.jpg
048246.jpg;131061.jpg;031696.jpg
096544.jpg;009102.jpg;082898.jpg
195755.jpg;184143.jpg;185683.jpg
149047.jpg;086530.jpg;076462.jpg
135094.jpg;157065.jpg;031237.jpg
189538.jpg;197614.jpg;009901.jpg
186932.jpg;183004.jpg;158398.jpg
117452.jpg;047717.jpg;164678.jpg
041254.jpg;129867.jpg;103766.jpg
147917.jpg;073685.jpg;197012.jpg
105912.jpg;055123.jpg;192445.jpg
003926.jpg;152893.jpg;050238.jpg
104531.jpg;114970.jpg;187865.jpg
106124.jpg;056473.jpg;128318.jpg
085014.jpg;103720.jpg;135976.jpg
037861.jpg;031136.jpg;142600.jpg
194303.jpg;192822.jpg;171593.jpg
156728.jpg;023571.jpg;181063.jpg
157362.jpg;054471.jpg;098514.jpg
075830.jpg;137265.jpg;196951.jpg
118499.jpg;148740.jpg;169258.jpg
181333.jpg;164091.jpg;041547.jpg
002429.jpg;127153.jpg;068566.jpg
097530.jpg;003934.jpg;133966.jpg
012390.jpg;154080.jpg;147586.jpg
133629.jpg;046316.jpg;112074.jpg
029584.jpg;028466.jpg;198228.jpg
119461.jpg;040424.jpg;154279.jpg
096042.jpg;039053.jpg;164944.jpg
041378.jpg;059927.jpg;000741.jpg
127812.jpg;036301.jpg;010499.jpg
175519.jpg;180046.jpg;186307.jpg
018057.jpg;028609.jpg;088040.jpg
072823.jpg;068529.jpg;061926.jpg
030194.jpg;103036.jpg;059035.jpg
066198.jpg;154378.jpg;042539.jpg
140432.jpg;112472.jpg;049713.jpg
077367.jpg;046701.jpg;029876.jpg
059985.jpg;080084.jpg;128776.jpg
182799.jpg;190791.jpg;065529.jpg
169208.jpg;168168.jpg;072796.jpg
035319.jpg;132309.jpg;097568.jpg
176831.jpg;177243.jpg;189981.jpg
088901.jpg;122483.jpg;161900.jpg
060700.jpg;050601.jpg;103253.jpg
029715.jpg;129792.jpg;115064.jpg
009610.jpg;110708.jpg;023130.jpg
196703.jpg;198754.jpg;138265.jpg
023066.jpg;045706.jpg;080482.jpg
120260.jpg;007242.jpg;189178.jpg
157245.jpg;066998.jpg;185974.jpg
156349.jpg;083983.jpg;010010.jpg
130555.jpg;095511.jpg;201492.jpg
076799.jpg;042572.jpg;052676.jpg
143502.jpg;008610.jpg;012829.jpg
178554.jpg;175745.jpg;006640.jpg
041619.jpg;106720.jpg;024455.jpg
026990.jpg;028376.jpg;105984.jpg
123334.jpg;085795.jpg;079764.jpg
091503.jpg;050804.jpg;141804.jpg
054151.jpg;072864.jpg;086650.jpg
024411.jpg;127254.jpg;020359.jpg
082758.jpg;078383.jpg;106118.jpg
086401.jpg;058037.jpg;194789.jpg
193294.jpg;188416.jpg;106143.jpg
013162.jpg;109745.jpg;110201.jpg
112857.jpg;076652.jpg;011712.jpg
180356.jpg;170368.jpg;153557.jpg
138875.jpg;079294.jpg;106214.jpg
124139.jpg;066685.jpg;101196.jpg
114037.jpg;053632.jpg;200707.jpg
053360.jpg;024430.jpg;014161.jpg
048789.jpg;000471.jpg;005276.jpg
131811.jpg;134350.jpg;080625.jpg
080284.jpg;102129.jpg;076129.jpg
048395.jpg;069058.jpg;037228.jpg
012389.jpg;109588.jpg;116831.jpg
152872.jpg;099139.jpg;016900.jpg
134422.jpg;161564.jpg;169277.jpg
024812.jpg;143570.jpg;157475.jpg
167342.jpg;176356.jpg;088688.jpg
075916.jpg;004336.jpg;091937.jpg
108312.jpg;061391.jpg;139990.jpg
055439.jpg;011835.jpg;134191.jpg
113944.jpg;083114.jpg;147579.jpg
097260.jpg;137730.jpg;096939.jpg
026010.jpg;130037.jpg;149786.jpg
044423.jpg;067647.jpg;001281.jpg
012993.jpg;027158.jpg;057462.jpg
003875.jpg;061659.jpg;117332.jpg
186466.jpg;198611.jpg;087598.jpg
165677.jpg;178760.jpg;069582.jpg
084031.jpg;130353.jpg;086890.jpg
081924.jpg;083371.jpg;050330.jpg
046131.jpg;107480.jpg;180745.jpg
106369.jpg;060698.jpg;119018.jpg
198415.jpg;183249.jpg;108552.jpg
168385.jpg;172985.jpg;081638.jpg
104689.jpg;085814.jpg;091056.jpg
120813.jpg;050669.jpg;162660.jpg
100238.jpg;119863.jpg;053595.jpg
056526.jpg;132734.jpg;192068.jpg
045732.jpg;011344.jpg;108416.jpg
125057.jpg;013408.jpg;070560.jpg
051545.jpg;131497.jpg;086547.jpg
095304.jpg;086558.jpg;018591.jpg
036577.jpg;041405.jpg;130804.jpg
192355.jpg;184602.jpg;170846.jpg
026554.jpg;041574.jpg;040017.jpg
002475.jpg;145138.jpg;147863.jpg
036637.jpg;102409.jpg;014220.jpg
045470.jpg;092891.jpg;087892.jpg
114313.jpg;009153.jpg;110131.jpg
122609.jpg;055758.jpg;062215.jpg
013841.jpg;030292.jpg;074642.jpg
158356.jpg;041767.jpg;004512.jpg
013646.jpg;029451.jpg;125270.jpg
114993.jpg;133143.jpg;099414.jpg
053309.jpg;029768.jpg;115094.jpg
183064.jpg;182757.jpg;079017.jpg
078850.jpg;132261.jpg;054501.jpg
181245.jpg;176132.jpg;048943.jpg
141213.jpg;128395.jpg;179083.jpg
013084.jpg;120887.jpg;135006.jpg
086354.jpg;008679.jpg;098155.jpg
098979.jpg;091124.jpg;034991.jpg
031027.jpg;142745.jpg;101915.jpg
119142.jpg;066562.jpg;025222.jpg
159929.jpg;044605.jpg;036689.jpg
163637.jpg;177288.jpg;184333.jpg
129043.jpg;001317.jpg;183115.jpg
012853.jpg;003020.jpg;150039.jpg
086243.jpg;094924.jpg;144388.jpg
019990.jpg;032898.jpg;090923.jpg
104221.jpg;077558.jpg;114056.jpg
056935.jpg;040802.jpg;125390.jpg
064611.jpg;011198.jpg;077461.jpg
140735.jpg;078887.jpg;059928.jpg
042005.jpg;031301.jpg;030852.jpg
172832.jpg;178742.jpg;050530.jpg
094652.jpg;098449.jpg;180423.jpg
159722.jpg;147122.jpg;157860.jpg
047211.jpg;011387.jpg;066557.jpg
000450.jpg;074282.jpg;073105.jpg
195493.jpg;185978.jpg;116706.jpg
179845.jpg;176040.jpg;041519.jpg
017804.jpg;037513.jpg;080096.jpg
018609.jpg;135486.jpg;048884.jpg
070649.jpg;077390.jpg;034460.jpg
106217.jpg;100959.jpg;196807.jpg
200437.jpg;198504.jpg;164040.jpg
182617.jpg;181278.jpg;004912.jpg
113169.jpg;057011.jpg;173940.jpg
081130.jpg;083751.jpg;198184.jpg
163438.jpg;166143.jpg;188055.jpg
059830.jpg;100858.jpg;100960.jpg
145162.jpg;000146.jpg;137667.jpg
171290.jpg;171314.jpg;133256.jpg
092909.jpg;119701.jpg;065494.jpg
036340.jpg;077561.jpg;026346.jpg
154989.jpg;052794.jpg;032999.jpg
172095.jpg;166402.jpg;114237.jpg
189965.jpg;196216.jpg;097502.jpg
173842.jpg;181009.jpg;101717.jpg
174536.jpg;170167.jpg;179731.jpg
121821.jpg;015500.jpg;044976.jpg
173033.jpg;182459.jpg;009616.jpg
106529.jpg;144536.jpg;190485.jpg
105440.jpg;003259.jpg;050227.jpg
143126.jpg;098880.jpg;095750.jpg
138981.jpg;100819.jpg;187523.jpg
040539.jpg;139741.jpg;112986.jpg
018160.jpg;099429.jpg;135901.jpg
190947.jpg;183986.jpg;062836.jpg
150731.jpg;157020.jpg;166501.jpg
050626.jpg;021085.jpg;014028.jpg
041938.jpg;095241.jpg;089472.jpg
020993.jpg;085963.jpg;009807.jpg
136587.jpg;070038.jpg;096581.jpg
167626.jpg;169696.jpg;197200.jpg
142405.jpg;149405.jpg;116595.jpg
001942.jpg;051541.jpg;011638.jpg
056318.jpg;071677.jpg;051473.jpg
199141.jpg;195883.jpg;076124.jpg
093077.jpg;031477.jpg;081051.jpg
038513.jpg;150634.jpg;112500.jpg
145001.jpg;151095.jpg;178737.jpg
039463.jpg;116983.jpg;036663.jpg
183160.jpg;183329.jpg;192723.jpg
149625.jpg;041255.jpg;125897.jpg
132692.jpg;145325.jpg;091518.jpg
189448.jpg;202357.jpg;056867.jpg
070880.jpg;045536.jpg;125976.jpg
006264.jpg;037279.jpg;197866.jpg
106183.jpg;012990.jpg;133542.jpg
011460.jpg;118482.jpg;059509.jpg
016260.jpg;061505.jpg;108814.jpg
025785.jpg;119860.jpg;035340.jpg
166732.jpg;170513.jpg;141229.jpg
148032.jpg;027133.jpg;110647.jpg
005053.jpg;100529.jpg;061010.jpg
129692.jpg;148451.jpg;054301.jpg
140317.jpg;116142.jpg;078267.jpg
114568.jpg;022615.jpg;184557.jpg
120549.jpg;053533.jpg;046068.jpg
020034.jpg;084072.jpg;028325.jpg
123503.jpg;064817.jpg;078329.jpg
165842.jpg;171691.jpg;080434.jpg
089018.jpg;157310.jpg;095918.jpg
012016.jpg;016989.jpg;097872.jpg
148366.jpg;047990.jpg;052470.jpg
167080.jpg;165584.jpg;008351.jpg
010905.jpg;161976.jpg;059060.jpg
016751.jpg;158559.jpg;118923.jpg
107358.jpg;161196.jpg;001485.jpg
114518.jpg;064739.jpg;141145.jpg
201298.jpg;199715.jpg;118250.jpg
068983.jpg;097496.jpg;111224.jpg
069416.jpg;001007.jpg;128909.jpg
064468.jpg;111908.jpg;076916.jpg
058230.jpg;094420.jpg;053541.jpg
058959.jpg;025706.jpg;010127.jpg
126650.jpg;135884.jpg;065495.jpg
120708.jpg;129420.jpg;080512.jpg
122360.jpg;048975.jpg;068082.jpg
008741.jpg;042494.jpg;006015.jpg
128613.jpg;090459.jpg;089959.jpg
193175.jpg;193932.jpg;166900.jpg
070580.jpg;021989.jpg;051464.jpg
071691.jpg;138787.jpg;090437.jpg
095021.jpg;114091.jpg;012291.jpg
152450.jpg;035856.jpg;164285.jpg
185994.jpg;201194.jpg;151985.jpg
021239.jpg;158439.jpg;102569.jpg
127012.jpg;002680.jpg;050632.jpg
093642.jpg;110285.jpg;200460.jpg
141796.jpg;035430.jpg;019267.jpg
128308.jpg;043143.jpg;025005.jpg
079367.jpg;122563.jpg;146369.jpg
116778.jpg;115728.jpg;156159.jpg
185267.jpg;183756.jpg;100463.jpg
201594.jpg;188185.jpg;174931.jpg
085890.jpg;098857.jpg;178783.jpg
005812.jpg;144767.jpg;125368.jpg
057900.jpg;137502.jpg;116292.jpg
128585.jpg;000191.jpg;132431.jpg
103891.jpg;010902.jpg;077289.jpg
186739.jpg;184800.jpg;152681.jpg
003539.jpg;140847.jpg;155943.jpg
118860.jpg;042511.jpg;058986.jpg
114258.jpg;084841.jpg;191648.jpg
103879.jpg;114132.jpg;109157.jpg
173249.jpg;166701.jpg;092907.jpg
109742.jpg;126688.jpg;149068.jpg
080716.jpg;134401.jpg;043931.jpg
038430.jpg;018786.jpg;092052.jpg
130246.jpg;078863.jpg;147935.jpg
050142.jpg;055271.jpg;043793.jpg
180485.jpg;174037.jpg;130427.jpg
068139.jpg;128337.jpg;165461.jpg
141273.jpg;139905.jpg;016781.jpg
011758.jpg;064261.jpg;169633.jpg
202536.jpg;196774.jpg;118686.jpg
042935.jpg;038425.jpg;086598.jpg
051593.jpg;098081.jpg;103258.jpg
184675.jpg;199243.jpg;101349.jpg
190439.jpg;193677.jpg;052001.jpg
033548.jpg;026447.jpg;140299.jpg
164274.jpg;180683.jpg;009632.jpg
135844.jpg;093879.jpg;016423.jpg
009612.jpg;016918.jpg;125622.jpg
023324.jpg;074991.jpg;170849.jpg
105664.jpg;020782.jpg;076621.jpg
012671.jpg;041656.jpg;073588.jpg
199033.jpg;201929.jpg;125992.jpg
009208.jpg;123440.jpg;171308.jpg
194346.jpg;185824.jpg;096415.jpg
044644.jpg;118669.jpg;192284.jpg
137142.jpg;138327.jpg;070545.jpg
065959.jpg;159054.jpg;174006.jpg
001754.jpg;090446.jpg;110289.jpg
147540.jpg;001715.jpg;169159.jpg
018542.jpg;096363.jpg;076458.jpg
195326.jpg;183556.jpg;039310.jpg
128081.jpg;043255.jpg;135016.jpg
074307.jpg;008709.jpg;025736.jpg
025025.jpg;122687.jpg;035866.jpg
190042.jpg;188663.jpg;015259.jpg
095790.jpg;149496.jpg;184733.jpg
091374.jpg;035332.jpg;020216.jpg
195442.jpg;191055.jpg;192287.jpg
060492.jpg;126728.jpg;011730.jpg
001236.jpg;157610.jpg;192224.jpg
109896.jpg;025620.jpg;078906.jpg
144656.jpg;143286.jpg;084715.jpg
081827.jpg;037402.jpg;082706.jpg
116733.jpg;008257.jpg;120595.jpg
153172.jpg;160082.jpg;046361.jpg
151470.jpg;081680.jpg;124697.jpg
180529.jpg;177855.jpg;079186.jpg
195238.jpg;202349.jpg;073836.jpg
024900.jpg;026187.jpg;036106.jpg
091959.jpg;118510.jpg;020991.jpg
085494.jpg;081522.jpg;084560.jpg
119888.jpg;148839.jpg;147047.jpg
063452.jpg;160710.jpg;139877.jpg
107089.jpg;088403.jpg;149939.jpg
111236.jpg;080148.jpg;190552.jpg
059160.jpg;066216.jpg;137042.jpg
046147.jpg;132198.jpg;105702.jpg
141484.jpg;109157.jpg;098514.jpg
005027.jpg;057412.jpg;026506.jpg
088898.jpg;082876.jpg;094473.jpg
175486.jpg;163360.jpg;003553.jpg
091373.jpg;024474.jpg;115534.jpg
073795.jpg;065340.jpg;047298.jpg
047893.jpg;015295.jpg;165354.jpg
157286.jpg;024502.jpg;005077.jpg
084110.jpg;161389.jpg;187406.jpg
054000.jpg;132354.jpg;060063.jpg
052418.jpg;018024.jpg;076271.jpg
004372.jpg;044610.jpg;011942.jpg
084611.jpg;157422.jpg;102092.jpg
136277.jpg;134923.jpg;193557.jpg
173805.jpg;175313.jpg;086988.jpg
078179.jpg;083923.jpg;071136.jpg
039654.jpg;160443.jpg;104436.jpg
041150.jpg;056298.jpg;133440.jpg
089261.jpg;078810.jpg;080557.jpg
003712.jpg;061041.jpg;047503.jpg
155921.jpg;049184.jpg;168331.jpg
063306.jpg;154322.jpg;164728.jpg
126629.jpg;059726.jpg;079469.jpg
136450.jpg;053286.jpg;076230.jpg
047664.jpg;012982.jpg;087568.jpg
190802.jpg;193967.jpg;043269.jpg
063187.jpg;028201.jpg;169716.jpg
152815.jpg;125710.jpg;183080.jpg
171679.jpg;181284.jpg;079729.jpg
186343.jpg;182641.jpg;055659.jpg
172706.jpg;178075.jpg;069623.jpg
034299.jpg;131892.jpg;186439.jpg
105638.jpg;161955.jpg;185451.jpg
172649.jpg;177658.jpg;090415.jpg
058432.jpg;147368.jpg;123561.jpg
156098.jpg;008882.jpg;034639.jpg
158581.jpg;038518.jpg;101812.jpg
014329.jpg;051791.jpg;025189.jpg
032827.jpg;162546.jpg;086872.jpg
070978.jpg;133439.jpg;167976.jpg
059911.jpg;092366.jpg;200398.jpg
113914.jpg;108173.jpg;049466.jpg
080729.jpg;077157.jpg;173938.jpg
088950.jpg;078038.jpg;001074.jpg
113706.jpg;138077.jpg;137215.jpg
158826.jpg;041811.jpg;073156.jpg
007734.jpg;050799.jpg;156417.jpg
039010.jpg;055321.jpg;117494.jpg
138504.jpg;102988.jpg;058188.jpg
103408.jpg;081885.jpg;115803.jpg
113090.jpg;072244.jpg;125881.jpg
061995.jpg;108242.jpg;001515.jpg
139586.jpg;115076.jpg;089543.jpg
000266.jpg;133429.jpg;176336.jpg
110908.jpg;017136.jpg;133663.jpg
153448.jpg;096768.jpg;085788.jpg
138915.jpg;035240.jpg;094737.jpg
017729.jpg;096799.jpg;045969.jpg
120052.jpg;050319.jpg;163272.jpg
040758.jpg;099299.jpg;037247.jpg
001546.jpg;057387.jpg;163135.jpg
053734.jpg;047702.jpg;122267.jpg
147363.jpg;097242.jpg;083341.jpg
120794.jpg;035174.jpg;068921.jpg
140076.jpg;100246.jpg;018403.jpg
140460.jpg;077955.jpg;021619.jpg
038076.jpg;025026.jpg;090902.jpg
031534.jpg;138552.jpg;189129.jpg
048777.jpg;159899.jpg;082076.jpg
066565.jpg;024172.jpg;163911.jpg
050415.jpg;019174.jpg;044596.jpg
060846.jpg;056503.jpg;199068.jpg
033636.jpg;016547.jpg;198949.jpg
045909.jpg;097837.jpg;095669.jpg
151028.jpg;145223.jpg;155757.jpg
151325.jpg;097466.jpg;026994.jpg
166129.jpg;172190.jpg;197146.jpg
023806.jpg;052437.jpg;018320.jpg
180507.jpg;167721.jpg;100699.jpg
053242.jpg;084828.jpg;058558.jpg
110792.jpg;076465.jpg;140327.jpg
135498.jpg;062903.jpg;150590.jpg
133839.jpg;011093.jpg;160516.jpg
078704.jpg;087554.jpg;089592.jpg
005188.jpg;077888.jpg;076100.jpg
070041.jpg;141113.jpg;132597.jpg
049428.jpg;141793.jpg;084399.jpg
007808.jpg;088045.jpg;184432.jpg
090543.jpg;118325.jpg;182424.jpg
054220.jpg;135100.jpg;014299.jpg
027248.jpg;072444.jpg;096541.jpg
041955.jpg;035553.jpg;106105.jpg
113585.jpg;000556.jpg;173413.jpg
130948.jpg;075129.jpg;144188.jpg
099362.jpg;077501.jpg;151889.jpg
053786.jpg;153963.jpg;082445.jpg
182810.jpg;201521.jpg;182055.jpg
166615.jpg;163855.jpg;022062.jpg
038852.jpg;092082.jpg;149862.jpg
157017.jpg;123014.jpg;165388.jpg
045440.jpg;116953.jpg;151672.jpg
140958.jpg;008537.jpg;037958.jpg
092680.jpg;121485.jpg;144563.jpg
088632.jpg;040873.jpg;194934.jpg
147217.jpg;094619.jpg;135376.jpg
032699.jpg;057311.jpg;008023.jpg
114505.jpg;145082.jpg;073201.jpg
004332.jpg;159455.jpg;032833.jpg
132170.jpg;155453.jpg;193212.jpg
159332.jpg;152926.jpg;120480.jpg
009576.jpg;152892.jpg;182602.jpg
035269.jpg;081165.jpg;094193.jpg
141070.jpg;104795.jpg;196507.jpg
091768.jpg;130313.jpg;163383.jpg
051711.jpg;072632.jpg;010814.jpg
196628.jpg;195821.jpg;073442.jpg
043307.jpg;009514.jpg;173440.jpg
170997.jpg;168374.jpg;044014.jpg
194723.jpg;185303.jpg;037466.jpg
014743.jpg;142059.jpg;041126.jpg
066722.jpg;074762.jpg;068549.jpg
117756.jpg;088713.jpg;057668.jpg
168774.jpg;170279.jpg;100765.jpg
171703.jpg;171336.jpg;062681.jpg
104890.jpg;062368.jpg;107098.jpg
130158.jpg;054689.jpg;200754.jpg
079111.jpg;020195.jpg;074668.jpg
149898.jpg;017472.jpg;028042.jpg
093350.jpg;138055.jpg;134222.jpg
186439.jpg;191089.jpg;035263.jpg
151152.jpg;071897.jpg;192423.jpg
035323.jpg;006571.jpg;138886.jpg
175779.jpg;178790.jpg;093649.jpg
117012.jpg;082428.jpg;010708.jpg
076107.jpg;082542.jpg;125569.jpg
156261.jpg;095161.jpg;186492.jpg
098736.jpg;084825.jpg;196733.jpg
026524.jpg;071414.jpg;051589.jpg
181231.jpg;175591.jpg;004506.jpg
165241.jpg;169478.jpg;089004.jpg
192093.jpg;183181.jpg;162630.jpg
103128.jpg;137483.jpg;127492.jpg
128763.jpg;117263.jpg;101813.jpg
144813.jpg;066767.jpg;111438.jpg
118530.jpg;036212.jpg;085250.jpg
117545.jpg;030155.jpg;193744.jpg
056616.jpg;049730.jpg;070587.jpg
059487.jpg;027655.jpg;064488.jpg
112480.jpg;085327.jpg;192592.jpg
193959.jpg;186957.jpg;055636.jpg
146957.jpg;144288.jpg;045582.jpg
001938.jpg;130624.jpg;185804.jpg
068056.jpg;139374.jpg;143811.jpg
172584.jpg;173825.jpg;152967.jpg
033144.jpg;051578.jpg;196583.jpg
197894.jpg;196862.jpg;132347.jpg
139898.jpg;052218.jpg;015481.jpg
086206.jpg;092239.jpg;044202.jpg
153941.jpg;091595.jpg;142947.jpg
049186.jpg;049629.jpg;104262.jpg
182963.jpg;189041.jpg;113257.jpg
038833.jpg;037243.jpg;101519.jpg
144508.jpg;149056.jpg;019794.jpg
008231.jpg;110071.jpg;143840.jpg
068884.jpg;006969.jpg;107312.jpg
005828.jpg;080155.jpg;141079.jpg
178372.jpg;172073.jpg;155918.jpg
112177.jpg;017866.jpg;198341.jpg
041340.jpg;061654.jpg;019167.jpg
157858.jpg;121789.jpg;154776.jpg
175094.jpg;173941.jpg;150551.jpg
022420.jpg;127370.jpg;096393.jpg
077690.jpg;134752.jpg;179110.jpg
110190.jpg;085734.jpg;154218.jpg
020781.jpg;033712.jpg;032329.jpg
165516.jpg;174463.jpg;201907.jpg
167401.jpg;166770.jpg;028482.jpg
075372.jpg;020606.jpg;073310.jpg
034258.jpg;036298.jpg;165337.jpg
059892.jpg;109811.jpg;099555.jpg
084341.jpg;085717.jpg;047949.jpg
068685.jpg;001290.jpg;016061.jpg
179795.jpg;172105.jpg;167465.jpg
029101.jpg;138026.jpg;013766.jpg
091533.jpg;077575.jpg;062219.jpg
005415.jpg;048963.jpg;174314.jpg
187039.jpg;188559.jpg;021694.jpg
029541.jpg;021538.jpg;000501.jpg
136965.jpg;114640.jpg;054635.jpg
089305.jpg;106947.jpg;061041.jpg
108075.jpg;124369.jpg;021722.jpg
107079.jpg;058529.jpg;138374.jpg
077695.jpg;076138.jpg;140254.jpg
031284.jpg;021994.jpg;035836.jpg
100037.jpg;097538.jpg;179353.jpg
122371.jpg;101173.jpg;053759.jpg
190455.jpg;193577.jpg;186032.jpg
198942.jpg;191412.jpg;198783.jpg
102432.jpg;063847.jpg;186908.jpg
144510.jpg;158425.jpg;149671.jpg
189284.jpg;189963.jpg;102462.jpg
191579.jpg;185345.jpg;186220.jpg
153782.jpg;006495.jpg;140352.jpg
165475.jpg;176735.jpg;198543.jpg
102721.jpg;146186.jpg;132308.jpg
060831.jpg;156902.jpg;107651.jpg
118685.jpg;063013.jpg;192337.jpg
144116.jpg;108257.jpg;102373.jpg
184835.jpg;195568.jpg;091781.jpg
162271.jpg;108211.jpg;093703.jpg
064132.jpg;083102.jpg;042363.jpg
008039.jpg;058435.jpg;013121.jpg
162527.jpg;077291.jpg;008159.jpg
041464.jpg;121902.jpg;163552.jpg
016428.jpg;026106.jpg;108377.jpg
001561.jpg;098100.jpg;152531.jpg
120988.jpg;127827.jpg;031564.jpg
138254.jpg;072796.jpg;002271.jpg
064952.jpg;095473.jpg;082687.jpg
056985.jpg;145781.jpg;037247.jpg
101289.jpg;095984.jpg;151075.jpg
104280.jpg;073451.jpg;055465.jpg
162457.jpg;005305.jpg;104876.jpg
185013.jpg;195828.jpg;161927.jpg
124793.jpg;002669.jpg;191072.jpg
040213.jpg;024471.jpg;122550.jpg
054271.jpg;156807.jpg;158160.jpg
094142.jpg;039733.jpg;018977.jpg
103073.jpg;037409.jpg;042007.jpg
012375.jpg;061030.jpg;050847.jpg
076541.jpg;073645.jpg;050367.jpg
196094.jpg;199436.jpg;105556.jpg
009533.jpg;154243.jpg;029712.jpg
146201.jpg;157762.jpg;136198.jpg
145679.jpg;009923.jpg;005237.jpg
129331.jpg;029707.jpg;057389.jpg
014261.jpg;000849.jpg;082314.jpg
110423.jpg;108609.jpg;076214.jpg
149763.jpg;013846.jpg;153509.jpg
033180.jpg;095675.jpg;156228.jpg
057849.jpg;152760.jpg;145418.jpg
109073.jpg;142814.jpg;194529.jpg
172548.jpg;166771.jpg;038132.jpg
078106.jpg;148891.jpg;104096.jpg
174663.jpg;164700.jpg;011531.jpg
039590.jpg;140053.jpg;131940.jpg
080987.jpg;158867.jpg;116213.jpg
130910.jpg;103822.jpg;172231.jpg
033802.jpg;116280.jpg;037138.jpg
175294.jpg;169062.jpg;116618.jpg
131569.jpg;079209.jpg;163047.jpg
180265.jpg;168905.jpg;048453.jpg
083267.jpg;150162.jpg;107330.jpg
052227.jpg;018609.jpg;181014.jpg
171561.jpg;172372.jpg;059921.jpg
081361.jpg;036126.jpg;011949.jpg
151920.jpg;120914.jpg;157749.jpg
187262.jpg;189161.jpg;166985.jpg
067018.jpg;117228.jpg;006590.jpg
195167.jpg;192698.jpg;107325.jpg
028499.jpg;096196.jpg;000855.jpg
013605.jpg;043385.jpg;057204.jpg
049887.jpg;007604.jpg;097205.jpg
049801.jpg;018506.jpg;038872.jpg
037459.jpg;066016.jpg;179699.jpg
089675.jpg;049644.jpg;099716.jpg
128156.jpg;127624.jpg;183066.jpg
067140.jpg;137607.jpg;117233.jpg
103822.jpg;017089.jpg;030969.jpg
087016.jpg;014145.jpg;019010.jpg
096957.jpg;136326.jpg;132951.jpg
006886.jpg;034074.jpg;026506.jpg
115115.jpg;086620.jpg;012457.jpg
168850.jpg;179983.jpg;166134.jpg
131071.jpg;144812.jpg;115318.jpg
151753.jpg;137834.jpg;111444.jpg
127147.jpg;160275.jpg;200706.jpg
183673.jpg;194642.jpg;073483.jpg
155046.jpg;009221.jpg;044925.jpg
005345.jpg;028683.jpg;199690.jpg
105458.jpg;085685.jpg;053590.jpg
015265.jpg;123862.jpg;086177.jpg
175276.jpg;176699.jpg;152598.jpg
116357.jpg;042413.jpg;077265.jpg
039647.jpg;068749.jpg;164070.jpg
064832.jpg;161745.jpg;121499.jpg
060904.jpg;042952.jpg;131567.jpg
172732.jpg;182473.jpg;115612.jpg
009354.jpg;006479.jpg;023284.jpg
131693.jpg;055682.jpg;023125.jpg
055085.jpg;088093.jpg;086100.jpg
180133.jpg;169893.jpg;155756.jpg
168768.jpg;179953.jpg;134335.jpg
131472.jpg;077618.jpg;199313.jpg
003519.jpg;003167.jpg;030726.jpg
025004.jpg;143995.jpg;045785.jpg
046179.jpg;055909.jpg;048519.jpg
041210.jpg;151497.jpg;172726.jpg
186016.jpg;187143.jpg;010244.jpg
086581.jpg;030626.jpg;043278.jpg
037232.jpg;006079.jpg;087465.jpg
111544.jpg;117563.jpg;166893.jpg
113491.jpg;016209.jpg;187071.jpg
073599.jpg;091697.jpg;193606.jpg
166973.jpg;171920.jpg;183445.jpg
114434.jpg;118561.jpg;182983.jpg
007087.jpg;014008.jpg;130450.jpg
137739.jpg;137109.jpg;063818.jpg
070995.jpg;054229.jpg;048883.jpg
094253.jpg;034141.jpg;001820.jpg
008975.jpg;153471.jpg;020883.jpg
131053.jpg;048655.jpg;150849.jpg
063227.jpg;041355.jpg;062805.jpg
050523.jpg;142708.jpg;148703.jpg
135331.jpg;087147.jpg;182605.jpg
040291.jpg;058798.jpg;161585.jpg
008796.jpg;120642.jpg;067176.jpg
125791.jpg;058632.jpg;058047.jpg
171421.jpg;179261.jpg;152342.jpg
091000.jpg;082546.jpg;057395.jpg
104388.jpg;109753.jpg;192041.jpg
049738.jpg;077612.jpg;059895.jpg
043582.jpg;052324.jpg;025113.jpg
168776.jpg;179363.jpg;151075.jpg
154971.jpg;038178.jpg;104176.jpg
076656.jpg;076185.jpg;085823.jpg
012283.jpg;039482.jpg;187914.jpg
071147.jpg;035799.jpg;016733.jpg
136663.jpg;049850.jpg;112588.jpg
054071.jpg;036042.jpg;182722.jpg
091240.jpg;119318.jpg;034157.jpg
130015.jpg;131875.jpg;088486.jpg
012249.jpg;104939.jpg;009250.jpg
051841.jpg;065296.jpg;115064.jpg
040939.jpg;055566.jpg;127949.jpg
193701.jpg;200195.jpg;061966.jpg
038266.jpg;097702.jpg;095193.jpg
118506.jpg;158202.jpg;024181.jpg
160341.jpg;042294.jpg;191378.jpg
117563.jpg;044331.jpg;110372.jpg
081526.jpg;107404.jpg;035702.jpg
119276.jpg;011876.jpg;003511.jpg
095073.jpg;114840.jpg;168487.jpg
040295.jpg;144106.jpg;017601.jpg
192930.jpg;198083.jpg;008501.jpg
046950.jpg;028250.jpg;096783.jpg
130386.jpg;006510.jpg;023853.jpg
037649.jpg;136105.jpg;114184.jpg
106440.jpg;115805.jpg;009180.jpg
180238.jpg;178324.jpg;046531.jpg
100418.jpg;125626.jpg;036715.jpg
025751.jpg;076046.jpg;183288.jpg
116717.jpg;104631.jpg;002960.jpg
198298.jpg;184888.jpg;012271.jpg
022346.jpg;159197.jpg;010928.jpg
014268.jpg;157837.jpg;022991.jpg
027828.jpg;034613.jpg;163820.jpg
092975.jpg;006420.jpg;058018.jpg
108124.jpg;080364.jpg;063802.jpg
068672.jpg;058246.jpg;066633.jpg
033340.jpg;082549.jpg;132393.jpg
113593.jpg;061978.jpg;085713.jpg
080951.jpg;011992.jpg;069060.jpg
165439.jpg;170239.jpg;010338.jpg
186070.jpg;189903.jpg;019672.jpg
063434.jpg;055596.jpg;133709.jpg
015166.jpg;052635.jpg;138775.jpg
045880.jpg;101353.jpg;185785.jpg
160013.jpg;002441.jpg;070206.jpg
081445.jpg;090882.jpg;100918.jpg
141731.jpg;004287.jpg;001479.jpg
076117.jpg;047609.jpg;061058.jpg
103058.jpg;028242.jpg;025489.jpg
109414.jpg;105570.jpg;046183.jpg
136012.jpg;110422.jpg;140044.jpg
122456.jpg;037852.jpg;078101.jpg
088867.jpg;047976.jpg;007240.jpg
054759.jpg;076682.jpg;169500.jpg
073683.jpg;056727.jpg;132888.jpg
004932.jpg;150173.jpg;062234.jpg
022709.jpg;100369.jpg;074954.jpg
052341.jpg;006324.jpg;141331.jpg
184981.jpg;185542.jpg;085805.jpg
010418.jpg;129523.jpg;059416.jpg
027858.jpg;135529.jpg;099029.jpg
197098.jpg;189468.jpg;012415.jpg
007887.jpg;122735.jpg;097367.jpg
050547.jpg;095788.jpg;102215.jpg
059081.jpg;137734.jpg;133640.jpg
138145.jpg;147872.jpg;087854.jpg
146057.jpg;160241.jpg;160206.jpg
088953.jpg;050263.jpg;132851.jpg
075820.jpg;090305.jpg;078778.jpg
146643.jpg;003706.jpg;048380.jpg
098810.jpg;161469.jpg;089501.jpg
134047.jpg;131442.jpg;132998.jpg
176421.jpg;162949.jpg;031426.jpg
105800.jpg;093755.jpg;054988.jpg
171202.jpg;173533.jpg;034905.jpg
047306.jpg;026328.jpg;149939.jpg
195763.jpg;191783.jpg;189550.jpg
050688.jpg;032303.jpg;099050.jpg
021826.jpg;089681.jpg;031956.jpg
121611.jpg;123503.jpg;091228.jpg
060366.jpg;142353.jpg;183470.jpg
060989.jpg;105165.jpg;010193.jpg
166387.jpg;167447.jpg;004001.jpg
064378.jpg;055305.jpg;196305.jpg
060988.jpg;153257.jpg;093397.jpg
050180.jpg;104363.jpg;109233.jpg
011826.jpg;078128.jpg;024500.jpg
100115.jpg;036673.jpg;141096.jpg
097209.jpg;006921.jpg;194361.jpg
135710.jpg;013683.jpg;180581.jpg
115354.jpg;044725.jpg;185532.jpg
121156.jpg;082735.jpg;166851.jpg
097904.jpg;159756.jpg;014891.jpg
127238.jpg;154730.jpg;102138.jpg
031687.jpg;089262.jpg;074411.jpg
186766.jpg;187868.jpg;116008.jpg
164945.jpg;164943.jpg;075288.jpg
062265.jpg;042608.jpg;192806.jpg
095150.jpg;074812.jpg;145028.jpg
015742.jpg;067953.jpg;081350.jpg
143732.jpg;152402.jpg;167619.jpg
145762.jpg;099591.jpg;121737.jpg
013814.jpg;045489.jpg;087601.jpg
075800.jpg;012490.jpg;100298.jpg
042323.jpg;028280.jpg;190327.jpg
143292.jpg;047184.jpg;070598.jpg
128251.jpg;044308.jpg;099509.jpg
200038.jpg;186264.jpg;160494.jpg
159760.jpg;030473.jpg;028357.jpg
140458.jpg;005317.jpg;143031.jpg
168599.jpg;176937.jpg;042141.jpg
073472.jpg;015818.jpg;172201.jpg
184885.jpg;187384.jpg;057685.jpg
093551.jpg;026480.jpg;141207.jpg
035888.jpg;153862.jpg;121222.jpg
067292.jpg;000073.jpg;168762.jpg
087030.jpg;064508.jpg;091278.jpg
199316.jpg;192990.jpg;020402.jpg
082074.jpg;160549.jpg;088369.jpg
042286.jpg;158484.jpg;014840.jpg
107287.jpg;048226.jpg;144705.jpg
061880.jpg;092053.jpg;170980.jpg
007749.jpg;081493.jpg;064316.jpg
188681.jpg;187929.jpg;088315.jpg
037787.jpg;045650.jpg;101835.jpg
136889.jpg;038564.jpg;170854.jpg
192341.jpg;188323.jpg;194031.jpg
121874.jpg;064609.jpg;056801.jpg
127011.jpg;087891.jpg;033610.jpg
199664.jpg;189598.jpg;100840.jpg
119128.jpg;011805.jpg;134340.jpg
111276.jpg;053885.jpg;101166.jpg
150317.jpg;054885.jpg;023091.jpg
085824.jpg;157543.jpg;109317.jpg
197777.jpg;194864.jpg;113868.jpg
079457.jpg;017285.jpg;049514.jpg
174491.jpg;180027.jpg;034129.jpg
023049.jpg;083349.jpg;102001.jpg
179306.jpg;167538.jpg;055888.jpg
034645.jpg;122982.jpg;034049.jpg
089698.jpg;146483.jpg;025858.jpg
002480.jpg;108052.jpg;011775.jpg
171580.jpg;178278.jpg;064719.jpg
092299.jpg;105022.jpg;124945.jpg
158644.jpg;118176.jpg;014496.jpg
141038.jpg;145483.jpg;077560.jpg
078578.jpg;039551.jpg;109108.jpg
131111.jpg;081287.jpg;150138.jpg
197133.jpg;186725.jpg;025163.jpg
142401.jpg;107584.jpg;138741.jpg
029446.jpg;068220.jpg;027672.jpg
082488.jpg;053397.jpg;007317.jpg
099262.jpg;132639.jpg;001299.jpg
142926.jpg;036738.jpg;082563.jpg
092982.jpg;117116.jpg;055536.jpg
067570.jpg;047170.jpg;075377.jpg
036277.jpg;152181.jpg;192385.jpg
065558.jpg;068492.jpg;171811.jpg
148966.jpg;093646.jpg;154618.jpg
195809.jpg;198808.jpg;130679.jpg
199935.jpg;201030.jpg;135367.jpg
010198.jpg;057937.jpg;088559.jpg
101299.jpg;149705.jpg;149262.jpg
057426.jpg;146481.jpg;064341.jpg
120103.jpg;112245.jpg;043070.jpg
173060.jpg;173751.jpg;123902.jpg
029352.jpg;150594.jpg;140145.jpg
119583.jpg;008147.jpg;120528.jpg
192396.jpg;202243.jpg;009414.jpg
041552.jpg;110630.jpg;031782.jpg
066595.jpg;009392.jpg;032155.jpg
195749.jpg;198500.jpg;144900.jpg
152737.jpg;011258.jpg;030767.jpg
044917.jpg;122720.jpg;045011.jpg
191995.jpg;192119.jpg;117138.jpg
063181.jpg;056095.jpg;135481.jpg
133637.jpg;012596.jpg;002084.jpg
036155.jpg;026160.jpg;090717.jpg
145841.jpg;016530.jpg;174646.jpg
124583.jpg;106396.jpg;126601.jpg
187313.jpg;197868.jpg;010808.jpg
176914.jpg;168826.jpg;116030.jpg
098404.jpg;099788.jpg;052130.jpg
047380.jpg;152006.jpg;056744.jpg
034858.jpg;059917.jpg;013300.jpg
052343.jpg;001173.jpg;159921.jpg
016829.jpg;154613.jpg;092857.jpg
128398.jpg;025772.jpg;034668.jpg
173830.jpg;164989.jpg;149347.jpg
194384.jpg;189287.jpg;038452.jpg
050778.jpg;039263.jpg;136965.jpg
006166.jpg;103972.jpg;186997.jpg
049184.jpg;019758.jpg;107010.jpg
188292.jpg;191333.jpg;048476.jpg
047088.jpg;155157.jpg;067916.jpg
087150.jpg;090899.jpg;091165.jpg
034381.jpg;105880.jpg;166044.jpg
088348.jpg;070412.jpg;062468.jpg
016159.jpg;060347.jpg;101591.jpg
041953.jpg;049819.jpg;085839.jpg
059828.jpg;013464.jpg;055077.jpg
074017.jpg;078683.jpg;052864.jpg
095762.jpg;034630.jpg;056744.jpg
154482.jpg;069003.jpg;052810.jpg
117602.jpg;005504.jpg;052509.jpg
177132.jpg;181868.jpg;083708.jpg
141455.jpg;039016.jpg;200983.jpg
091127.jpg;039455.jpg;134491.jpg
002306.jpg;108534.jpg;045655.jpg
114229.jpg;120419.jpg;063175.jpg
089099.jpg;158153.jpg;170432.jpg
023284.jpg;125531.jpg;005158.jpg
075275.jpg;067915.jpg;168115.jpg
060962.jpg;006259.jpg;090230.jpg
061247.jpg;154939.jpg;107296.jpg
090847.jpg;006634.jpg;052894.jpg
028593.jpg;137984.jpg;066239.jpg
085899.jpg;019315.jpg;166391.jpg
089617.jpg;028296.jpg;026383.jpg
037974.jpg;152372.jpg;007161.jpg
126504.jpg;158749.jpg;024093.jpg
159562.jpg;001439.jpg;085026.jpg
016621.jpg;043377.jpg;061977.jpg
122166.jpg;011017.jpg;114994.jpg
048823.jpg;102288.jpg;162078.jpg
124460.jpg;135469.jpg;126236.jpg
182038.jpg;172306.jpg;097125.jpg
125550.jpg;068582.jpg;141862.jpg
003664.jpg;058957.jpg;101247.jpg
117435.jpg;021227.jpg;004277.jpg
039388.jpg;098669.jpg;018690.jpg
163031.jpg;163899.jpg;091152.jpg
030455.jpg;012861.jpg;023584.jpg
074696.jpg;113088.jpg;067621.jpg
059351.jpg;120752.jpg;061478.jpg
049898.jpg;077589.jpg;026500.jpg
082543.jpg;078024.jpg;112920.jpg
101745.jpg;083943.jpg;032644.jpg
045820.jpg;118372.jpg;054562.jpg
191133.jpg;182744.jpg;138851.jpg
082954.jpg;048355.jpg;180817.jpg
096212.jpg;121619.jpg;140215.jpg
099568.jpg;143445.jpg;138022.jpg
192149.jpg;185496.jpg;032610.jpg
017673.jpg;049788.jpg;021245.jpg
000228.jpg;162251.jpg;129197.jpg
056879.jpg;033841.jpg;110587.jpg
176267.jpg;175785.jpg;004658.jpg
145360.jpg;150773.jpg;007359.jpg
128638.jpg;100128.jpg;132559.jpg
002698.jpg;135586.jpg;083226.jpg
014996.jpg;027904.jpg;083357.jpg
052044.jpg;133457.jpg;162707.jpg
067127.jpg;079652.jpg;066589.jpg
121991.jpg;118393.jpg;158602.jpg
020672.jpg;120471.jpg;100892.jpg
037657.jpg;083842.jpg;178347.jpg
031789.jpg;157925.jpg;175891.jpg
036865.jpg;068293.jpg;187952.jpg
015302.jpg;032439.jpg;131295.jpg
134503.jpg;031301.jpg;031852.jpg
133737.jpg;059230.jpg;067425.jpg
106850.jpg;145566.jpg;082029.jpg
184337.jpg;182857.jpg;133274.jpg
045003.jpg;122705.jpg;190858.jpg
054511.jpg;111350.jpg;066583.jpg
199529.jpg;186664.jpg;119046.jpg
028837.jpg;077206.jpg;150179.jpg
102522.jpg;058052.jpg;196564.jpg
186918.jpg;198657.jpg;157972.jpg
041929.jpg;007861.jpg;043498.jpg
195086.jpg;186714.jpg;008221.jpg
068532.jpg;015321.jpg;036816.jpg
121135.jpg;085508.jpg;193126.jpg
087056.jpg;100519.jpg;023555.jpg
172965.jpg;172399.jpg;075427.jpg
082429.jpg;139139.jpg;165160.jpg
163558.jpg;173692.jpg;141402.jpg
113210.jpg;072245.jpg;045524.jpg
092814.jpg;043016.jpg;003120.jpg
008484.jpg;110872.jpg;030852.jpg
114268.jpg;046034.jpg;177455.jpg
042303.jpg;149086.jpg;058327.jpg
164345.jpg;168183.jpg;109527.jpg
047222.jpg;068552.jpg;042831.jpg
142641.jpg;110382.jpg;024533.jpg
190487.jpg;186571.jpg;180282.jpg
103144.jpg;111726.jpg;197290.jpg
007664.jpg;049229.jpg;154268.jpg
044395.jpg;014805.jpg;173639.jpg
058080.jpg;095183.jpg;076030.jpg
175602.jpg;175421.jpg;080284.jpg
110919.jpg;150544.jpg;145614.jpg
201753.jpg;187609.jpg;138486.jpg
187225.jpg;195277.jpg;078017.jpg
036794.jpg;113305.jpg;170667.jpg
193051.jpg;197348.jpg;175223.jpg
035878.jpg;099613.jpg;017133.jpg
070709.jpg;090845.jpg;072798.jpg
147642.jpg;096490.jpg;033797.jpg
060846.jpg;159825.jpg;101332.jpg
058308.jpg;063454.jpg;157568.jpg
025988.jpg;131230.jpg;089011.jpg
102815.jpg;114266.jpg;007769.jpg
019271.jpg;096469.jpg;184877.jpg
033008.jpg;043576.jpg;055123.jpg
022147.jpg;130280.jpg;171796.jpg
085321.jpg;106645.jpg;092586.jpg
115513.jpg;055214.jpg;059484.jpg
036215.jpg;148649.jpg;199014.jpg
013278.jpg;110032.jpg;032902.jpg
120116.jpg;037089.jpg;110444.jpg
047171.jpg;044326.jpg;188494.jpg
172955.jpg;176605.jpg;005993.jpg
083532.jpg;136700.jpg;083157.jpg
018858.jpg;071618.jpg;121456.jpg
200385.jpg;195792.jpg;188380.jpg
179368.jpg;165440.jpg;019570.jpg
149615.jpg;142324.jpg;045855.jpg
023523.jpg;082795.jpg;093246.jpg
158340.jpg;024248.jpg;126883.jpg
094230.jpg;146904.jpg;169953.jpg
118152.jpg;113508.jpg;150125.jpg
140630.jpg;005882.jpg;077748.jpg
166504.jpg;169352.jpg;045118.jpg
016374.jpg;105214.jpg;146726.jpg
124477.jpg;128499.jpg;054073.jpg
133248.jpg;050795.jpg;047904.jpg
078225.jpg;034776.jpg;059907.jpg
162876.jpg;172090.jpg;046560.jpg
061254.jpg;064365.jpg;137197.jpg
177840.jpg;171663.jpg;156642.jpg
048933.jpg;075530.jpg;032546.jpg
036489.jpg;156105.jpg;196471.jpg
062371.jpg;129750.jpg;103131.jpg
049511.jpg;116518.jpg;193051.jpg
186071.jpg;194323.jpg;164239.jpg
067595.jpg;074634.jpg;066582.jpg
081763.jpg;001174.jpg;090215.jpg
173215.jpg;164134.jpg;133871.jpg
188979.jpg;195962.jpg;098030.jpg
122541.jpg;073614.jpg;135434.jpg
153883.jpg;151862.jpg;181917.jpg
090505.jpg;135604.jpg;019394.jpg
056062.jpg;112523.jpg;050681.jpg
135807.jpg;035332.jpg;153127.jpg
173394.jpg;163600.jpg;015358.jpg
029169.jpg;151413.jpg;093623.jpg
022831.jpg;066495.jpg;185067.jpg
179462.jpg;173846.jpg;125553.jpg
028659.jpg;011160.jpg;197087.jpg
141239.jpg;146457.jpg;030938.jpg
155724.jpg;105816.jpg;193404.jpg
183997.jpg;188570.jpg;075591.jpg
143699.jpg;039438.jpg;019878.jpg
127826.jpg;031713.jpg;058353.jpg
132216.jpg;001747.jpg;049002.jpg
136418.jpg;054246.jpg;004022.jpg
083056.jpg;003120.jpg;078188.jpg
101931.jpg;050191.jpg;115113.jpg
030043.jpg;044176.jpg;018655.jpg
017441.jpg;114073.jpg;176597.jpg
018207.jpg;132235.jpg;174584.jpg
159420.jpg;151305.jpg;141967.jpg
068794.jpg;142557.jpg;191294.jpg
097445.jpg;064119.jpg;183202.jpg
095060.jpg;015765.jpg;153985.jpg
181173.jpg;179404.jpg;097771.jpg
080746.jpg;001613.jpg;025740.jpg
169197.jpg;165185.jpg;156372.jpg
155618.jpg;110574.jpg;088055.jpg
007714.jpg;098522.jpg;097149.jpg
172983.jpg;164557.jpg;139651.jpg
132117.jpg;130898.jpg;038000.jpg
003887.jpg;004155.jpg;077300.jpg
131874.jpg;162216.jpg;134392.jpg
086890.jpg;117132.jpg;166745.jpg
052754.jpg;058347.jpg;095035.jpg
177121.jpg;182262.jpg;007858.jpg
106327.jpg;058239.jpg;126418.jpg
185889.jpg;192538.jpg;177725.jpg
043030.jpg;119500.jpg;058427.jpg
157267.jpg;035590.jpg;154137.jpg
110776.jpg;108885.jpg;140443.jpg
131182.jpg;053920.jpg;165417.jpg
197692.jpg;196353.jpg;119393.jpg
042863.jpg;088348.jpg;070433.jpg
165826.jpg;181089.jpg;078415.jpg
145794.jpg;063763.jpg;174662.jpg
112016.jpg;044102.jpg;123914.jpg
121068.jpg;114774.jpg;153670.jpg
027440.jpg;159167.jpg;113931.jpg
060843.jpg;114086.jpg;201345.jpg
030707.jpg;150338.jpg;067212.jpg
197038.jpg;200509.jpg;036539.jpg
093077.jpg;029091.jpg;116989.jpg
001135.jpg;003532.jpg;183030.jpg
054853.jpg;149856.jpg;105619.jpg
038542.jpg;139157.jpg;087698.jpg
144218.jpg;016812.jpg;162188.jpg
114823.jpg;149765.jpg;019229.jpg
184164.jpg;197048.jpg;202011.jpg
067439.jpg;105144.jpg;138372.jpg
057124.jpg;129563.jpg;125356.jpg
134629.jpg;138001.jpg;114498.jpg
087561.jpg;036075.jpg;030071.jpg
095328.jpg;139089.jpg;092331.jpg
193217.jpg;195228.jpg;002555.jpg
143259.jpg;152812.jpg;019800.jpg
067149.jpg;140967.jpg;099409.jpg
165117.jpg;182046.jpg;156440.jpg
033280.jpg;116952.jpg;198864.jpg
195318.jpg;184889.jpg;167055.jpg
063965.jpg;028839.jpg;156799.jpg
173917.jpg;162909.jpg;006221.jpg
037033.jpg;018066.jpg;036609.jpg
157524.jpg;102787.jpg;197989.jpg
032367.jpg;103502.jpg;118329.jpg
160884.jpg;088670.jpg;152313.jpg
119528.jpg;154842.jpg;024988.jpg
082729.jpg;104849.jpg;189431.jpg
176833.jpg;180041.jpg;158078.jpg
061990.jpg;135369.jpg;098647.jpg
038499.jpg;026165.jpg;145284.jpg
187409.jpg;187871.jpg;069626.jpg
199341.jpg;200915.jpg;181799.jpg
139982.jpg;103690.jpg;019695.jpg
171164.jpg;165777.jpg;073998.jpg
028407.jpg;096365.jpg;152452.jpg
096785.jpg;128967.jpg;134012.jpg
143193.jpg;159309.jpg;093342.jpg
021355.jpg;118591.jpg;107588.jpg
182486.jpg;171930.jpg;092755.jpg
132127.jpg;127089.jpg;168051.jpg
056502.jpg;018030.jpg;028801.jpg
137074.jpg;141403.jpg;172692.jpg
188374.jpg;187907.jpg;060427.jpg
030162.jpg;086491.jpg;029162.jpg
183780.jpg;186756.jpg;201068.jpg
060472.jpg;143803.jpg;118243.jpg
006727.jpg;122110.jpg;027274.jpg
201887.jpg;186819.jpg;123790.jpg
174276.jpg;163027.jpg;159791.jpg
153833.jpg;068997.jpg;067946.jpg
160142.jpg;110483.jpg;107838.jpg
064352.jpg;048999.jpg;090895.jpg
126977.jpg;090083.jpg;183902.jpg
097368.jpg;014622.jpg;136970.jpg
108613.jpg;144522.jpg;063532.jpg
143745.jpg;027650.jpg;001454.jpg
145276.jpg;006006.jpg;009294.jpg
142305.jpg;138904.jpg;071200.jpg
019828.jpg;044281.jpg;079679.jpg
091856.jpg;030905.jpg;065425.jpg
092884.jpg;106378.jpg;161859.jpg
042519.jpg;155445.jpg;132139.jpg
198555.jpg;202500.jpg;084592.jpg
109877.jpg;012916.jpg;196262.jpg
117100.jpg;033415.jpg;158085.jpg
017174.jpg;023239.jpg;146380.jpg
070650.jpg;149264.jpg;009221.jpg
012565.jpg;091837.jpg;014482.jpg
009362.jpg;047830.jpg;029895.jpg
047059.jpg;111795.jpg;155650.jpg
099507.jpg;054740.jpg;059351.jpg
037899.jpg;063473.jpg;121515.jpg
128204.jpg;022072.jpg;073266.jpg
007938.jpg;093106.jpg;197944.jpg
193522.jpg;194590.jpg;079872.jpg
175540.jpg;182276.jpg;013316.jpg
110840.jpg;072681.jpg;051316.jpg
087237.jpg;027432.jpg;062624.jpg
097895.jpg;153201.jpg;143333.jpg
163657.jpg;166733.jpg;142621.jpg
097957.jpg;092943.jpg;099902.jpg
083976.jpg;054142.jpg;067289.jpg
088888.jpg;106731.jpg;123940.jpg
039017.jpg;063222.jpg;030173.jpg
054054.jpg;162129.jpg;033567.jpg
174826.jpg;181047.jpg;137491.jpg
048986.jpg;016246.jpg;122817.jpg
138604.jpg;103652.jpg;009659.jpg
202123.jpg;185686.jpg;005910.jpg
013244.jpg;033108.jpg;163547.jpg
146550.jpg;068550.jpg;108791.jpg
067631.jpg;083493.jpg;111200.jpg
063692.jpg;032035.jpg;036024.jpg
136327.jpg;054068.jpg;096458.jpg
042916.jpg;031012.jpg;131245.jpg
115952.jpg;039829.jpg;037170.jpg
173988.jpg;172782.jpg;084366.jpg
199383.jpg;194461.jpg;004514.jpg
012680.jpg;109674.jpg;004910.jpg
033855.jpg;031972.jpg;097880.jpg
150464.jpg;051125.jpg;127966.jpg
096143.jpg;143010.jpg;150399.jpg
076714.jpg;106982.jpg;070659.jpg
026952.jpg;025688.jpg;147056.jpg
133203.jpg;050403.jpg;033493.jpg
049862.jpg;097290.jpg;110503.jpg
138321.jpg;093130.jpg;162156.jpg
080708.jpg;072516.jpg;044859.jpg
158578.jpg;048604.jpg;170213.jpg
177229.jpg;175667.jpg;116838.jpg
178218.jpg;179957.jpg;082295.jpg
118274.jpg;092573.jpg;184023.jpg
088330.jpg;008428.jpg;017357.jpg
068184.jpg;088461.jpg;092281.jpg
161925.jpg;078811.jpg;112407.jpg
064707.jpg;030117.jpg;094594.jpg
102522.jpg;159689.jpg;058809.jpg
091497.jpg;109846.jpg;176740.jpg
111507.jpg;092405.jpg;042844.jpg
039344.jpg;025822.jpg;127222.jpg
159228.jpg;140082.jpg;013897.jpg
190300.jpg;200609.jpg;128694.jpg
077270.jpg;102823.jpg;081726.jpg
193082.jpg;194464.jpg;099074.jpg
095400.jpg;116941.jpg;086942.jpg
111531.jpg;106644.jpg;133314.jpg
176932.jpg;165015.jpg;104939.jpg
134072.jpg;002102.jpg;126570.jpg
082081.jpg;139697.jpg;147818.jpg
139509.jpg;127880.jpg;114589.jpg
105651.jpg;001753.jpg;105257.jpg
175676.jpg;166118.jpg;068798.jpg
135921.jpg;077559.jpg;116126.jpg
155368.jpg;135382.jpg;048524.jpg
052225.jpg;047874.jpg;187171.jpg
068886.jpg;143273.jpg;201279.jpg
121193.jpg;071199.jpg;196706.jpg
013818.jpg;028191.jpg;199704.jpg
011309.jpg;004582.jpg;109381.jpg
186930.jpg;202181.jpg;138329.jpg
113274.jpg;005576.jpg;103893.jpg
052712.jpg;099166.jpg;195569.jpg
093836.jpg;106871.jpg;048035.jpg
199689.jpg;184725.jpg;031999.jpg
133527.jpg;060702.jpg;044133.jpg
097871.jpg;052760.jpg;000962.jpg
073292.jpg;093147.jpg;155544.jpg
085817.jpg;000572.jpg;116126.jpg
129176.jpg;074314.jpg;104377.jpg
154742.jpg;012859.jpg;145490.jpg
111452.jpg;097251.jpg;061980.jpg
141535.jpg;045867.jpg;051627.jpg
197765.jpg;196756.jpg;044121.jpg
067180.jpg;089382.jpg;189506.jpg
198224.jpg;190970.jpg;097393.jpg
197450.jpg;184198.jpg;091247.jpg
093388.jpg;118219.jpg;198629.jpg
182863.jpg;196322.jpg;055623.jpg
133758.jpg;131546.jpg;175675.jpg
044855.jpg;093807.jpg;130448.jpg
174131.jpg;177417.jpg;013557.jpg
061229.jpg;081087.jpg;147420.jpg
037316.jpg;149816.jpg;161143.jpg
038839.jpg;054685.jpg;063309.jpg
144637.jpg;090529.jpg;153942.jpg
001959.jpg;029031.jpg;015023.jpg
197219.jpg;194528.jpg;116555.jpg
005085.jpg;117237.jpg;143445.jpg
194349.jpg;183922.jpg;124414.jpg
069755.jpg;073661.jpg;187735.jpg
155704.jpg;008871.jpg;138174.jpg
057519.jpg;077438.jpg;112643.jpg
164398.jpg;165674.jpg;175209.jpg
128419.jpg;154109.jpg;153697.jpg
067049.jpg;129259.jpg;159852.jpg
085143.jpg;074997.jpg;107269.jpg
149575.jpg;076544.jpg;159521.jpg
184016.jpg;201531.jpg;148656.jpg
120454.jpg;128867.jpg;036134.jpg
020505.jpg;122882.jpg;010928.jpg
141242.jpg;096155.jpg;138641.jpg
042650.jpg;096722.jpg;093987.jpg
067584.jpg;125942.jpg;082428.jpg
141356.jpg;129966.jpg;096598.jpg
197130.jpg;201085.jpg;164922.jpg
001713.jpg;124924.jpg;155818.jpg
109356.jpg;070813.jpg;085335.jpg
025411.jpg;139028.jpg;171001.jpg
187721.jpg;201982.jpg;188022.jpg
092497.jpg;074833.jpg;106748.jpg
080993.jpg;082360.jpg;112910.jpg
156480.jpg;001276.jpg;016908.jpg
130007.jpg;156535.jpg;166632.jpg
148823.jpg;142709.jpg;102512.jpg
085081.jpg;148132.jpg;143241.jpg
173974.jpg;175997.jpg;102788.jpg
136910.jpg;087315.jpg;165935.jpg
024734.jpg;127648.jpg;053042.jpg
121907.jpg;013431.jpg;107433.jpg
007736.jpg;103551.jpg;015601.jpg
044513.jpg;073015.jpg;063760.jpg
074490.jpg;066148.jpg;053352.jpg
169915.jpg;165413.jpg;185587.jpg
126564.jpg;152735.jpg;154558.jpg
178701.jpg;175857.jpg;049993.jpg
071906.jpg;149745.jpg;128556.jpg
129113.jpg;050124.jpg;082562.jpg
098737.jpg;092149.jpg;062396.jpg
003525.jpg;120767.jpg;149828.jpg
069421.jpg;130753.jpg;043347.jpg
150690.jpg;047392.jpg;108241.jpg
058234.jpg;076047.jpg;081525.jpg
166925.jpg;167526.jpg;189156.jpg
079256.jpg;060961.jpg;074574.jpg
187036.jpg;201356.jpg;027037.jpg
103982.jpg;108782.jpg;087816.jpg
057495.jpg;075929.jpg;101555.jpg
006778.jpg;045583.jpg;045993.jpg
022773.jpg;159611.jpg;114770.jpg
196473.jpg;199845.jpg;047734.jpg
059632.jpg;079309.jpg;139947.jpg
110348.jpg;022305.jpg;094037.jpg
139335.jpg;060302.jpg;201362.jpg
059390.jpg;041931.jpg;114238.jpg
099864.jpg;007626.jpg;168738.jpg
052674.jpg;142350.jpg;158919.jpg
009322.jpg;034183.jpg;137538.jpg
148833.jpg;143368.jpg;075160.jpg
120150.jpg;141308.jpg;037311.jpg
099611.jpg;026754.jpg;058922.jpg
175897.jpg;176674.jpg;091715.jpg
197547.jpg;183439.jpg;097913.jpg
024989.jpg;005410.jpg;058687.jpg
082405.jpg;025417.jpg;145177.jpg
075830.jpg;137265.jpg;191664.jpg
199015.jpg;193018.jpg;192236.jpg
060882.jpg;063480.jpg;030573.jpg
110673.jpg;140555.jpg;111154.jpg
114515.jpg;013128.jpg;095610.jpg
202457.jpg;189093.jpg;062349.jpg
184082.jpg;202204.jpg;004789.jpg
177665.jpg;177626.jpg;130357.jpg
180882.jpg;179940.jpg;189990.jpg
157395.jpg;024851.jpg;132029.jpg
012660.jpg;000716.jpg;158356.jpg
134534.jpg;049479.jpg;195380.jpg
039851.jpg;151043.jpg;053021.jpg
093747.jpg;115124.jpg;129650.jpg
064170.jpg;153591.jpg;196760.jpg
141565.jpg;077314.jpg;061352.jpg
129734.jpg;071322.jpg;166245.jpg
182495.jpg;170981.jpg;096496.jpg
151225.jpg;002077.jpg;014702.jpg
150550.jpg;047556.jpg;115049.jpg
141600.jpg;079780.jpg;037194.jpg
017226.jpg;108192.jpg;169751.jpg
070456.jpg;009058.jpg;075877.jpg
138876.jpg;095703.jpg;125545.jpg
115677.jpg;143956.jpg;115592.jpg
158051.jpg;132880.jpg;132063.jpg
003294.jpg;147060.jpg;016102.jpg
175599.jpg;165015.jpg;028837.jpg
151758.jpg;138170.jpg;136394.jpg
156976.jpg;001326.jpg;052054.jpg
107362.jpg;034469.jpg;042915.jpg
133510.jpg;031614.jpg;013087.jpg
013451.jpg;145096.jpg;184925.jpg
072877.jpg;087965.jpg;114827.jpg
170674.jpg;176832.jpg;007994.jpg
191818.jpg;185790.jpg;172701.jpg
103038.jpg;033512.jpg;062126.jpg
053212.jpg;065411.jpg;101591.jpg
123987.jpg;056487.jpg;190640.jpg
056794.jpg;005441.jpg;130034.jpg
033766.jpg;132209.jpg;169458.jpg
133786.jpg;095968.jpg;007059.jpg
111114.jpg;143218.jpg;115657.jpg
103541.jpg;044540.jpg;075862.jpg
200235.jpg;200065.jpg;192722.jpg
180313.jpg;163622.jpg;039822.jpg
173569.jpg;163408.jpg;185532.jpg
102286.jpg;023935.jpg;044648.jpg
015229.jpg;116983.jpg;165223.jpg
017152.jpg;018650.jpg;062856.jpg
199340.jpg;202365.jpg;088970.jpg
040488.jpg;001799.jpg;126164.jpg
161169.jpg;060954.jpg;017955.jpg
130547.jpg;026920.jpg;053318.jpg
034936.jpg;087545.jpg;005190.jpg
148734.jpg;090725.jpg;035832.jpg
048431.jpg;020333.jpg;179126.jpg
122663.jpg;131839.jpg;070481.jpg
176752.jpg;173992.jpg;098793.jpg
186329.jpg;188088.jpg;032228.jpg
102996.jpg;150159.jpg;034824.jpg
089786.jpg;092785.jpg;140145.jpg
100982.jpg;073486.jpg;118710.jpg
026923.jpg;150727.jpg;150525.jpg
138445.jpg;127716.jpg;157927.jpg
152060.jpg;095631.jpg;014134.jpg
177553.jpg;174468.jpg;057016.jpg
152974.jpg;157273.jpg;116888.jpg
127463.jpg;151633.jpg;018657.jpg
166092.jpg;176896.jpg;003967.jpg
073453.jpg;024793.jpg;020690.jpg
050560.jpg;131812.jpg;050706.jpg
129576.jpg;017115.jpg;073994.jpg
054429.jpg;046731.jpg;077498.jpg
081606.jpg;126957.jpg;155983.jpg
037359.jpg;033142.jpg;178672.jpg
014761.jpg;117227.jpg;033998.jpg
055967.jpg;062319.jpg;159330.jpg
020878.jpg;049827.jpg;115474.jpg
071571.jpg;065123.jpg;121152.jpg
156076.jpg;097621.jpg;162762.jpg
008121.jpg;076505.jpg;110559.jpg
194268.jpg;186122.jpg;126556.jpg
083504.jpg;157982.jpg;143688.jpg
138465.jpg;065524.jpg;180032.jpg
112231.jpg;108158.jpg;183918.jpg
088511.jpg;114101.jpg;170466.jpg
007292.jpg;052704.jpg;201694.jpg
115816.jpg;082227.jpg;017168.jpg
011070.jpg;058899.jpg;079859.jpg
036996.jpg;113508.jpg;123304.jpg
199322.jpg;192289.jpg;049366.jpg
125358.jpg;017450.jpg;047186.jpg
077910.jpg;005003.jpg;112463.jpg
170284.jpg;176709.jpg;106953.jpg
092532.jpg;030228.jpg;170283.jpg
030084.jpg;136095.jpg;130722.jpg
158640.jpg;083409.jpg;185614.jpg
060525.jpg;058240.jpg;058063.jpg
157146.jpg;100051.jpg;157201.jpg
199833.jpg;188650.jpg;009587.jpg
043547.jpg;033404.jpg;023141.jpg
001240.jpg;096752.jpg;156288.jpg
093788.jpg;115346.jpg;079088.jpg
168148.jpg;162855.jpg;115422.jpg
125040.jpg;026984.jpg;068218.jpg
088506.jpg;037780.jpg;118416.jpg
155911.jpg;157245.jpg;157256.jpg
105906.jpg;157597.jpg;168859.jpg
040394.jpg;131033.jpg;073524.jpg
190865.jpg;198549.jpg;175537.jpg
184273.jpg;190332.jpg;016041.jpg
119516.jpg;046351.jpg;157990.jpg
076408.jpg;114343.jpg;085532.jpg
178641.jpg;179732.jpg;168690.jpg
134641.jpg;026764.jpg;119472.jpg
048640.jpg;108516.jpg;016131.jpg
138340.jpg;142004.jpg;074369.jpg
110762.jpg;108633.jpg;171376.jpg
191508.jpg;193015.jpg;084672.jpg
045068.jpg;091234.jpg;037165.jpg
001181.jpg;107280.jpg;037732.jpg
152279.jpg;042847.jpg;139134.jpg
069134.jpg;106864.jpg;191468.jpg
033597.jpg;071157.jpg;033253.jpg
195440.jpg;201128.jpg;065754.jpg
105784.jpg;045512.jpg;061117.jpg
026144.jpg;070640.jpg;155957.jpg
029319.jpg;009982.jpg;183206.jpg
062560.jpg;054775.jpg;063600.jpg
165274.jpg;165383.jpg;027719.jpg
024611.jpg;025623.jpg;047263.jpg
189891.jpg;194350.jpg;145470.jpg
188440.jpg;192102.jpg;134197.jpg
030195.jpg;019182.jpg;098951.jpg
020505.jpg;069752.jpg;079912.jpg
131924.jpg;025128.jpg;154778.jpg
032055.jpg;010834.jpg;176728.jpg
029529.jpg;002474.jpg;130412.jpg
151185.jpg;079829.jpg;096505.jpg
064634.jpg;005584.jpg;034429.jpg
098282.jpg;036324.jpg;036373.jpg
127348.jpg;034067.jpg;040155.jpg
184457.jpg;185631.jpg;160301.jpg
055561.jpg;137846.jpg;072496.jpg
006296.jpg;084925.jpg;192718.jpg
031717.jpg;153157.jpg;169476.jpg
018539.jpg;130690.jpg;065056.jpg
154817.jpg;153272.jpg;137530.jpg
027396.jpg;132798.jpg;074022.jpg
117154.jpg;067496.jpg;156310.jpg
101825.jpg;086929.jpg;059036.jpg
001922.jpg;127401.jpg;021441.jpg
138295.jpg;071367.jpg;169763.jpg
181954.jpg;177585.jpg;073974.jpg
049752.jpg;002931.jpg;166584.jpg
177342.jpg;182525.jpg;024780.jpg
037543.jpg;118047.jpg;004931.jpg
114381.jpg;085816.jpg;038247.jpg
090710.jpg;075948.jpg;018489.jpg
045323.jpg;038911.jpg;083846.jpg
075591.jpg;096947.jpg;089963.jpg
016520.jpg;021770.jpg;127703.jpg
044375.jpg;011133.jpg;096012.jpg
200955.jpg;185794.jpg;092352.jpg
106540.jpg;012171.jpg;162184.jpg
052733.jpg;060321.jpg;171803.jpg
150309.jpg;114041.jpg;187108.jpg
068115.jpg;140588.jpg;037116.jpg
126967.jpg;022047.jpg;022874.jpg
161413.jpg;046485.jpg;007658.jpg
001210.jpg;018827.jpg;096093.jpg
127191.jpg;003314.jpg;040927.jpg
027351.jpg;132040.jpg;102972.jpg
136475.jpg;136470.jpg;171558.jpg
135842.jpg;011715.jpg;052251.jpg
165184.jpg;171854.jpg;064434.jpg
153929.jpg;052757.jpg;201270.jpg
111867.jpg;111378.jpg;199085.jpg
025608.jpg;014167.jpg;113201.jpg
012674.jpg;073267.jpg;173686.jpg
030900.jpg;053317.jpg;191281.jpg
192639.jpg;192555.jpg;151922.jpg
058754.jpg;157525.jpg;165593.jpg
041667.jpg;107744.jpg;018971.jpg
108843.jpg;051504.jpg;123812.jpg
036166.jpg;020112.jpg;190154.jpg
162382.jpg;116262.jpg;000947.jpg
189145.jpg;189800.jpg;181344.jpg
128322.jpg;101434.jpg;113778.jpg
015126.jpg;042937.jpg;102860.jpg
041016.jpg;107146.jpg;128474.jpg
131438.jpg;118220.jpg;027943.jpg
010423.jpg;134583.jpg;130278.jpg
167426.jpg;170106.jpg;090961.jpg
034713.jpg;044623.jpg;043559.jpg
047157.jpg;072251.jpg;037218.jpg
161972.jpg;126254.jpg;031224.jpg
028834.jpg;116425.jpg;105624.jpg
146849.jpg;148305.jpg;094567.jpg
106278.jpg;075127.jpg;022546.jpg
080852.jpg;041863.jpg;096567.jpg
008445.jpg;110516.jpg;074635.jpg
117405.jpg;027408.jpg;183702.jpg
156234.jpg;022208.jpg;021854.jpg
014981.jpg;128396.jpg;134560.jpg
001796.jpg;096316.jpg;029537.jpg
186406.jpg;198430.jpg;189853.jpg
092191.jpg;027516.jpg;068753.jpg
028906.jpg;092929.jpg;149649.jpg
050087.jpg;077189.jpg;007841.jpg
073095.jpg;014396.jpg;116454.jpg
035164.jpg;015528.jpg;021829.jpg
006712.jpg;119487.jpg;087856.jpg
062487.jpg;033475.jpg;191947.jpg
165329.jpg;182118.jpg;157969.jpg
027962.jpg;117401.jpg;124605.jpg
149583.jpg;006707.jpg;015804.jpg
197627.jpg;192744.jpg;043879.jpg
129258.jpg;088320.jpg;132613.jpg
022232.jpg;144027.jpg;200275.jpg
189222.jpg;200993.jpg;127013.jpg
167260.jpg;172633.jpg;071824.jpg
149898.jpg;143860.jpg;069840.jpg
177788.jpg;174486.jpg;161010.jpg
030382.jpg;111032.jpg;008538.jpg
168046.jpg;172520.jpg;098505.jpg
023416.jpg;013242.jpg;082309.jpg
084145.jpg;088009.jpg;143512.jpg
133635.jpg;006301.jpg;186421.jpg
061336.jpg;052532.jpg;057965.jpg
160408.jpg;017830.jpg;059584.jpg
053897.jpg;014192.jpg;137389.jpg
178498.jpg;168765.jpg;029264.jpg
195916.jpg;197985.jpg;195688.jpg
134538.jpg;039210.jpg;197858.jpg
046783.jpg;120421.jpg;191401.jpg
152800.jpg;054643.jpg;102814.jpg
187856.jpg;194662.jpg;073517.jpg
088739.jpg;065597.jpg;043094.jpg
022793.jpg;032030.jpg;102942.jpg
113320.jpg;027283.jpg;109250.jpg
086195.jpg;035071.jpg;068225.jpg
071731.jpg;021128.jpg;047333.jpg
066038.jpg;072620.jpg;149248.jpg
122731.jpg;158760.jpg;014707.jpg
014019.jpg;075638.jpg;060390.jpg
172134.jpg;180631.jpg;190804.jpg
165504.jpg;167003.jpg;126808.jpg
041788.jpg;016189.jpg;068415.jpg
058702.jpg;034421.jpg;009504.jpg
092662.jpg;072107.jpg;072301.jpg
138682.jpg;008703.jpg;109320.jpg
121731.jpg;142934.jpg;035899.jpg
020835.jpg;030814.jpg;028079.jpg
051575.jpg;140742.jpg;068554.jpg
164181.jpg;173109.jpg;024920.jpg
022037.jpg;062926.jpg;199039.jpg
020293.jpg;087526.jpg;140036.jpg
132305.jpg;055591.jpg;024627.jpg
042470.jpg;038387.jpg;133856.jpg
161090.jpg;145604.jpg;018843.jpg
026683.jpg;111705.jpg;123958.jpg
029803.jpg;120876.jpg;190831.jpg
118614.jpg;157596.jpg;054312.jpg
156498.jpg;120999.jpg;178144.jpg
000627.jpg;099256.jpg;036668.jpg
086711.jpg;012111.jpg;063422.jpg
077145.jpg;061057.jpg;138620.jpg
200866.jpg;201777.jpg;172204.jpg
129078.jpg;043005.jpg;001245.jpg
098629.jpg;014757.jpg;014756.jpg
096115.jpg;135375.jpg;092057.jpg
088591.jpg;132402.jpg;127007.jpg
181336.jpg;163697.jpg;176738.jpg
051049.jpg;059820.jpg;192830.jpg
068587.jpg;150580.jpg;029011.jpg
037684.jpg;099197.jpg;181578.jpg
004129.jpg;093510.jpg;167694.jpg
027843.jpg;075955.jpg;137887.jpg
008557.jpg;022623.jpg;074853.jpg
104698.jpg;094448.jpg;184629.jpg
197152.jpg;196260.jpg;056995.jpg
125002.jpg;040294.jpg;038745.jpg
060060.jpg;114665.jpg;060691.jpg
062191.jpg;138000.jpg;182590.jpg
184117.jpg;200581.jpg;065238.jpg
060647.jpg;035935.jpg;055661.jpg
125044.jpg;083952.jpg;122611.jpg
194539.jpg;182939.jpg;186124.jpg
059283.jpg;073141.jpg;168811.jpg
126301.jpg;149021.jpg;170712.jpg
070762.jpg;058588.jpg;034210.jpg
050521.jpg;026884.jpg;119061.jpg
092022.jpg;098528.jpg;170409.jpg
050453.jpg;105219.jpg;131833.jpg
135585.jpg;153334.jpg;075676.jpg
116698.jpg;125905.jpg;041563.jpg
140524.jpg;072959.jpg;044579.jpg
085246.jpg;124777.jpg;170897.jpg
056219.jpg;118498.jpg;140283.jpg
200043.jpg;183667.jpg;069818.jpg
133304.jpg;114955.jpg;065201.jpg
022987.jpg;050002.jpg;122584.jpg
161796.jpg;021667.jpg;190713.jpg
116780.jpg;045463.jpg;010709.jpg
004877.jpg;117361.jpg;078575.jpg
000130.jpg;033799.jpg;102472.jpg
068916.jpg;001214.jpg;000404.jpg
031992.jpg;097577.jpg;117645.jpg
004074.jpg;108129.jpg;040942.jpg
030015.jpg;123092.jpg;175658.jpg
198269.jpg;191469.jpg;027605.jpg
003374.jpg;045596.jpg;197201.jpg
121238.jpg;146679.jpg;137142.jpg
156435.jpg;139354.jpg;001281.jpg
058451.jpg;067117.jpg;104798.jpg
026748.jpg;046057.jpg;004179.jpg
184843.jpg;202327.jpg;096228.jpg
096972.jpg;073799.jpg;000368.jpg
100656.jpg;057371.jpg;039379.jpg
063858.jpg;010604.jpg;179047.jpg
156691.jpg;028209.jpg;168693.jpg
136410.jpg;147026.jpg;067038.jpg
137613.jpg;104881.jpg;033718.jpg
126874.jpg;005865.jpg;196381.jpg
005286.jpg;040855.jpg;136269.jpg
037175.jpg;094719.jpg;069222.jpg
099649.jpg;001296.jpg;023288.jpg
149954.jpg;019256.jpg;014761.jpg
108083.jpg;039515.jpg;068086.jpg
194470.jpg;194578.jpg;059913.jpg
132728.jpg;043877.jpg;077515.jpg
018050.jpg;109032.jpg;062524.jpg
201422.jpg;190912.jpg;155550.jpg
167934.jpg;171275.jpg;133696.jpg
050924.jpg;056961.jpg;160583.jpg
030702.jpg;027782.jpg;115894.jpg
186537.jpg;186707.jpg;148514.jpg
170204.jpg;174153.jpg;149247.jpg
048203.jpg;050768.jpg;070330.jpg
178739.jpg;172565.jpg;048661.jpg
120039.jpg;020844.jpg;109432.jpg
032815.jpg;161240.jpg;098634.jpg
051304.jpg;022904.jpg;071302.jpg
148403.jpg;045158.jpg;004692.jpg
095645.jpg;063252.jpg;004678.jpg
140361.jpg;142108.jpg;141955.jpg
130220.jpg;143873.jpg;030797.jpg
051859.jpg;010405.jpg;036747.jpg
193475.jpg;190502.jpg;126345.jpg
073440.jpg;057123.jpg;044101.jpg
150953.jpg;091537.jpg;125259.jpg
139947.jpg;016454.jpg;132266.jpg
070567.jpg;157446.jpg;045583.jpg
064213.jpg;080637.jpg;069299.jpg
154198.jpg;138110.jpg;190978.jpg
037865.jpg;036024.jpg;062789.jpg
054022.jpg;119656.jpg;092014.jpg
046808.jpg;144670.jpg;201697.jpg
003641.jpg;042476.jpg;080676.jpg
135438.jpg;127712.jpg;172028.jpg
091790.jpg;100439.jpg;166316.jpg
150217.jpg;086891.jpg;084373.jpg
153852.jpg;008485.jpg;174750.jpg
067481.jpg;105979.jpg;084662.jpg
160992.jpg;104242.jpg;014699.jpg
160834.jpg;107693.jpg;007280.jpg
078523.jpg;026182.jpg;090167.jpg
047538.jpg;020406.jpg;054225.jpg
192668.jpg;201866.jpg;156180.jpg
013283.jpg;162196.jpg;182730.jpg
020857.jpg;048915.jpg;052390.jpg
014798.jpg;020320.jpg;112399.jpg
179693.jpg;176562.jpg;073758.jpg
201160.jpg;194957.jpg;001662.jpg
048678.jpg;008492.jpg;081931.jpg
046591.jpg;012388.jpg;172538.jpg
138218.jpg;043566.jpg;088904.jpg
187353.jpg;188289.jpg;062905.jpg
185015.jpg;191526.jpg;175905.jpg
123611.jpg;013882.jpg;049489.jpg
048895.jpg;104410.jpg;102493.jpg
189359.jpg;202478.jpg;150935.jpg
126120.jpg;157153.jpg;190058.jpg
001168.jpg;097259.jpg;125306.jpg
102011.jpg;010857.jpg;197721.jpg
019408.jpg;017252.jpg;124128.jpg
053749.jpg;102152.jpg;068279.jpg
077605.jpg;093274.jpg;036127.jpg
145346.jpg;074575.jpg;106934.jpg
124546.jpg;084944.jpg;119184.jpg
130450.jpg;124103.jpg;063263.jpg
067489.jpg;001682.jpg;194343.jpg
158452.jpg;074329.jpg;029810.jpg
079527.jpg;011061.jpg;112748.jpg
055029.jpg;108936.jpg;017991.jpg
169443.jpg;170053.jpg;096244.jpg
092445.jpg;106644.jpg;112661.jpg
162238.jpg;104210.jpg;199794.jpg
070654.jpg;086858.jpg;025385.jpg
180821.jpg;178118.jpg;186409.jpg
191002.jpg;195549.jpg;014813.jpg
173910.jpg;176173.jpg;006839.jpg
194413.jpg;199882.jpg;043041.jpg
105416.jpg;141185.jpg;022627.jpg
100816.jpg;131104.jpg;128382.jpg
124241.jpg;012689.jpg;148628.jpg
018688.jpg;090226.jpg;037549.jpg
168171.jpg;165884.jpg;157563.jpg
005291.jpg;085516.jpg;113880.jpg
059662.jpg;020481.jpg;148107.jpg
136311.jpg;000845.jpg;061232.jpg
014314.jpg;101743.jpg;198354.jpg
166238.jpg;168774.jpg;163895.jpg
016506.jpg;014235.jpg;050982.jpg
141520.jpg;145280.jpg;162001.jpg
115822.jpg;118826.jpg;091875.jpg
130924.jpg;144284.jpg;126811.jpg
181126.jpg;171866.jpg;086291.jpg
184322.jpg;184160.jpg;020922.jpg
033366.jpg;031195.jpg;008776.jpg
081671.jpg;023247.jpg;048674.jpg
107679.jpg;031256.jpg;037612.jpg
093333.jpg;042734.jpg;166599.jpg
060719.jpg;143946.jpg;092588.jpg
138627.jpg;071225.jpg;029151.jpg
000507.jpg;097679.jpg;155259.jpg
100185.jpg;013396.jpg;197772.jpg
114765.jpg;013962.jpg;173507.jpg
002549.jpg;141709.jpg;052855.jpg
170539.jpg;179898.jpg;057576.jpg
054300.jpg;128588.jpg;164184.jpg
018284.jpg;037939.jpg;183134.jpg
029161.jpg;148621.jpg;071514.jpg
065895.jpg;007293.jpg;034272.jpg
062872.jpg;087580.jpg;193631.jpg
075167.jpg;073880.jpg;151839.jpg
083648.jpg;105792.jpg;123315.jpg
099069.jpg;118299.jpg;096538.jpg
146636.jpg;110140.jpg;120801.jpg
140219.jpg;127817.jpg;073137.jpg
139570.jpg;010614.jpg;088842.jpg
038077.jpg;126109.jpg;179212.jpg
094893.jpg;141447.jpg;196463.jpg
132504.jpg;127746.jpg;038540.jpg
064304.jpg;004599.jpg;042960.jpg
003878.jpg;047363.jpg;107665.jpg
128343.jpg;102982.jpg;181372.jpg
054109.jpg;140462.jpg;188559.jpg
051501.jpg;122875.jpg;133542.jpg
143521.jpg;070330.jpg;140251.jpg
168307.jpg;174135.jpg;104323.jpg
112117.jpg;052874.jpg;100803.jpg
201246.jpg;201165.jpg;044571.jpg
045288.jpg;116308.jpg;201438.jpg
042212.jpg;047382.jpg;136936.jpg
181811.jpg;163137.jpg;053616.jpg
193287.jpg;199957.jpg;177798.jpg
015670.jpg;052171.jpg;151936.jpg
025992.jpg;020573.jpg;057790.jpg
109193.jpg;092990.jpg;024949.jpg
031666.jpg;112513.jpg;114883.jpg
124110.jpg;027715.jpg;052420.jpg
141730.jpg;134362.jpg;165448.jpg
088876.jpg;144875.jpg;090339.jpg
062858.jpg;000111.jpg;110919.jpg
026609.jpg;030276.jpg;012978.jpg
056164.jpg;012095.jpg;149730.jpg
196044.jpg;191206.jpg;158215.jpg
190654.jpg;188182.jpg;112678.jpg
113193.jpg;082844.jpg;061804.jpg
045340.jpg;063024.jpg;185078.jpg
118583.jpg;070566.jpg;123729.jpg
190812.jpg;189958.jpg;105620.jpg
014836.jpg;098025.jpg;016839.jpg
097317.jpg;113114.jpg;001873.jpg
022267.jpg;064641.jpg;003490.jpg
194863.jpg;194211.jpg;096941.jpg
119933.jpg;022393.jpg;119646.jpg
128065.jpg;117242.jpg;109571.jpg
191494.jpg;197398.jpg;008589.jpg
033870.jpg;160696.jpg;160861.jpg
053563.jpg;081358.jpg;137385.jpg
196184.jpg;195631.jpg;051360.jpg
040897.jpg;062351.jpg;066032.jpg
136534.jpg;001715.jpg;177650.jpg
115719.jpg;064626.jpg;127038.jpg
032520.jpg;104756.jpg;001979.jpg
121797.jpg;153578.jpg;068433.jpg
155950.jpg;119842.jpg;052407.jpg
134954.jpg;050110.jpg;106591.jpg
119297.jpg;031460.jpg;074313.jpg
138750.jpg;146818.jpg;032172.jpg
123158.jpg;010385.jpg;003843.jpg
028026.jpg;037575.jpg;128573.jpg
009864.jpg;007441.jpg;121207.jpg
072447.jpg;110317.jpg;199476.jpg
113759.jpg;134581.jpg;077760.jpg
014587.jpg;080978.jpg;069614.jpg
136237.jpg;036988.jpg;085292.jpg
199864.jpg;186901.jpg;087572.jpg
108099.jpg;066067.jpg;173415.jpg
048362.jpg;016136.jpg;100734.jpg
045746.jpg;048401.jpg;119438.jpg
158911.jpg;014063.jpg;062196.jpg
068250.jpg;156410.jpg;024483.jpg
185721.jpg;186026.jpg;130876.jpg
200356.jpg;183135.jpg;144659.jpg
171675.jpg;166828.jpg;177467.jpg
088561.jpg;013441.jpg;090943.jpg
094055.jpg;121966.jpg;106024.jpg
124027.jpg;085619.jpg;165409.jpg
035145.jpg;119244.jpg;144562.jpg
112148.jpg;141465.jpg;038289.jpg
041961.jpg;157938.jpg;140490.jpg
046331.jpg;083962.jpg;051151.jpg
038050.jpg;053308.jpg;104566.jpg
001015.jpg;162364.jpg;135341.jpg
177923.jpg;167165.jpg;053352.jpg
059024.jpg;014095.jpg;048485.jpg
182860.jpg;200749.jpg;083230.jpg
139513.jpg;064725.jpg;116227.jpg
063176.jpg;066962.jpg;192788.jpg
189382.jpg;186052.jpg;063186.jpg
081730.jpg;008806.jpg;081142.jpg
158688.jpg;016454.jpg;068747.jpg
083417.jpg;009571.jpg;148534.jpg
064067.jpg;134375.jpg;169519.jpg
068981.jpg;003256.jpg;175176.jpg
040621.jpg;013184.jpg;092512.jpg
172291.jpg;170590.jpg;127083.jpg
166455.jpg;172980.jpg;019763.jpg
164539.jpg;165494.jpg;061360.jpg
170328.jpg;167301.jpg;047011.jpg
076096.jpg;145322.jpg;037487.jpg
107683.jpg;091114.jpg;066485.jpg
120976.jpg;129947.jpg;197482.jpg
150750.jpg;086992.jpg;175549.jpg
114041.jpg;139567.jpg;091296.jpg
084253.jpg;134096.jpg;061698.jpg
189213.jpg;192109.jpg;166759.jpg
016669.jpg;004751.jpg;144247.jpg
111980.jpg;067914.jpg;200090.jpg
104140.jpg;107761.jpg;156943.jpg
121256.jpg;002764.jpg;149817.jpg
061652.jpg;101985.jpg;071613.jpg
088663.jpg;099065.jpg;200919.jpg
169865.jpg;173213.jpg;128513.jpg
173755.jpg;170414.jpg;189823.jpg
075700.jpg;062974.jpg;047826.jpg
023649.jpg;064061.jpg;081359.jpg
082598.jpg;115317.jpg;129231.jpg
096901.jpg;054792.jpg;164194.jpg
178269.jpg;179629.jpg;191073.jpg
129375.jpg;054538.jpg;145020.jpg
140465.jpg;022077.jpg;124807.jpg
152848.jpg;057629.jpg;196930.jpg
053681.jpg;001599.jpg;045251.jpg
017248.jpg;011413.jpg;125484.jpg
141629.jpg;114146.jpg;118103.jpg
202200.jpg;195836.jpg;197609.jpg
089897.jpg;086577.jpg;028003.jpg
015148.jpg;008977.jpg;036536.jpg
047127.jpg;147235.jpg;037453.jpg
034396.jpg;063867.jpg;107459.jpg
007630.jpg;074684.jpg;113103.jpg
122653.jpg;013116.jpg;042236.jpg
025057.jpg;065630.jpg;065243.jpg
150387.jpg;048171.jpg;001205.jpg
044775.jpg;151937.jpg;035079.jpg
067026.jpg;025815.jpg;071876.jpg
011408.jpg;004513.jpg;133630.jpg
176456.jpg;170909.jpg;078995.jpg
196954.jpg;194421.jpg;054214.jpg
059049.jpg;102863.jpg;036726.jpg
195164.jpg;196053.jpg;049224.jpg
190144.jpg;184836.jpg;025242.jpg
031583.jpg;044449.jpg;000304.jpg
108884.jpg;021493.jpg;121369.jpg
018143.jpg;084923.jpg;190191.jpg
133221.jpg;022453.jpg;187469.jpg
198355.jpg;189980.jpg;069436.jpg
155813.jpg;018853.jpg;138119.jpg
085131.jpg;040309.jpg;112151.jpg
005144.jpg;018865.jpg;108939.jpg
131971.jpg;002748.jpg;016436.jpg
080345.jpg;056948.jpg;127060.jpg
169620.jpg;168517.jpg;062975.jpg
000966.jpg;137685.jpg;015468.jpg
054059.jpg;008781.jpg;138394.jpg
041896.jpg;057095.jpg;083863.jpg
194110.jpg;185539.jpg;033435.jpg
164809.jpg;167979.jpg;137215.jpg
177381.jpg;172165.jpg;114322.jpg
051016.jpg;021193.jpg;073965.jpg
023978.jpg;005216.jpg;184181.jpg
071412.jpg;086001.jpg;035454.jpg
053778.jpg;100581.jpg;049251.jpg
060691.jpg;119355.jpg;148237.jpg
145273.jpg;119433.jpg;089227.jpg
173439.jpg;182214.jpg;197019.jpg
187842.jpg;201151.jpg;074195.jpg
019065.jpg;018940.jpg;055206.jpg
017708.jpg;106963.jpg;001696.jpg
009002.jpg;126373.jpg;130268.jpg
021925.jpg;075933.jpg;200938.jpg
035501.jpg;011076.jpg;125663.jpg
097032.jpg;092872.jpg;196006.jpg
200657.jpg;194134.jpg;100304.jpg
012561.jpg;081607.jpg;054289.jpg
182333.jpg;179509.jpg;091132.jpg
129860.jpg;016371.jpg;128935.jpg
200033.jpg;194686.jpg;148961.jpg
159528.jpg;118937.jpg;120776.jpg
107129.jpg;021307.jpg;012668.jpg
015163.jpg;038801.jpg;024609.jpg
126559.jpg;145485.jpg;199159.jpg
180712.jpg;170925.jpg;116001.jpg
021673.jpg;083194.jpg;194696.jpg
159465.jpg;073677.jpg;051838.jpg
112086.jpg;135558.jpg;009886.jpg
133162.jpg;004262.jpg;119463.jpg
148419.jpg;044700.jpg;143287.jpg
193108.jpg;201735.jpg;058060.jpg
017420.jpg;153349.jpg;124693.jpg
168176.jpg;165476.jpg;030170.jpg
091341.jpg;103884.jpg;022236.jpg
089101.jpg;018242.jpg;003044.jpg
189852.jpg;187728.jpg;195234.jpg
056536.jpg;096990.jpg;051064.jpg
009935.jpg;099012.jpg;009075.jpg
178213.jpg;172804.jpg;171946.jpg
118458.jpg;103650.jpg;061409.jpg
190774.jpg;199593.jpg;158770.jpg
171604.jpg;170611.jpg;142716.jpg
089869.jpg;073333.jpg;106287.jpg
192408.jpg;194523.jpg;158245.jpg
122035.jpg;098303.jpg;096162.jpg
098316.jpg;073284.jpg;188633.jpg
172149.jpg;163922.jpg;020374.jpg
168796.jpg;175873.jpg;091218.jpg
195655.jpg;196718.jpg;086183.jpg
187131.jpg;191172.jpg;006129.jpg
087242.jpg;120752.jpg;056743.jpg
094776.jpg;147792.jpg;040054.jpg
161233.jpg;123270.jpg;187312.jpg
013557.jpg;013891.jpg;104936.jpg
042370.jpg;015720.jpg;040154.jpg
174916.jpg;170298.jpg;025818.jpg
146876.jpg;033517.jpg;036732.jpg
129908.jpg;088631.jpg;185161.jpg
127566.jpg;107428.jpg;159282.jpg
020011.jpg;108459.jpg;052955.jpg
141792.jpg;000493.jpg;110202.jpg
005669.jpg;068704.jpg;079283.jpg
089362.jpg;060441.jpg;130017.jpg
055676.jpg;005050.jpg;190575.jpg
156508.jpg;082685.jpg;120671.jpg
063904.jpg;100324.jpg;080581.jpg
173381.jpg;179398.jpg;121321.jpg
033348.jpg;034493.jpg;072424.jpg
128211.jpg;066179.jpg;153837.jpg
120423.jpg;096935.jpg;032350.jpg
170604.jpg;169820.jpg;131353.jpg
034163.jpg;037128.jpg;180796.jpg
133474.jpg;047867.jpg;082850.jpg
089216.jpg;089884.jpg;036355.jpg
004610.jpg;071231.jpg;095273.jpg
175827.jpg;181778.jpg;125867.jpg
032795.jpg;014239.jpg;081976.jpg
127715.jpg;089595.jpg;157621.jpg
013899.jpg;019539.jpg;133870.jpg
145443.jpg;157420.jpg;137994.jpg
130109.jpg;019106.jpg;122181.jpg
190765.jpg;195909.jpg;099978.jpg
169746.jpg;165493.jpg;026736.jpg
006800.jpg;095677.jpg;169453.jpg
009284.jpg;060012.jpg;173383.jpg
202238.jpg;185751.jpg;082051.jpg
125906.jpg;147029.jpg;000559.jpg
032158.jpg;041284.jpg;029770.jpg
082367.jpg;074549.jpg;136315.jpg
074293.jpg;079715.jpg;082762.jpg
141730.jpg;040383.jpg;099004.jpg
098300.jpg;037742.jpg;151469.jpg
069270.jpg;114105.jpg;191424.jpg
017269.jpg;049704.jpg;104294.jpg
148176.jpg;081464.jpg;007064.jpg
157958.jpg;111568.jpg;113461.jpg
162213.jpg;128034.jpg;000208.jpg
190313.jpg;186292.jpg;177925.jpg
167527.jpg;176222.jpg;062624.jpg
082794.jpg;061740.jpg;041091.jpg
173294.jpg;179673.jpg;049847.jpg
045820.jpg;156649.jpg;130341.jpg
028339.jpg;156245.jpg;017304.jpg
188962.jpg;185746.jpg;165702.jpg
184036.jpg;193348.jpg;151486.jpg
059737.jpg;051514.jpg;179362.jpg
118579.jpg;003525.jpg;019753.jpg
124494.jpg;124793.jpg;162599.jpg
144140.jpg;044954.jpg;122185.jpg
035326.jpg;137408.jpg;148482.jpg
049495.jpg;020210.jpg;155225.jpg
072744.jpg;100278.jpg;019608.jpg
132205.jpg;074269.jpg;133664.jpg
077321.jpg;154310.jpg;137437.jpg
149097.jpg;140586.jpg;163897.jpg
168935.jpg;168539.jpg;116452.jpg
126835.jpg;153847.jpg;124676.jpg
176833.jpg;172084.jpg;140835.jpg
135599.jpg;078116.jpg;061722.jpg
070916.jpg;099562.jpg;168581.jpg
158298.jpg;127689.jpg;059338.jpg
145359.jpg;149516.jpg;066137.jpg
109724.jpg;084081.jpg;091542.jpg
042525.jpg;119305.jpg;171290.jpg
011138.jpg;005032.jpg;077356.jpg
048742.jpg;102608.jpg;062625.jpg
018950.jpg;028240.jpg;143131.jpg
042564.jpg;001564.jpg;129613.jpg
160413.jpg;033222.jpg;133307.jpg
092243.jpg;091822.jpg;045255.jpg
174040.jpg;181221.jpg;145996.jpg
104188.jpg;067068.jpg;127700.jpg
033925.jpg;109309.jpg;143399.jpg
047983.jpg;121797.jpg;159185.jpg
196171.jpg;200223.jpg;072892.jpg
020900.jpg;048703.jpg;185263.jpg
168103.jpg;180108.jpg;023340.jpg
185502.jpg;197492.jpg;081726.jpg
042954.jpg;035045.jpg;188754.jpg
084056.jpg;127115.jpg;116415.jpg
145781.jpg;106686.jpg;143876.jpg
165273.jpg;173901.jpg;144123.jpg
030536.jpg;085223.jpg;005085.jpg
060208.jpg;095110.jpg;099582.jpg
031184.jpg;117158.jpg;127505.jpg
195464.jpg;200966.jpg;174714.jpg
133270.jpg;006095.jpg;202207.jpg
033551.jpg;050197.jpg;175692.jpg
028788.jpg;118144.jpg;043740.jpg
019068.jpg;050067.jpg;054709.jpg
173522.jpg;176819.jpg;108982.jpg
151391.jpg;084067.jpg;020078.jpg
145003.jpg;111237.jpg;129490.jpg
021559.jpg;035032.jpg;198784.jpg
034804.jpg;121648.jpg;171405.jpg
172565.jpg;181236.jpg;137283.jpg
152939.jpg;051987.jpg;029375.jpg
117493.jpg;149745.jpg;102413.jpg
107189.jpg;106698.jpg;193527.jpg
043439.jpg;112572.jpg;184087.jpg
123430.jpg;135775.jpg;043253.jpg
083387.jpg;114314.jpg;048180.jpg
140572.jpg;151836.jpg;195218.jpg
062350.jpg;117125.jpg;123802.jpg
146884.jpg;100984.jpg;173155.jpg
035558.jpg;153111.jpg;153250.jpg
160800.jpg;101391.jpg;139759.jpg
099419.jpg;159129.jpg;034855.jpg
160016.jpg;137447.jpg;111251.jpg
034114.jpg;137989.jpg;129570.jpg
012113.jpg;037668.jpg;189088.jpg
150852.jpg;002524.jpg;161541.jpg
185088.jpg;183335.jpg;158402.jpg
057896.jpg;076895.jpg;087176.jpg
078681.jpg;055093.jpg;039805.jpg
154521.jpg;069426.jpg;137117.jpg
142824.jpg;139348.jpg;197818.jpg
169837.jpg;182472.jpg;183618.jpg
048277.jpg;058178.jpg;117142.jpg
042371.jpg;048333.jpg;020918.jpg
027296.jpg;069420.jpg;049881.jpg
088074.jpg;136331.jpg;025630.jpg
087280.jpg;063576.jpg;027055.jpg
124161.jpg;062790.jpg;025667.jpg
083556.jpg;063207.jpg;041892.jpg
085313.jpg;002799.jpg;017761.jpg
073996.jpg;042785.jpg;120774.jpg
189375.jpg;189487.jpg;183779.jpg
146806.jpg;042201.jpg;163530.jpg
132494.jpg;099585.jpg;060138.jpg
061988.jpg;105567.jpg;058601.jpg
131133.jpg;062441.jpg;079615.jpg
047996.jpg;147948.jpg;007000.jpg
013637.jpg;077646.jpg;093725.jpg
158322.jpg;095110.jpg;027472.jpg
007521.jpg;004158.jpg;142116.jpg
167808.jpg;162959.jpg;191917.jpg
102731.jpg;097906.jpg;079824.jpg
122188.jpg;024182.jpg;176807.jpg
091479.jpg;042592.jpg;020898.jpg
116801.jpg;145046.jpg;100656.jpg
011660.jpg;042640.jpg;005421.jpg
138884.jpg;149226.jpg;164913.jpg
104722.jpg;014515.jpg;114506.jpg
185460.jpg;201776.jpg;003781.jpg
182410.jpg;166064.jpg;139465.jpg
177863.jpg;168933.jpg;053744.jpg
027083.jpg;094549.jpg;094481.jpg
115650.jpg;154277.jpg;099636.jpg
123048.jpg;146585.jpg;044952.jpg
141291.jpg;115849.jpg;071713.jpg
201891.jpg;196434.jpg;164370.jpg
121035.jpg;034804.jpg;063664.jpg
197455.jpg;192727.jpg;155388.jpg
187572.jpg;198570.jpg;062440.jpg
025032.jpg;034518.jpg;098945.jpg
143374.jpg;125721.jpg;099995.jpg
192117.jpg;186336.jpg;116215.jpg
169686.jpg;174882.jpg;025569.jpg
153380.jpg;115820.jpg;138126.jpg
049190.jpg;050616.jpg;189633.jpg
014627.jpg;004088.jpg;055191.jpg
167722.jpg;179243.jpg;093859.jpg
117038.jpg;087384.jpg;094015.jpg
122790.jpg;069462.jpg;027357.jpg
123890.jpg;139546.jpg;066362.jpg
124341.jpg;130009.jpg;026723.jpg
140807.jpg;084719.jpg;194134.jpg
008674.jpg;079013.jpg;161442.jpg
138707.jpg;062130.jpg;136969.jpg
065476.jpg;125445.jpg;040036.jpg
025143.jpg;139166.jpg;169738.jpg
082394.jpg;110464.jpg;087655.jpg
127573.jpg;004817.jpg;040686.jpg
058710.jpg;035070.jpg;011973.jpg
148331.jpg;008577.jpg;195617.jpg
096386.jpg;111623.jpg;117884.jpg
011487.jpg;082739.jpg;160787.jpg
103416.jpg;124449.jpg;006550.jpg
082169.jpg;091630.jpg;182912.jpg
078583.jpg;129340.jpg;093517.jpg
035879.jpg;090435.jpg;091937.jpg
176094.jpg;175475.jpg;059159.jpg
130068.jpg;137655.jpg;007262.jpg
082563.jpg;129503.jpg;119912.jpg
089997.jpg;046463.jpg;156532.jpg
198344.jpg;190923.jpg;053225.jpg
013394.jpg;118468.jpg;138393.jpg
166425.jpg;165560.jpg;118923.jpg
060201.jpg;144850.jpg;158434.jpg
158444.jpg;098213.jpg;097624.jpg
077584.jpg;093197.jpg;102253.jpg
180422.jpg;175574.jpg;062758.jpg
081412.jpg;044997.jpg;010685.jpg
034348.jpg;156139.jpg;054046.jpg
187720.jpg;188657.jpg;051780.jpg
131632.jpg;123544.jpg;155945.jpg
063135.jpg;066709.jpg;013154.jpg
177884.jpg;170324.jpg;031824.jpg
103173.jpg;143889.jpg;131897.jpg
055018.jpg;024653.jpg;060607.jpg
145545.jpg;097927.jpg;047210.jpg
032615.jpg;112706.jpg;158769.jpg
012580.jpg;157731.jpg;190340.jpg
013656.jpg;045200.jpg;195669.jpg
007734.jpg;086664.jpg;125884.jpg
014930.jpg;080741.jpg;106619.jpg
040783.jpg;087502.jpg;068966.jpg
184975.jpg;192100.jpg;047621.jpg
161951.jpg;035739.jpg;051066.jpg
000692.jpg;110511.jpg;045568.jpg
015593.jpg;052198.jpg;061901.jpg
158704.jpg;046005.jpg;021648.jpg
055362.jpg;014568.jpg;194251.jpg
201327.jpg;190394.jpg;168042.jpg
191737.jpg;196418.jpg;016203.jpg
024953.jpg;004191.jpg;009317.jpg
048350.jpg;155265.jpg;006184.jpg
165054.jpg;170461.jpg;121959.jpg
021002.jpg;020351.jpg;105681.jpg
192846.jpg;184183.jpg;156046.jpg
032613.jpg;021713.jpg;157576.jpg
031204.jpg;140831.jpg;035687.jpg
091088.jpg;021623.jpg;012210.jpg
017559.jpg;139082.jpg;175116.jpg
013333.jpg;118714.jpg;158363.jpg
179130.jpg;167213.jpg;182395.jpg
064836.jpg;131030.jpg;012600.jpg
096188.jpg;131552.jpg;125156.jpg
169743.jpg;168371.jpg;191859.jpg
109962.jpg;129138.jpg;196409.jpg
086032.jpg;134279.jpg;108550.jpg
201921.jpg;185275.jpg;029166.jpg
105450.jpg;022976.jpg;140381.jpg
127985.jpg;017457.jpg;033168.jpg
120440.jpg;001437.jpg;027624.jpg
107357.jpg;062623.jpg;194451.jpg
131335.jpg;054051.jpg;050368.jpg
049674.jpg;134942.jpg;032548.jpg
055865.jpg;046286.jpg;089397.jpg
179718.jpg;165885.jpg;086837.jpg
152252.jpg;129340.jpg;145789.jpg
129429.jpg;156544.jpg;076585.jpg
146991.jpg;058273.jpg;004167.jpg
017476.jpg;152647.jpg;035533.jpg
161248.jpg;136602.jpg;031700.jpg
172187.jpg;166442.jpg;093991.jpg
164284.jpg;170269.jpg;056815.jpg
005753.jpg;042160.jpg;055472.jpg
115355.jpg;131950.jpg;169130.jpg
000330.jpg;027129.jpg;101992.jpg
134607.jpg;055444.jpg;048244.jpg
001220.jpg;101716.jpg;038738.jpg
059288.jpg;144122.jpg;143669.jpg
165887.jpg;178357.jpg;067175.jpg
195616.jpg;193434.jpg;006525.jpg
039299.jpg;146398.jpg;140782.jpg
139896.jpg;073082.jpg;162892.jpg
105645.jpg;161913.jpg;180646.jpg
196700.jpg;199015.jpg;000686.jpg
134715.jpg;151482.jpg;040647.jpg
063946.jpg;040465.jpg;160819.jpg
145617.jpg;054078.jpg;006448.jpg
126317.jpg;114834.jpg;147726.jpg
145523.jpg;013611.jpg;097616.jpg
186428.jpg;197343.jpg;002905.jpg
021767.jpg;123252.jpg;173407.jpg
068093.jpg;157026.jpg;006488.jpg
000250.jpg;026795.jpg;183337.jpg
057701.jpg;080601.jpg;182114.jpg
197337.jpg;188404.jpg;109325.jpg
073460.jpg;024813.jpg;071001.jpg
025433.jpg;092914.jpg;007318.jpg
150640.jpg;014925.jpg;071828.jpg
184128.jpg;192957.jpg;076541.jpg
138394.jpg;058438.jpg;188848.jpg
055314.jpg;115108.jpg;041153.jpg
048780.jpg;059990.jpg;158762.jpg
060338.jpg;068886.jpg;062515.jpg
062890.jpg;122961.jpg;063908.jpg
148575.jpg;040913.jpg;054634.jpg
053568.jpg;044487.jpg;189280.jpg
030432.jpg;025140.jpg;100640.jpg
026911.jpg;148005.jpg;172396.jpg
095325.jpg;103926.jpg;006037.jpg
142476.jpg;133803.jpg;052840.jpg
033574.jpg;120581.jpg;126193.jpg
019731.jpg;135223.jpg;156883.jpg
138060.jpg;075330.jpg;114373.jpg
122564.jpg;084730.jpg;000555.jpg
178720.jpg;166294.jpg;198006.jpg
171876.jpg;169344.jpg;112450.jpg
008702.jpg;086397.jpg;016368.jpg
023347.jpg;077473.jpg;163070.jpg
069256.jpg;053983.jpg;162090.jpg
127618.jpg;019731.jpg;143814.jpg
115083.jpg;127478.jpg;076275.jpg
108805.jpg;161470.jpg;142765.jpg
156613.jpg;111299.jpg;144084.jpg
197022.jpg;194083.jpg;049814.jpg
092383.jpg;101709.jpg;172550.jpg
028665.jpg;104143.jpg;015805.jpg
050099.jpg;116839.jpg;032288.jpg
176808.jpg;181410.jpg;117025.jpg
126162.jpg;048715.jpg;054919.jpg
125758.jpg;147300.jpg;034777.jpg
052397.jpg;100452.jpg;016756.jpg
136294.jpg;100450.jpg;141855.jpg
074426.jpg;063037.jpg;122119.jpg
036271.jpg;159993.jpg;108212.jpg
119120.jpg;093861.jpg;005398.jpg
053850.jpg;059678.jpg;059139.jpg
046484.jpg;029241.jpg;175523.jpg
103761.jpg;084159.jpg;037177.jpg
000614.jpg;055463.jpg;126393.jpg
081171.jpg;040636.jpg;053328.jpg
181468.jpg;180663.jpg;062920.jpg
169382.jpg;165370.jpg;110349.jpg
182531.jpg;175623.jpg;070029.jpg
000525.jpg;052852.jpg;153521.jpg
086342.jpg;083993.jpg;126382.jpg
015853.jpg;069225.jpg;065735.jpg
010973.jpg;117118.jpg;062220.jpg
138183.jpg;077948.jpg;036661.jpg
138575.jpg;102407.jpg;100815.jpg
042229.jpg;086546.jpg;066119.jpg
033047.jpg;006039.jpg;015646.jpg
058524.jpg;073941.jpg;088243.jpg
142132.jpg;058484.jpg;141401.jpg
039164.jpg;156594.jpg;109555.jpg
075297.jpg;071361.jpg;147741.jpg
061602.jpg;143244.jpg;151453.jpg
071486.jpg;106411.jpg;069415.jpg
080692.jpg;158839.jpg;088413.jpg
167462.jpg;168020.jpg;004257.jpg
195735.jpg;199390.jpg;079641.jpg
144903.jpg;139042.jpg;136311.jpg
037271.jpg;089208.jpg;132935.jpg
054960.jpg;119687.jpg;104445.jpg
031238.jpg;153181.jpg;030472.jpg
185990.jpg;182942.jpg;073458.jpg
063721.jpg;017871.jpg;102047.jpg
118566.jpg;143756.jpg;172277.jpg
177415.jpg;166914.jpg;199874.jpg
189296.jpg;184311.jpg;107649.jpg
196231.jpg;200906.jpg;078642.jpg
024588.jpg;109877.jpg;016891.jpg
060146.jpg;114512.jpg;136457.jpg
115671.jpg;103890.jpg;047391.jpg
165602.jpg;179431.jpg;046000.jpg
021110.jpg;014072.jpg;100239.jpg
000032.jpg;151817.jpg;161471.jpg
111400.jpg;057051.jpg;177894.jpg
025316.jpg;007890.jpg;095677.jpg
100122.jpg;143953.jpg;111303.jpg
047551.jpg;086652.jpg;079050.jpg
045859.jpg;095560.jpg;183499.jpg
159225.jpg;069227.jpg;178148.jpg
048462.jpg;059653.jpg;022865.jpg
181837.jpg;174641.jpg;121918.jpg
068641.jpg;121475.jpg;166257.jpg
197370.jpg;189895.jpg;014385.jpg
095366.jpg;110901.jpg;053089.jpg
023391.jpg;073641.jpg;010710.jpg
006068.jpg;007350.jpg;096022.jpg
156711.jpg;004463.jpg;092611.jpg
173868.jpg;173506.jpg;197747.jpg
018220.jpg;119188.jpg;187229.jpg
098195.jpg;143703.jpg;133534.jpg
181902.jpg;165477.jpg;136342.jpg
133323.jpg;010987.jpg;145313.jpg
094295.jpg;072977.jpg;069065.jpg
169591.jpg;171444.jpg;172229.jpg
088399.jpg;160651.jpg;057811.jpg
081917.jpg;025788.jpg;060769.jpg
141958.jpg;050425.jpg;012362.jpg
073294.jpg;055206.jpg;196001.jpg
018822.jpg;099588.jpg;108079.jpg
083489.jpg;006946.jpg;194481.jpg
014651.jpg;154077.jpg;067643.jpg
033576.jpg;091100.jpg;038364.jpg
110758.jpg;006142.jpg;070308.jpg
011907.jpg;046538.jpg;182399.jpg
140437.jpg;039923.jpg;137744.jpg
111527.jpg;042859.jpg;119337.jpg
191284.jpg;193230.jpg;029952.jpg
076749.jpg;124180.jpg;187060.jpg
131356.jpg;076419.jpg;164258.jpg
125232.jpg;108480.jpg;001884.jpg
009075.jpg;102106.jpg;084145.jpg
133021.jpg;072386.jpg;083770.jpg
108396.jpg;049264.jpg;168740.jpg
081370.jpg;077223.jpg;108410.jpg
068891.jpg;049603.jpg;119404.jpg
026652.jpg;150870.jpg;196003.jpg
172373.jpg;175302.jpg;028830.jpg
048221.jpg;044931.jpg;142321.jpg
136896.jpg;025032.jpg;177204.jpg
110607.jpg;052996.jpg;059983.jpg
091362.jpg;123600.jpg;067188.jpg
171237.jpg;173053.jpg;069191.jpg
169551.jpg;175789.jpg;197599.jpg
016367.jpg;097261.jpg;150498.jpg
180286.jpg;169812.jpg;165907.jpg
122489.jpg;068221.jpg;132522.jpg
036825.jpg;123617.jpg;145065.jpg
181738.jpg;165916.jpg;168284.jpg
036773.jpg;140606.jpg;034427.jpg
157261.jpg;131788.jpg;162844.jpg
080576.jpg;095964.jpg;184034.jpg
059657.jpg;028620.jpg;150353.jpg
060205.jpg;015557.jpg;098845.jpg
071854.jpg;021199.jpg;005480.jpg
191599.jpg;201457.jpg;036862.jpg
174970.jpg;171565.jpg;190002.jpg
060613.jpg;009659.jpg;152062.jpg
036120.jpg;036404.jpg;120295.jpg
044790.jpg;029750.jpg;045084.jpg
116835.jpg;063483.jpg;066590.jpg
034861.jpg;054082.jpg;024067.jpg
189674.jpg;200080.jpg;123272.jpg
135705.jpg;017586.jpg;106762.jpg
018546.jpg;014929.jpg;028728.jpg
076459.jpg;137768.jpg;004494.jpg
113015.jpg;034009.jpg;043106.jpg
155525.jpg;044067.jpg;145604.jpg
103973.jpg;053789.jpg;034070.jpg
179221.jpg;166247.jpg;051705.jpg
062108.jpg;146819.jpg;131770.jpg
002100.jpg;109966.jpg;079944.jpg
089723.jpg;104036.jpg;044827.jpg
131976.jpg;030648.jpg;055471.jpg
139744.jpg;143212.jpg;018508.jpg
115488.jpg;073723.jpg;084629.jpg
179418.jpg;165125.jpg;045377.jpg
116748.jpg;005374.jpg;057897.jpg
171678.jpg;163707.jpg;056084.jpg
200016.jpg;195513.jpg;141095.jpg
022688.jpg;129691.jpg;197523.jpg
040280.jpg;061513.jpg;056705.jpg
032419.jpg;077900.jpg;193722.jpg
199759.jpg;183843.jpg;087310.jpg
106276.jpg;084325.jpg;010470.jpg
193824.jpg;194809.jpg;023987.jpg
034045.jpg;038589.jpg;011027.jpg
189587.jpg;195580.jpg;186280.jpg
134960.jpg;152701.jpg;146489.jpg
056575.jpg;134774.jpg;179414.jpg
047547.jpg;062496.jpg;194873.jpg
020667.jpg;140811.jpg;102666.jpg
102772.jpg;070799.jpg;020695.jpg
133331.jpg;133817.jpg;014739.jpg
169132.jpg;169862.jpg;135991.jpg
105708.jpg;069056.jpg;043719.jpg
185972.jpg;198855.jpg;039648.jpg
061621.jpg;096179.jpg;076629.jpg
129129.jpg;037782.jpg;091020.jpg
049811.jpg;045786.jpg;057583.jpg
091353.jpg;067465.jpg;086969.jpg
077767.jpg;051100.jpg;175172.jpg
177353.jpg;172349.jpg;054876.jpg
198043.jpg;202283.jpg;172437.jpg
103466.jpg;140061.jpg;176795.jpg
145227.jpg;077623.jpg;079326.jpg
113045.jpg;079799.jpg;021571.jpg
029926.jpg;129759.jpg;109560.jpg
020909.jpg;005947.jpg;037040.jpg
184230.jpg;200226.jpg;051659.jpg
057554.jpg;152840.jpg;011924.jpg
142359.jpg;107970.jpg;138243.jpg
004830.jpg;126338.jpg;169995.jpg
159157.jpg;015971.jpg;078234.jpg
002064.jpg;030012.jpg;081895.jpg
092519.jpg;031031.jpg;201932.jpg
047488.jpg;036666.jpg;132393.jpg
043214.jpg;045915.jpg;034928.jpg
196299.jpg;186871.jpg;127397.jpg
012346.jpg;019171.jpg;011708.jpg
041002.jpg;010422.jpg;143089.jpg
028405.jpg;067720.jpg;083699.jpg
060015.jpg;061546.jpg;189948.jpg
125110.jpg;012218.jpg;165361.jpg
057095.jpg;125047.jpg;157081.jpg
189008.jpg;190683.jpg;042293.jpg
116389.jpg;044206.jpg;065385.jpg
143850.jpg;051305.jpg;040769.jpg
093771.jpg;097748.jpg;140035.jpg
101151.jpg;080443.jpg;035266.jpg
184897.jpg;199993.jpg;063731.jpg
117966.jpg;103884.jpg;038880.jpg
124838.jpg;154540.jpg;105572.jpg
148336.jpg;104948.jpg;202021.jpg
196584.jpg;190338.jpg;198317.jpg
000668.jpg;003217.jpg;156414.jpg
170061.jpg;166561.jpg;136024.jpg
166342.jpg;170861.jpg;179758.jpg
062578.jpg;160936.jpg;154195.jpg
132387.jpg;138107.jpg;170293.jpg
109797.jpg;077077.jpg;177474.jpg
064244.jpg;020279.jpg;140544.jpg
145542.jpg;101421.jpg;154316.jpg
065853.jpg;136813.jpg;120765.jpg
037801.jpg;028121.jpg;153774.jpg
063564.jpg;058449.jpg;107734.jpg
189605.jpg;192217.jpg;126383.jpg
029756.jpg;078211.jpg;082312.jpg
119392.jpg;100855.jpg;121948.jpg
202132.jpg;188893.jpg;137883.jpg
110201.jpg;131025.jpg;188513.jpg
028304.jpg;156662.jpg;106942.jpg
133389.jpg;131778.jpg;091218.jpg
019484.jpg;153520.jpg;076622.jpg
135983.jpg;133418.jpg;138949.jpg
134690.jpg;134848.jpg;150275.jpg
130713.jpg;089070.jpg;149370.jpg
024009.jpg;022993.jpg;162849.jpg
075513.jpg;012111.jpg;074187.jpg
126020.jpg;114486.jpg;180085.jpg
051499.jpg;010053.jpg;021878.jpg
107014.jpg;059812.jpg;131941.jpg
025452.jpg;116622.jpg;083400.jpg
154079.jpg;026483.jpg;187618.jpg
149488.jpg;099237.jpg;163707.jpg
190975.jpg;198616.jpg;039722.jpg
026462.jpg;001074.jpg;193139.jpg
161971.jpg;030077.jpg;081953.jpg
041324.jpg;008711.jpg;002689.jpg
148662.jpg;111213.jpg;144997.jpg
167295.jpg;169262.jpg;003306.jpg
197406.jpg;187440.jpg;082514.jpg
134015.jpg;157965.jpg;025234.jpg
026402.jpg;079761.jpg;175258.jpg
013814.jpg;040755.jpg;127779.jpg
097074.jpg;146226.jpg;199034.jpg
070444.jpg;029110.jpg;020002.jpg
124311.jpg;003281.jpg;156736.jpg
023211.jpg;021433.jpg;174736.jpg
122853.jpg;150469.jpg;172430.jpg
101772.jpg;122200.jpg;037464.jpg
172904.jpg;180345.jpg;008711.jpg
151183.jpg;028034.jpg;048642.jpg
193787.jpg;186942.jpg;178359.jpg
080093.jpg;073448.jpg;143182.jpg
059879.jpg;154885.jpg;015454.jpg
144785.jpg;135044.jpg;063066.jpg
193445.jpg;187718.jpg;090851.jpg
162436.jpg;050510.jpg;161064.jpg
038213.jpg;052087.jpg;036159.jpg
060947.jpg;067398.jpg;004503.jpg
105130.jpg;027724.jpg;051719.jpg
185099.jpg;184215.jpg;170945.jpg
039861.jpg;015524.jpg;154255.jpg
084457.jpg;046693.jpg;160596.jpg
089325.jpg;101768.jpg;001308.jpg
182378.jpg;179331.jpg;149378.jpg
120119.jpg;006676.jpg;110048.jpg
018552.jpg;161579.jpg;173507.jpg
049618.jpg;095023.jpg;196050.jpg
092060.jpg;102727.jpg;145007.jpg
058600.jpg;111621.jpg;195456.jpg
019049.jpg;069423.jpg;076041.jpg
075037.jpg;138024.jpg;144094.jpg
011990.jpg;056298.jpg;009453.jpg
091803.jpg;019534.jpg;076844.jpg
117946.jpg;068078.jpg;190583.jpg
153771.jpg;066524.jpg;147184.jpg
129019.jpg;062692.jpg;097014.jpg
186349.jpg;189683.jpg;133634.jpg
042343.jpg;003714.jpg;133145.jpg
095205.jpg;032085.jpg;059011.jpg
046339.jpg;019976.jpg;003744.jpg
107635.jpg;046122.jpg;100664.jpg
136400.jpg;014188.jpg;039067.jpg
095560.jpg;160759.jpg;109769.jpg
192676.jpg;186104.jpg;059514.jpg
113073.jpg;151263.jpg;179614.jpg
016524.jpg;036746.jpg;192670.jpg
106038.jpg;147307.jpg;040985.jpg
035907.jpg;045568.jpg;144305.jpg
091864.jpg;064162.jpg;108365.jpg
068237.jpg;059171.jpg;171225.jpg
118464.jpg;084235.jpg;100036.jpg
192620.jpg;202147.jpg;051438.jpg
091030.jpg;007931.jpg;180391.jpg
058714.jpg;118947.jpg;082587.jpg
091589.jpg;161217.jpg;161210.jpg
032132.jpg;118559.jpg;192180.jpg
092270.jpg;091060.jpg;135455.jpg
070759.jpg;034548.jpg;029554.jpg
053797.jpg;067518.jpg;022004.jpg
047156.jpg;030550.jpg;182534.jpg
184540.jpg;194272.jpg;192352.jpg
037030.jpg;141340.jpg;120513.jpg
054015.jpg;094763.jpg;093093.jpg
197579.jpg;200847.jpg;078039.jpg
133966.jpg;102020.jpg;174499.jpg
136370.jpg;088903.jpg;156933.jpg
118705.jpg;000706.jpg;013396.jpg
145640.jpg;093004.jpg;031664.jpg
124974.jpg;035143.jpg;166915.jpg
167528.jpg;180082.jpg;061495.jpg
087592.jpg;094364.jpg;023094.jpg
119557.jpg;041938.jpg;014229.jpg
020613.jpg;158409.jpg;184297.jpg
024734.jpg;134839.jpg;022250.jpg
065783.jpg;009677.jpg;051971.jpg
039772.jpg;052183.jpg;092415.jpg
191866.jpg;197924.jpg;070428.jpg
087236.jpg;159994.jpg;197525.jpg
154542.jpg;029220.jpg;047976.jpg
158055.jpg;032761.jpg;088817.jpg
030363.jpg;052191.jpg;056794.jpg
054213.jpg;044451.jpg;201814.jpg
029351.jpg;002749.jpg;023667.jpg
074995.jpg;137531.jpg;126089.jpg
145579.jpg;113982.jpg;117614.jpg
051825.jpg;039778.jpg;164739.jpg
078234.jpg;139326.jpg;178875.jpg
099391.jpg;124451.jpg;170984.jpg
029333.jpg;023810.jpg;200589.jpg
084043.jpg;118467.jpg;170678.jpg
161571.jpg;125424.jpg;023450.jpg
173696.jpg;167115.jpg;049398.jpg
114409.jpg;056026.jpg;158838.jpg
038483.jpg;129585.jpg;113338.jpg
124914.jpg;101330.jpg;075077.jpg
091417.jpg;038627.jpg;055179.jpg
021836.jpg;120413.jpg;149688.jpg
184421.jpg;197548.jpg;133885.jpg
035659.jpg;024675.jpg;187066.jpg
027444.jpg;027097.jpg;151845.jpg
026752.jpg;015833.jpg;188716.jpg
062109.jpg;142737.jpg;197661.jpg
197723.jpg;199306.jpg;156100.jpg
111654.jpg;093967.jpg;160091.jpg
054327.jpg;107784.jpg;184086.jpg
141785.jpg;109173.jpg;030617.jpg
167839.jpg;168498.jpg;134384.jpg
121881.jpg;109747.jpg;051727.jpg
184566.jpg;198309.jpg;164960.jpg
086333.jpg;112398.jpg;036913.jpg
156002.jpg;059760.jpg;093351.jpg
132859.jpg;148726.jpg;007503.jpg
190003.jpg;192487.jpg;195748.jpg
075926.jpg;071901.jpg;198860.jpg
094178.jpg;131034.jpg;119836.jpg
091787.jpg;054806.jpg;076919.jpg
132861.jpg;053886.jpg;032185.jpg
183396.jpg;202199.jpg;035678.jpg
147438.jpg;134338.jpg;050342.jpg
162517.jpg;014088.jpg;066230.jpg
201399.jpg;189810.jpg;186987.jpg
113474.jpg;158692.jpg;183733.jpg
024120.jpg;014117.jpg;046024.jpg
071722.jpg;129826.jpg;099161.jpg
007486.jpg;073962.jpg;077009.jpg
150780.jpg;119589.jpg;082431.jpg
187846.jpg;196907.jpg;126398.jpg
166123.jpg;171739.jpg;006092.jpg
046278.jpg;046863.jpg;007243.jpg
108244.jpg;010521.jpg;133191.jpg
175270.jpg;166913.jpg;156555.jpg
090990.jpg;018832.jpg;042887.jpg
157177.jpg;090368.jpg;177153.jpg
049214.jpg;151786.jpg;006034.jpg
113459.jpg;124514.jpg;188866.jpg
024757.jpg;146523.jpg;095489.jpg
165817.jpg;166081.jpg;112840.jpg
019174.jpg;147363.jpg;115726.jpg
076815.jpg;112335.jpg;024562.jpg
200001.jpg;190320.jpg;099773.jpg
180453.jpg;171831.jpg;025926.jpg
011049.jpg;061777.jpg;096867.jpg
123543.jpg;105040.jpg;025917.jpg
152985.jpg;053717.jpg;017294.jpg
097526.jpg;078130.jpg;020538.jpg
097141.jpg;089661.jpg;149618.jpg
065844.jpg;115915.jpg;100280.jpg
039186.jpg;011515.jpg;160773.jpg
150643.jpg;134295.jpg;145714.jpg
196830.jpg;186277.jpg;021840.jpg
058905.jpg;038880.jpg;058145.jpg
023841.jpg;005185.jpg;128832.jpg
157797.jpg;006664.jpg;006788.jpg
172689.jpg;163628.jpg;124838.jpg
027104.jpg;141272.jpg;111071.jpg
004106.jpg;087496.jpg;062851.jpg
105630.jpg;151432.jpg;034890.jpg
073369.jpg;063933.jpg;140886.jpg
150856.jpg;058613.jpg;000384.jpg
117858.jpg;150367.jpg;140206.jpg
053852.jpg;066252.jpg;162218.jpg
132450.jpg;146432.jpg;028193.jpg
066724.jpg;102219.jpg;026351.jpg
010277.jpg;086247.jpg;101119.jpg
159148.jpg;081749.jpg;141834.jpg
085856.jpg;161024.jpg;165119.jpg
032282.jpg;032956.jpg;137658.jpg
154015.jpg;032501.jpg;041652.jpg
158439.jpg;019639.jpg;173246.jpg
093750.jpg;011740.jpg;007164.jpg
201718.jpg;194855.jpg;171722.jpg
031351.jpg;156072.jpg;202243.jpg
059555.jpg;005727.jpg;198921.jpg
064696.jpg;081228.jpg;151207.jpg
016636.jpg;076606.jpg;096291.jpg
107999.jpg;010225.jpg;146099.jpg
126088.jpg;153302.jpg;005235.jpg
197005.jpg;191973.jpg;087021.jpg
169687.jpg;171030.jpg;119223.jpg
045760.jpg;122672.jpg;063890.jpg
017614.jpg;083535.jpg;197750.jpg
067177.jpg;010593.jpg;196000.jpg
043081.jpg;049744.jpg;153376.jpg
000523.jpg;103083.jpg;063960.jpg
070450.jpg;087323.jpg;033831.jpg
087356.jpg;035757.jpg;165361.jpg
188594.jpg;194025.jpg;156365.jpg
059381.jpg;153429.jpg;186984.jpg
114778.jpg;138818.jpg;115328.jpg
000178.jpg;090221.jpg;067182.jpg
148174.jpg;110002.jpg;121439.jpg
017034.jpg;116989.jpg;188160.jpg
118941.jpg;061896.jpg;108418.jpg
062994.jpg;066885.jpg;019738.jpg
186704.jpg;202511.jpg;044124.jpg
199715.jpg;194441.jpg;181877.jpg
100117.jpg;028491.jpg;064349.jpg
163531.jpg;181047.jpg;050515.jpg
138144.jpg;099529.jpg;115358.jpg
021339.jpg;151390.jpg;195643.jpg
107523.jpg;076964.jpg;164325.jpg
090738.jpg;145440.jpg;076001.jpg
084738.jpg;083196.jpg;161968.jpg
190546.jpg;194782.jpg;188371.jpg
117084.jpg;160042.jpg;172220.jpg
006376.jpg;074581.jpg;154860.jpg
030400.jpg;020215.jpg;115084.jpg
051183.jpg;150166.jpg;016451.jpg
063326.jpg;138615.jpg;093550.jpg
164482.jpg;168432.jpg;012505.jpg
174063.jpg;163084.jpg;024155.jpg
052755.jpg;055674.jpg;169947.jpg
162173.jpg;105595.jpg;161891.jpg
112014.jpg;026013.jpg;001761.jpg
024536.jpg;047475.jpg;108759.jpg
163054.jpg;164544.jpg;189566.jpg
110700.jpg;146352.jpg;089235.jpg
201843.jpg;184976.jpg;167001.jpg
180508.jpg;163848.jpg;196115.jpg
072340.jpg;155175.jpg;182281.jpg
190345.jpg;193519.jpg;138848.jpg
180670.jpg;176787.jpg;022862.jpg
139095.jpg;074636.jpg;027756.jpg
012766.jpg;008426.jpg;035612.jpg
174286.jpg;166886.jpg;108671.jpg
103161.jpg;138863.jpg;050599.jpg
096267.jpg;149300.jpg;157107.jpg
196415.jpg;197224.jpg;150146.jpg
121053.jpg;122234.jpg;016393.jpg
186424.jpg;182653.jpg;079827.jpg
144662.jpg;134978.jpg;025985.jpg
124012.jpg;064498.jpg;101646.jpg
031588.jpg;074759.jpg;188425.jpg
135837.jpg;114802.jpg;123368.jpg
127753.jpg;157363.jpg;133042.jpg
173204.jpg;170277.jpg;185673.jpg
055201.jpg;109102.jpg;049178.jpg
185300.jpg;195091.jpg;087954.jpg
101558.jpg;155253.jpg;082976.jpg
089297.jpg;124360.jpg;058530.jpg
049584.jpg;016093.jpg;061285.jpg
180103.jpg;165268.jpg;179220.jpg
036750.jpg;020330.jpg;038815.jpg
050027.jpg;007526.jpg;199035.jpg
147061.jpg;102891.jpg;175570.jpg
090720.jpg;002313.jpg;113906.jpg
030538.jpg;126560.jpg;053058.jpg
174680.jpg;181355.jpg;104893.jpg
115774.jpg;058645.jpg;114503.jpg
143073.jpg;063758.jpg;075526.jpg
002862.jpg;009901.jpg;075996.jpg
151358.jpg;033361.jpg;069550.jpg
143797.jpg;010187.jpg;150088.jpg
029839.jpg;084288.jpg;159783.jpg
023056.jpg;053200.jpg;173201.jpg
145631.jpg;144321.jpg;137429.jpg
083772.jpg;070322.jpg;151422.jpg
032938.jpg;158130.jpg;006691.jpg
002428.jpg;106539.jpg;128166.jpg
130744.jpg;094442.jpg;031670.jpg
091836.jpg;155967.jpg;021700.jpg
148772.jpg;098040.jpg;002137.jpg
116889.jpg;132789.jpg;190441.jpg
113978.jpg;010937.jpg;168736.jpg
085150.jpg;071645.jpg;125720.jpg
180390.jpg;181622.jpg;152839.jpg
004974.jpg;123705.jpg;070320.jpg
119975.jpg;131115.jpg;160709.jpg
149343.jpg;074073.jpg;104481.jpg
010692.jpg;124879.jpg;090593.jpg
042152.jpg;033777.jpg;052173.jpg
163436.jpg;167838.jpg;159735.jpg
054311.jpg;106677.jpg;010945.jpg
172321.jpg;169893.jpg;049540.jpg
046584.jpg;134546.jpg;018995.jpg
046617.jpg;133600.jpg;175585.jpg
182415.jpg;176367.jpg;058906.jpg
062165.jpg;110377.jpg;007499.jpg
142078.jpg;094877.jpg;008106.jpg
157892.jpg;141863.jpg;186831.jpg
118938.jpg;093936.jpg;042592.jpg
185697.jpg;184556.jpg;049976.jpg
001961.jpg;117912.jpg;050093.jpg
094575.jpg;130483.jpg;002858.jpg
164330.jpg;163896.jpg;085469.jpg
088432.jpg;066552.jpg;138035.jpg
062189.jpg;063915.jpg;181362.jpg
085098.jpg;085627.jpg;202257.jpg
191452.jpg;188354.jpg;130979.jpg
189580.jpg;196323.jpg;173869.jpg
104635.jpg;006105.jpg;071648.jpg
031303.jpg;073961.jpg;001314.jpg
062936.jpg;037309.jpg;100333.jpg
118970.jpg;081860.jpg;099109.jpg
159050.jpg;046062.jpg;190220.jpg
043105.jpg;073118.jpg;127891.jpg
154202.jpg;141084.jpg;122616.jpg
077140.jpg;124876.jpg;044815.jpg
086892.jpg;065687.jpg;055991.jpg
137441.jpg;106800.jpg;174926.jpg
138993.jpg;080446.jpg;108249.jpg
164910.jpg;178179.jpg;081909.jpg
091434.jpg;093145.jpg;092829.jpg
082730.jpg;136946.jpg;186645.jpg
044017.jpg;157641.jpg;181027.jpg
051098.jpg;074332.jpg;039414.jpg
179352.jpg;166134.jpg;089736.jpg
165124.jpg;174663.jpg;194710.jpg
179453.jpg;178458.jpg;080121.jpg
115804.jpg;154431.jpg;169433.jpg
169783.jpg;174469.jpg;058998.jpg
180762.jpg;180186.jpg;027729.jpg
196617.jpg;196000.jpg;145050.jpg
181343.jpg;170093.jpg;199399.jpg
162013.jpg;152443.jpg;012837.jpg
104990.jpg;012973.jpg;160887.jpg
036265.jpg;037181.jpg;010269.jpg
007942.jpg;024868.jpg;163156.jpg
198772.jpg;185339.jpg;201242.jpg
183150.jpg;196855.jpg;023817.jpg
046559.jpg;159466.jpg;007435.jpg
009820.jpg;131454.jpg;021251.jpg
141626.jpg;057218.jpg;008540.jpg
147659.jpg;126959.jpg;010300.jpg
056106.jpg;035169.jpg;192009.jpg
042776.jpg;044991.jpg;080594.jpg
050169.jpg;080706.jpg;056083.jpg
143014.jpg;070370.jpg;015939.jpg
076408.jpg;002869.jpg;023191.jpg
151853.jpg;046046.jpg;177934.jpg
129040.jpg;102255.jpg;124598.jpg
060590.jpg;048074.jpg;077989.jpg
160032.jpg;094887.jpg;197175.jpg
148109.jpg;091890.jpg;149329.jpg
198516.jpg;195499.jpg;080994.jpg
067280.jpg;016787.jpg;141807.jpg
157820.jpg;153379.jpg;158328.jpg
017210.jpg;140494.jpg;119363.jpg
011920.jpg;002861.jpg;123808.jpg
176341.jpg;170641.jpg;187150.jpg
142032.jpg;157466.jpg;031932.jpg
092362.jpg;111904.jpg;055159.jpg
122557.jpg;046431.jpg;074415.jpg
016052.jpg;144366.jpg;126963.jpg
126753.jpg;150086.jpg;112878.jpg
183753.jpg;191521.jpg;195594.jpg
153694.jpg;157145.jpg;093712.jpg
057234.jpg;093410.jpg;000243.jpg
075763.jpg;026461.jpg;025415.jpg
080405.jpg;037382.jpg;124215.jpg
085238.jpg;010010.jpg;099424.jpg
127609.jpg;035508.jpg;035974.jpg
076308.jpg;044371.jpg;154366.jpg
049155.jpg;049706.jpg;106334.jpg
054991.jpg;152770.jpg;001738.jpg
180878.jpg;168886.jpg;100065.jpg
043804.jpg;082905.jpg;021347.jpg
112197.jpg;096087.jpg;194944.jpg
158478.jpg;135968.jpg;036865.jpg
006520.jpg;050463.jpg;194158.jpg
094093.jpg;126494.jpg;051255.jpg
000431.jpg;111519.jpg;031786.jpg
141569.jpg;017311.jpg;053726.jpg
192253.jpg;188959.jpg;101499.jpg
048911.jpg;089820.jpg;069220.jpg
018614.jpg;151792.jpg;170468.jpg
176940.jpg;173552.jpg;100383.jpg
101636.jpg;097730.jpg;166179.jpg
056100.jpg;114811.jpg;024853.jpg
023416.jpg;015884.jpg;191848.jpg
195784.jpg;187605.jpg;030050.jpg
091875.jpg;087837.jpg;088018.jpg
194246.jpg;185791.jpg;088414.jpg
143457.jpg;125022.jpg;133765.jpg
178172.jpg;176731.jpg;020079.jpg
193322.jpg;193969.jpg;056175.jpg
165884.jpg;170836.jpg;127642.jpg
096579.jpg;056956.jpg;171164.jpg
119387.jpg;019403.jpg;114396.jpg
129210.jpg;044019.jpg;149357.jpg
070750.jpg;051027.jpg;141440.jpg
052700.jpg;082627.jpg;009430.jpg
176970.jpg;170896.jpg;092030.jpg
140560.jpg;022400.jpg;022339.jpg
094307.jpg;151934.jpg;103881.jpg
067659.jpg;069789.jpg;165301.jpg
191508.jpg;188027.jpg;163423.jpg
184421.jpg;196002.jpg;016647.jpg
151113.jpg;073281.jpg;182041.jpg
072009.jpg;116707.jpg;196482.jpg
131734.jpg;036127.jpg;170118.jpg
040991.jpg;002514.jpg;096662.jpg
148902.jpg;089266.jpg;089352.jpg
126085.jpg;105991.jpg;090319.jpg
137554.jpg;016776.jpg;041977.jpg
038926.jpg;007227.jpg;089641.jpg
071198.jpg;018354.jpg;094535.jpg
013390.jpg;092273.jpg;057529.jpg
087785.jpg;079980.jpg;070261.jpg
028771.jpg;017871.jpg;017860.jpg
144044.jpg;021715.jpg;192508.jpg
082924.jpg;110053.jpg;027643.jpg
028410.jpg;110215.jpg;188800.jpg
028945.jpg;086807.jpg;024061.jpg
047579.jpg;094064.jpg;078851.jpg
059717.jpg;076937.jpg;046113.jpg
103335.jpg;061122.jpg;021376.jpg
068560.jpg;026159.jpg;121209.jpg
076594.jpg;105006.jpg;052804.jpg
150406.jpg;121545.jpg;169084.jpg
030336.jpg;119940.jpg;057698.jpg
138328.jpg;041193.jpg;129508.jpg
139432.jpg;055652.jpg;028378.jpg
128579.jpg;105919.jpg;015007.jpg
032043.jpg;003986.jpg;012212.jpg
159649.jpg;013545.jpg;072794.jpg
175770.jpg;177496.jpg;159288.jpg
127194.jpg;152953.jpg;035424.jpg
075146.jpg;092826.jpg;108638.jpg
180840.jpg;175245.jpg;066273.jpg
031161.jpg;014604.jpg;178962.jpg
047376.jpg;001923.jpg;090375.jpg
001374.jpg;000257.jpg;153829.jpg
084374.jpg;009997.jpg;144228.jpg
042599.jpg;036266.jpg;178144.jpg
170538.jpg;164694.jpg;085539.jpg
088201.jpg;107587.jpg;142925.jpg
192402.jpg;195301.jpg;110677.jpg
064370.jpg;152485.jpg;084061.jpg
175815.jpg;167081.jpg;190322.jpg
030139.jpg;087838.jpg;119213.jpg
115009.jpg;126253.jpg;010001.jpg
154925.jpg;052460.jpg;058841.jpg
138295.jpg;021327.jpg;022785.jpg
016931.jpg;023798.jpg;057858.jpg
036419.jpg;014453.jpg;133286.jpg
179419.jpg;172951.jpg;033368.jpg
023661.jpg;018537.jpg;011180.jpg
144003.jpg;147141.jpg;086001.jpg
151503.jpg;029949.jpg;018988.jpg
143071.jpg;080730.jpg;067470.jpg
112941.jpg;025299.jpg;103030.jpg
031564.jpg;119981.jpg;099986.jpg
012872.jpg;127849.jpg;177952.jpg
046379.jpg;142760.jpg;121790.jpg
085830.jpg;004087.jpg;152715.jpg
187519.jpg;194879.jpg;176173.jpg
033886.jpg;079286.jpg;101331.jpg
123723.jpg;147039.jpg;054771.jpg
044502.jpg;093555.jpg;079532.jpg
169080.jpg;171036.jpg;169290.jpg
167059.jpg;163113.jpg;088245.jpg
112908.jpg;085617.jpg;116147.jpg
087111.jpg;018588.jpg;170957.jpg
117692.jpg;052033.jpg;041649.jpg
192443.jpg;195760.jpg;013199.jpg
090954.jpg;060376.jpg;009317.jpg
052079.jpg;107858.jpg;041457.jpg
162436.jpg;110147.jpg;076050.jpg
009562.jpg;037897.jpg;018567.jpg
201870.jpg;190934.jpg;091740.jpg
100596.jpg;155042.jpg;138945.jpg
020280.jpg;136903.jpg;130662.jpg
033654.jpg;069101.jpg;068550.jpg
017236.jpg;031841.jpg;019634.jpg
166254.jpg;176168.jpg;038155.jpg
149387.jpg;139889.jpg;050457.jpg
176859.jpg;171260.jpg;117435.jpg
092798.jpg;036111.jpg;033097.jpg
168769.jpg;178496.jpg;103557.jpg
201325.jpg;197543.jpg;167346.jpg
098512.jpg;021526.jpg;077516.jpg
115684.jpg;108282.jpg;004974.jpg
118040.jpg;041846.jpg;097682.jpg
075480.jpg;116476.jpg;014133.jpg
009577.jpg;085786.jpg;005184.jpg
167458.jpg;172969.jpg;142026.jpg
104447.jpg;160319.jpg;159012.jpg
061033.jpg;045642.jpg;042659.jpg
152312.jpg;151302.jpg;189885.jpg
018177.jpg;050496.jpg;090345.jpg
145807.jpg;101636.jpg;196833.jpg
110460.jpg;023038.jpg;130876.jpg
114885.jpg;073637.jpg;100977.jpg
040566.jpg;131945.jpg;146553.jpg
116514.jpg;014919.jpg;061169.jpg
064653.jpg;021257.jpg;173444.jpg
148360.jpg;100828.jpg;041644.jpg
063574.jpg;015911.jpg;000028.jpg
110541.jpg;019782.jpg;093659.jpg
016917.jpg;047507.jpg;190411.jpg
105964.jpg;118036.jpg;139910.jpg
126167.jpg;031295.jpg;015816.jpg
043441.jpg;135213.jpg;094095.jpg
044771.jpg;129841.jpg;084016.jpg
018345.jpg;035284.jpg;033458.jpg
067886.jpg;014215.jpg;137047.jpg
114789.jpg;029617.jpg;002434.jpg
115915.jpg;162513.jpg;046237.jpg
148713.jpg;022133.jpg;013190.jpg
174216.jpg;165930.jpg;147357.jpg
077243.jpg;134961.jpg;130575.jpg
165327.jpg;164661.jpg;116578.jpg
054799.jpg;135825.jpg;080509.jpg
156562.jpg;154906.jpg;140181.jpg
097794.jpg;064709.jpg;001436.jpg
166081.jpg;175889.jpg;131427.jpg
104453.jpg;147895.jpg;172958.jpg
078538.jpg;063251.jpg;110217.jpg
051700.jpg;130466.jpg;158429.jpg
189604.jpg;199553.jpg;077737.jpg
107064.jpg;077266.jpg;202318.jpg
033175.jpg;024075.jpg;006878.jpg
125090.jpg;051109.jpg;031234.jpg
149057.jpg;045285.jpg;161640.jpg
027589.jpg;086867.jpg;091004.jpg
166665.jpg;173131.jpg;153967.jpg
014905.jpg;025630.jpg;051592.jpg
000339.jpg;065918.jpg;021682.jpg
133282.jpg;091322.jpg;024984.jpg
126227.jpg;121280.jpg;007714.jpg
054697.jpg;128420.jpg;132476.jpg
132590.jpg;110188.jpg;036387.jpg
142493.jpg;059806.jpg;085429.jpg
193647.jpg;191836.jpg;025691.jpg
123296.jpg;050936.jpg;195312.jpg
009369.jpg;035460.jpg;074712.jpg
028179.jpg;119564.jpg;197258.jpg
065620.jpg;043063.jpg;171612.jpg
178379.jpg;165486.jpg;060119.jpg
097479.jpg;101620.jpg;030944.jpg
032464.jpg;039505.jpg;166724.jpg
190454.jpg;200893.jpg;017780.jpg
153950.jpg;061891.jpg;097066.jpg
141087.jpg;153204.jpg;036143.jpg
113805.jpg;017609.jpg;146389.jpg
085337.jpg;120409.jpg;180490.jpg
022945.jpg;154334.jpg;066569.jpg
202563.jpg;187579.jpg;126371.jpg
157657.jpg;098594.jpg;197934.jpg
117527.jpg;150436.jpg;197975.jpg
166425.jpg;178911.jpg;072210.jpg
174996.jpg;167918.jpg;051719.jpg
115572.jpg;062595.jpg;117243.jpg
115922.jpg;080445.jpg;169418.jpg
014845.jpg;084028.jpg;021894.jpg
089848.jpg;010998.jpg;184104.jpg
020912.jpg;135800.jpg;045373.jpg
006582.jpg;006519.jpg;105918.jpg
189819.jpg;194384.jpg;099425.jpg
179676.jpg;170594.jpg;036195.jpg
076273.jpg;158756.jpg;112723.jpg
050113.jpg;144006.jpg;166912.jpg
090145.jpg;149738.jpg;182945.jpg
087600.jpg;092354.jpg;074734.jpg
009535.jpg;074788.jpg;003468.jpg
110345.jpg;037481.jpg;021561.jpg
165995.jpg;170627.jpg;188131.jpg
077752.jpg;000643.jpg;137354.jpg
052120.jpg;048958.jpg;127881.jpg
113195.jpg;159663.jpg;188205.jpg
055377.jpg;082002.jpg;062850.jpg
051943.jpg;126612.jpg;000094.jpg
008806.jpg;049795.jpg;050243.jpg
186217.jpg;192853.jpg;057745.jpg
041750.jpg;148926.jpg;023644.jpg
130618.jpg;062601.jpg;150172.jpg
080383.jpg;148474.jpg;003039.jpg
087906.jpg;124099.jpg;088173.jpg
200585.jpg;192301.jpg;173673.jpg
152675.jpg;009460.jpg;058178.jpg
190929.jpg;188265.jpg;132516.jpg
193165.jpg;185041.jpg;083881.jpg
151644.jpg;114396.jpg;119796.jpg
006793.jpg;084000.jpg;035533.jpg
172554.jpg;181531.jpg;029665.jpg
090639.jpg;029528.jpg;049121.jpg
073408.jpg;035184.jpg;168399.jpg
158908.jpg;026697.jpg;109792.jpg
089591.jpg;102153.jpg;079705.jpg
052304.jpg;091620.jpg;031124.jpg
152676.jpg;124736.jpg;033156.jpg
134287.jpg;035128.jpg;202274.jpg
018892.jpg;056228.jpg;096620.jpg
078007.jpg;049868.jpg;020756.jpg
066565.jpg;024172.jpg;066629.jpg
039245.jpg;104851.jpg;082150.jpg
059402.jpg;035189.jpg;086080.jpg
077037.jpg;100509.jpg;201825.jpg
022256.jpg;018369.jpg;020334.jpg
060836.jpg;039001.jpg;139815.jpg
007882.jpg;088983.jpg;115800.jpg
151515.jpg;136251.jpg;148254.jpg
135175.jpg;039881.jpg;007090.jpg
079591.jpg;131278.jpg;099922.jpg
050575.jpg;071141.jpg;133449.jpg
171049.jpg;182472.jpg;030211.jpg
135877.jpg;035495.jpg;181751.jpg
074552.jpg;075784.jpg;155601.jpg
184728.jpg;197467.jpg;055014.jpg
164279.jpg;172768.jpg;048940.jpg
103726.jpg;026800.jpg;015840.jpg
116215.jpg;071980.jpg;022985.jpg
101036.jpg;159712.jpg;050232.jpg
165984.jpg;176020.jpg;113551.jpg
200069.jpg;202230.jpg;071521.jpg
077476.jpg;126145.jpg;041068.jpg
175715.jpg;179507.jpg;186138.jpg
091726.jpg;098644.jpg;015992.jpg
062653.jpg;106147.jpg;009072.jpg
095443.jpg;090958.jpg;094034.jpg
175982.jpg;168857.jpg;116897.jpg
065213.jpg;025296.jpg;003367.jpg
186736.jpg;186410.jpg;158508.jpg
182859.jpg;198094.jpg;088813.jpg
146642.jpg;142298.jpg;157199.jpg
130553.jpg;155964.jpg;092774.jpg
108905.jpg;122903.jpg;137921.jpg
137135.jpg;115310.jpg;035871.jpg
121573.jpg;057860.jpg;117317.jpg
175970.jpg;178041.jpg;116517.jpg
153763.jpg;124475.jpg;051932.jpg
156183.jpg;152796.jpg;147222.jpg
165053.jpg;169617.jpg;079293.jpg
066047.jpg;136170.jpg;106027.jpg
094235.jpg;032589.jpg;021662.jpg
155738.jpg;039933.jpg;027346.jpg
074188.jpg;108531.jpg;111131.jpg
168244.jpg;170822.jpg;006741.jpg
120091.jpg;033172.jpg;027741.jpg
135793.jpg;070362.jpg;096499.jpg
043151.jpg;080283.jpg;072391.jpg
027306.jpg;021260.jpg;192919.jpg
147804.jpg;112754.jpg;162839.jpg
065619.jpg;062777.jpg;011944.jpg
074682.jpg;065313.jpg;080498.jpg
086104.jpg;076784.jpg;162964.jpg
155917.jpg;131693.jpg;167603.jpg
079120.jpg;044562.jpg;166336.jpg
056557.jpg;060836.jpg;170700.jpg
184992.jpg;199459.jpg;107170.jpg
027063.jpg;048883.jpg;161251.jpg
198065.jpg;196715.jpg;169519.jpg
178508.jpg;169598.jpg;104964.jpg
117270.jpg;082343.jpg;020523.jpg
054743.jpg;133698.jpg;095028.jpg
034581.jpg;127487.jpg;073290.jpg
157252.jpg;061457.jpg;058844.jpg
040823.jpg;153536.jpg;192214.jpg
084973.jpg;091241.jpg;174221.jpg
023351.jpg;016322.jpg;024571.jpg
061905.jpg;036327.jpg;170811.jpg
023973.jpg;125145.jpg;004435.jpg
179617.jpg;169019.jpg;121001.jpg
158056.jpg;121443.jpg;139321.jpg
069401.jpg;135357.jpg;069976.jpg
100600.jpg;151766.jpg;179561.jpg
101557.jpg;145986.jpg;179198.jpg
024364.jpg;002785.jpg;113130.jpg
177083.jpg;171151.jpg;177082.jpg
097079.jpg;094428.jpg;191422.jpg
201372.jpg;190692.jpg;000272.jpg
165927.jpg;179876.jpg;183548.jpg
142215.jpg;150538.jpg;065295.jpg
166088.jpg;177477.jpg;039592.jpg
064711.jpg;138404.jpg;062310.jpg
160581.jpg;059011.jpg;071877.jpg
036993.jpg;162128.jpg;071421.jpg
170316.jpg;174314.jpg;022232.jpg
116859.jpg;154972.jpg;158884.jpg
016364.jpg;091578.jpg;061989.jpg
049076.jpg;054976.jpg;172408.jpg
150988.jpg;012944.jpg;013843.jpg
090475.jpg;140781.jpg;013545.jpg
072817.jpg;104508.jpg;155975.jpg
029569.jpg;034162.jpg;145420.jpg
185335.jpg;196450.jpg;118349.jpg
175128.jpg;175215.jpg;005497.jpg
182781.jpg;198275.jpg;171004.jpg
185585.jpg;184732.jpg;179194.jpg
005378.jpg;075123.jpg;126121.jpg
133555.jpg;111366.jpg;068777.jpg
201693.jpg;191005.jpg;045259.jpg
052299.jpg;130625.jpg;117952.jpg
035343.jpg;106772.jpg;086594.jpg
048884.jpg;117397.jpg;102630.jpg
044829.jpg;051264.jpg;016651.jpg
061937.jpg;065656.jpg;185559.jpg
105844.jpg;139405.jpg;009815.jpg
040199.jpg;032994.jpg;197347.jpg
161012.jpg;159883.jpg;181681.jpg
163956.jpg;167227.jpg;016205.jpg
148579.jpg;032547.jpg;009590.jpg
110373.jpg;044524.jpg;008280.jpg
021739.jpg;027126.jpg;136445.jpg
181385.jpg;182340.jpg;143159.jpg
017478.jpg;011462.jpg;146368.jpg
153039.jpg;051979.jpg;126990.jpg
011803.jpg;004011.jpg;187924.jpg
082773.jpg;153547.jpg;085164.jpg
074456.jpg;059914.jpg;031020.jpg
028748.jpg;007667.jpg;095967.jpg
012232.jpg;140044.jpg;168507.jpg
167958.jpg;176214.jpg;162660.jpg
186235.jpg;192043.jpg;145448.jpg
184225.jpg;183214.jpg;028361.jpg
042662.jpg;032432.jpg;073982.jpg
112268.jpg;078695.jpg;147201.jpg
023369.jpg;065185.jpg;093190.jpg
177360.jpg;179166.jpg;184402.jpg
108024.jpg;161018.jpg;070138.jpg
064921.jpg;072223.jpg;001476.jpg
011360.jpg;099022.jpg;137669.jpg
047555.jpg;082897.jpg;149719.jpg
033144.jpg;079987.jpg;068492.jpg
001980.jpg;033693.jpg;089327.jpg
033390.jpg;113988.jpg;138695.jpg
192259.jpg;183092.jpg;006257.jpg
020905.jpg;115198.jpg;197794.jpg
136457.jpg;142021.jpg;089349.jpg
184192.jpg;199547.jpg;105612.jpg
152780.jpg;137869.jpg;116187.jpg
119320.jpg;076639.jpg;008449.jpg
024010.jpg;042405.jpg;108549.jpg
075428.jpg;101110.jpg;074789.jpg
071351.jpg;009100.jpg;088510.jpg
192621.jpg;187574.jpg;201926.jpg
194747.jpg;188392.jpg;102528.jpg
166702.jpg;172903.jpg;161690.jpg
093773.jpg;123829.jpg;166446.jpg
160603.jpg;050469.jpg;179767.jpg
187164.jpg;188745.jpg;089865.jpg
122080.jpg;014012.jpg;003012.jpg
150490.jpg;148573.jpg;109274.jpg
191335.jpg;201820.jpg;059266.jpg
117745.jpg;111974.jpg;161904.jpg
047983.jpg;132519.jpg;033777.jpg
157445.jpg;019184.jpg;019549.jpg
140701.jpg;109970.jpg;030213.jpg
160001.jpg;102960.jpg;161342.jpg
126616.jpg;140932.jpg;189468.jpg
120526.jpg;123748.jpg;179516.jpg
166565.jpg;170264.jpg;103418.jpg
033327.jpg;067959.jpg;078121.jpg
189256.jpg;189071.jpg;045365.jpg
139388.jpg;002291.jpg;131533.jpg
069819.jpg;157611.jpg;070081.jpg
192721.jpg;188070.jpg;064526.jpg
086205.jpg;103990.jpg;178966.jpg
157088.jpg;106049.jpg;102484.jpg
172909.jpg;177066.jpg;137846.jpg
076159.jpg;131476.jpg;183416.jpg
066465.jpg;153168.jpg;075694.jpg
042335.jpg;042285.jpg;201251.jpg
155685.jpg;089868.jpg;061256.jpg
086945.jpg;002000.jpg;145513.jpg
169576.jpg;180324.jpg;075231.jpg
120079.jpg;074912.jpg;147730.jpg
163044.jpg;179780.jpg;084266.jpg
092780.jpg;046285.jpg;195975.jpg
044936.jpg;127909.jpg;155236.jpg
015731.jpg;147037.jpg;191812.jpg
120771.jpg;019635.jpg;143152.jpg
192063.jpg;199431.jpg;040590.jpg
059520.jpg;006111.jpg;048842.jpg
008687.jpg;140668.jpg;174044.jpg
086263.jpg;113060.jpg;128030.jpg
021037.jpg;025440.jpg;048881.jpg
045080.jpg;058157.jpg;184460.jpg
185524.jpg;187451.jpg;186604.jpg
144698.jpg;141489.jpg;117874.jpg
068666.jpg;145194.jpg;165018.jpg
167710.jpg;173470.jpg;029643.jpg
015850.jpg;120374.jpg;084483.jpg
060918.jpg;094642.jpg;063532.jpg
143178.jpg;051032.jpg;101890.jpg
078780.jpg;118901.jpg;023321.jpg
081576.jpg;091642.jpg;116095.jpg
042881.jpg;133676.jpg;132292.jpg
166644.jpg;163666.jpg;046313.jpg
061733.jpg;093436.jpg;075604.jpg
130137.jpg;049219.jpg;139617.jpg
129849.jpg;091494.jpg;175472.jpg
184558.jpg;186688.jpg;087110.jpg
029271.jpg;091023.jpg;002081.jpg
170676.jpg;173367.jpg;149857.jpg
057120.jpg;031642.jpg;153970.jpg
161765.jpg;162240.jpg;070626.jpg
004132.jpg;150268.jpg;174843.jpg
038112.jpg;002940.jpg;152235.jpg
202315.jpg;192953.jpg;166748.jpg
028150.jpg;001560.jpg;121005.jpg
125185.jpg;142376.jpg;082249.jpg
046410.jpg;059713.jpg;019011.jpg
006254.jpg;099771.jpg;179053.jpg
031329.jpg;012109.jpg;128895.jpg
098963.jpg;129974.jpg;109334.jpg
056496.jpg;008774.jpg;076568.jpg
039412.jpg;057160.jpg;189345.jpg
164387.jpg;177739.jpg;059312.jpg
143039.jpg;139552.jpg;054879.jpg
181002.jpg;166891.jpg;100817.jpg
186283.jpg;195660.jpg;019652.jpg
189961.jpg;185720.jpg;058892.jpg
022725.jpg;162653.jpg;118452.jpg
185105.jpg;193629.jpg;003575.jpg
128069.jpg;015061.jpg;169298.jpg
046161.jpg;107802.jpg;009718.jpg
054441.jpg;003281.jpg;041351.jpg
011222.jpg;054467.jpg;017522.jpg
138264.jpg;018478.jpg;008992.jpg
167228.jpg;168305.jpg;016054.jpg
010523.jpg;009038.jpg;170199.jpg
115673.jpg;074894.jpg;093889.jpg
064463.jpg;141458.jpg;131246.jpg
088286.jpg;074990.jpg;107734.jpg
083600.jpg;023809.jpg;118931.jpg
161605.jpg;064747.jpg;120462.jpg
015188.jpg;125990.jpg;186979.jpg
152664.jpg;049240.jpg;038576.jpg
164545.jpg;165175.jpg;033460.jpg
167874.jpg;172291.jpg;000135.jpg
036170.jpg;112054.jpg;136937.jpg
086362.jpg;157494.jpg;096350.jpg
192643.jpg;186018.jpg;158003.jpg
166752.jpg;169309.jpg;047628.jpg
193576.jpg;193935.jpg;190792.jpg
157238.jpg;138448.jpg;053234.jpg
045849.jpg;058108.jpg;020580.jpg
157032.jpg;025490.jpg;192183.jpg
201885.jpg;187355.jpg;128384.jpg
160660.jpg;033452.jpg;084849.jpg
103655.jpg;022668.jpg;089624.jpg
164272.jpg;177899.jpg;119092.jpg
139238.jpg;021143.jpg;074299.jpg
037627.jpg;006208.jpg;019267.jpg
070909.jpg;096920.jpg;114004.jpg
159802.jpg;000581.jpg;121003.jpg
177433.jpg;176641.jpg;096697.jpg
006408.jpg;136895.jpg;049873.jpg
172637.jpg;175468.jpg;170010.jpg
167693.jpg;175487.jpg;023224.jpg
007873.jpg;145144.jpg;084551.jpg
069201.jpg;146339.jpg;103371.jpg
173594.jpg;164622.jpg;044093.jpg
106972.jpg;008907.jpg;135231.jpg
136868.jpg;081290.jpg;112013.jpg
003846.jpg;160080.jpg;064913.jpg
059488.jpg;018296.jpg;089011.jpg
131825.jpg;073403.jpg;085413.jpg
045480.jpg;003963.jpg;098208.jpg
183770.jpg;191098.jpg;068609.jpg
173491.jpg;182488.jpg;122864.jpg
159732.jpg;132774.jpg;157414.jpg
179766.jpg;177153.jpg;175636.jpg
037835.jpg;115945.jpg;179699.jpg
115485.jpg;154461.jpg;041795.jpg
177388.jpg;176042.jpg;192689.jpg
193748.jpg;187167.jpg;146314.jpg
105303.jpg;036421.jpg;188738.jpg
110290.jpg;106578.jpg;133727.jpg
085415.jpg;035029.jpg;139071.jpg
194507.jpg;187438.jpg;128717.jpg
153954.jpg;120085.jpg;050984.jpg
018528.jpg;047073.jpg;192590.jpg
034877.jpg;107657.jpg;022283.jpg
122492.jpg;071656.jpg;115245.jpg
172020.jpg;172967.jpg;186458.jpg
035348.jpg;027772.jpg;003947.jpg
182811.jpg;192060.jpg;078250.jpg
176208.jpg;164593.jpg;155287.jpg
124580.jpg;086472.jpg;151550.jpg
163537.jpg;178269.jpg;042406.jpg
094365.jpg;020365.jpg;176819.jpg
047384.jpg;105554.jpg;057866.jpg
062037.jpg;052627.jpg;191306.jpg
165289.jpg;181396.jpg;046293.jpg
013238.jpg;152754.jpg;071757.jpg
024246.jpg;006292.jpg;150519.jpg
127682.jpg;018864.jpg;055639.jpg
011932.jpg;003552.jpg;005822.jpg
195066.jpg;198932.jpg;108174.jpg
031385.jpg;007797.jpg;133418.jpg
069024.jpg;109487.jpg;019655.jpg
190439.jpg;199778.jpg;054983.jpg
094750.jpg;145132.jpg;126333.jpg
106900.jpg;026957.jpg;019701.jpg
114527.jpg;077473.jpg;147275.jpg
045254.jpg;147174.jpg;117116.jpg
020765.jpg;006434.jpg;166186.jpg
139840.jpg;154302.jpg;067652.jpg
103685.jpg;141313.jpg;009261.jpg
132921.jpg;035177.jpg;142476.jpg
152912.jpg;096907.jpg;043156.jpg
137756.jpg;089732.jpg;033466.jpg
112783.jpg;044453.jpg;029899.jpg
014699.jpg;054719.jpg;148115.jpg
183385.jpg;200382.jpg;012357.jpg
103789.jpg;003470.jpg;067404.jpg
123084.jpg;093826.jpg;048863.jpg
128529.jpg;159335.jpg;139764.jpg
063290.jpg;112351.jpg;023778.jpg
180442.jpg;173453.jpg;113475.jpg
137683.jpg;010821.jpg;076199.jpg
130629.jpg;119638.jpg;134477.jpg
149180.jpg;007967.jpg;100293.jpg
037238.jpg;007107.jpg;160970.jpg
074352.jpg;017649.jpg;048638.jpg
066344.jpg;006854.jpg;113448.jpg
146742.jpg;086804.jpg;089081.jpg
106218.jpg;125733.jpg;165680.jpg
079636.jpg;008485.jpg;194220.jpg
006877.jpg;058320.jpg;103311.jpg
177080.jpg;166282.jpg;010160.jpg
157367.jpg;110293.jpg;193348.jpg
090068.jpg;066215.jpg;059782.jpg
089699.jpg;037757.jpg;199005.jpg
112277.jpg;044072.jpg;068912.jpg
135686.jpg;120883.jpg;040342.jpg
017924.jpg;059570.jpg;190030.jpg
035362.jpg;131057.jpg;106459.jpg
189655.jpg;185493.jpg;124339.jpg
050915.jpg;129787.jpg;013571.jpg
087878.jpg;016850.jpg;181065.jpg
049450.jpg;130680.jpg;033738.jpg
076893.jpg;044734.jpg;032408.jpg
062997.jpg;066340.jpg;051583.jpg
080354.jpg;077336.jpg;187702.jpg
073135.jpg;008590.jpg;160719.jpg
129458.jpg;055290.jpg;035350.jpg
130119.jpg;113264.jpg;095823.jpg
090862.jpg;151814.jpg;074560.jpg
123526.jpg;112039.jpg;139952.jpg
132907.jpg;048288.jpg;133116.jpg
175253.jpg;179673.jpg;089180.jpg
055717.jpg;017023.jpg;197474.jpg
025736.jpg;062081.jpg;136691.jpg
081924.jpg;065821.jpg;026274.jpg
174233.jpg;171263.jpg;102367.jpg
120888.jpg;072406.jpg;101960.jpg
160286.jpg;087661.jpg;185098.jpg
137100.jpg;132574.jpg;132442.jpg
089759.jpg;069633.jpg;070060.jpg
000353.jpg;127852.jpg;048354.jpg
118198.jpg;060973.jpg;078399.jpg
062004.jpg;158777.jpg;021515.jpg
198781.jpg;199127.jpg;192093.jpg
194031.jpg;194289.jpg;018923.jpg
103768.jpg;014842.jpg;062795.jpg
164263.jpg;181830.jpg;006423.jpg
005998.jpg;004340.jpg;016065.jpg
103650.jpg;159915.jpg;182007.jpg
067192.jpg;024043.jpg;112561.jpg
190449.jpg;188446.jpg;042761.jpg
182667.jpg;195024.jpg;077329.jpg
134998.jpg;131785.jpg;015141.jpg
123158.jpg;060020.jpg;111485.jpg
116633.jpg;056101.jpg;100892.jpg
195943.jpg;185290.jpg;075161.jpg
021982.jpg;139156.jpg;100969.jpg
169619.jpg;180177.jpg;165890.jpg
000565.jpg;151094.jpg;091275.jpg
167265.jpg;167936.jpg;072519.jpg
025453.jpg;055246.jpg;086756.jpg
023205.jpg;098600.jpg;143511.jpg
158724.jpg;110557.jpg;202350.jpg
137023.jpg;041012.jpg;087949.jpg
118778.jpg;040346.jpg;021401.jpg
125871.jpg;076803.jpg;189189.jpg
020876.jpg;114902.jpg;121684.jpg
038682.jpg;017192.jpg;167407.jpg
097630.jpg;052629.jpg;144353.jpg
187900.jpg;194687.jpg;147824.jpg
024990.jpg;002265.jpg;095415.jpg
027931.jpg;144495.jpg;033819.jpg
072468.jpg;042035.jpg;105713.jpg
200821.jpg;192049.jpg;150832.jpg
126210.jpg;146837.jpg;017401.jpg
194132.jpg;186747.jpg;065649.jpg
158291.jpg;137565.jpg;113064.jpg
159309.jpg;017795.jpg;151153.jpg
022900.jpg;099029.jpg;057204.jpg
086478.jpg;154044.jpg;019179.jpg
014613.jpg;097476.jpg;084236.jpg
128264.jpg;090592.jpg;073824.jpg
143056.jpg;095515.jpg;044021.jpg
148974.jpg;015243.jpg;151395.jpg
069932.jpg;057650.jpg;106408.jpg
118344.jpg;108659.jpg;110835.jpg
136984.jpg;104627.jpg;129784.jpg
145836.jpg;054025.jpg;170963.jpg
020883.jpg;065574.jpg;000945.jpg
200087.jpg;191147.jpg;156001.jpg
184069.jpg;184931.jpg;095819.jpg
154706.jpg;062770.jpg;121359.jpg
081290.jpg;028577.jpg;084585.jpg
073561.jpg;012975.jpg;181531.jpg
033952.jpg;065358.jpg;001495.jpg
093734.jpg;090773.jpg;137036.jpg
021529.jpg;113282.jpg;138874.jpg
193292.jpg;192178.jpg;097418.jpg
119035.jpg;039367.jpg;125192.jpg
015472.jpg;128452.jpg;121068.jpg
178754.jpg;182488.jpg;158553.jpg
086889.jpg;010738.jpg;092105.jpg
102681.jpg;001830.jpg;039078.jpg
121617.jpg;160083.jpg;001409.jpg
081363.jpg;045959.jpg;165038.jpg
186392.jpg;198685.jpg;100800.jpg
194760.jpg;187277.jpg;159412.jpg
006585.jpg;002285.jpg;101868.jpg
017146.jpg;043020.jpg;033802.jpg
128374.jpg;137057.jpg;014486.jpg
177122.jpg;168288.jpg;111553.jpg
147735.jpg;106705.jpg;122984.jpg
118295.jpg;114569.jpg;015095.jpg
169594.jpg;178746.jpg;151642.jpg
172392.jpg;179275.jpg;020550.jpg
087353.jpg;034509.jpg;102770.jpg
016301.jpg;066423.jpg;127979.jpg
030906.jpg;094688.jpg;024006.jpg
116114.jpg;010811.jpg;094568.jpg
158800.jpg;059970.jpg;138829.jpg
162878.jpg;172585.jpg;181359.jpg
143878.jpg;021124.jpg;040223.jpg
009783.jpg;078278.jpg;012036.jpg
157566.jpg;153585.jpg;067231.jpg
131120.jpg;062282.jpg;181544.jpg
176668.jpg;163533.jpg;093097.jpg
020619.jpg;159166.jpg;053161.jpg
074942.jpg;058549.jpg;088042.jpg
192367.jpg;183150.jpg;045604.jpg
143940.jpg;079701.jpg;002037.jpg
123684.jpg;093132.jpg;069903.jpg
177225.jpg;162797.jpg;098583.jpg
193216.jpg;196436.jpg;134360.jpg
069387.jpg;078013.jpg;110983.jpg
084001.jpg;088763.jpg;057775.jpg
054961.jpg;133588.jpg;133888.jpg
033102.jpg;152041.jpg;024267.jpg
191798.jpg;202571.jpg;063433.jpg
054253.jpg;112614.jpg;113115.jpg
054150.jpg;031813.jpg;060299.jpg
110983.jpg;079696.jpg;017410.jpg
026175.jpg;146427.jpg;136088.jpg
042245.jpg;094495.jpg;140466.jpg
133875.jpg;041467.jpg;189106.jpg
084983.jpg;049708.jpg;038929.jpg
142182.jpg;118749.jpg;140379.jpg
068889.jpg;044691.jpg;190811.jpg
021398.jpg;085493.jpg;035456.jpg
118538.jpg;032045.jpg;196785.jpg
095764.jpg;127111.jpg;123869.jpg
192024.jpg;192231.jpg;068887.jpg
134164.jpg;078591.jpg;098412.jpg
084035.jpg;125913.jpg;148651.jpg
196147.jpg;184736.jpg;030015.jpg
027007.jpg;128608.jpg;047246.jpg
064223.jpg;019925.jpg;082082.jpg
054098.jpg;089039.jpg;177286.jpg
178592.jpg;172348.jpg;133008.jpg
131135.jpg;157407.jpg;050613.jpg
103023.jpg;087194.jpg;076254.jpg
199436.jpg;188804.jpg;102692.jpg
131380.jpg;106109.jpg;155311.jpg
016099.jpg;013991.jpg;124568.jpg
103443.jpg;053252.jpg;068758.jpg
170961.jpg;178374.jpg;099144.jpg
177694.jpg;163972.jpg;043443.jpg
160618.jpg;059047.jpg;169004.jpg
008286.jpg;150905.jpg;172888.jpg
132733.jpg;110077.jpg;088982.jpg
036390.jpg;009815.jpg;083080.jpg
008745.jpg;016270.jpg;093714.jpg
098000.jpg;003979.jpg;023024.jpg
072204.jpg;052748.jpg;000086.jpg
043781.jpg;132504.jpg;088012.jpg
177472.jpg;168774.jpg;154151.jpg
187805.jpg;196312.jpg;182004.jpg
129733.jpg;067041.jpg;163459.jpg
139216.jpg;005287.jpg;080635.jpg
039331.jpg;029470.jpg;185377.jpg
084689.jpg;095912.jpg;151281.jpg
068886.jpg;070816.jpg;035698.jpg
167510.jpg;173656.jpg;147059.jpg
190035.jpg;189473.jpg;105843.jpg
065956.jpg;146017.jpg;091282.jpg
067075.jpg;014192.jpg;180577.jpg
150927.jpg;090206.jpg;160749.jpg
093532.jpg;027511.jpg;022229.jpg
064293.jpg;114678.jpg;143105.jpg
022775.jpg;116845.jpg;126346.jpg
196817.jpg;201834.jpg;165295.jpg
064742.jpg;158612.jpg;098108.jpg
092544.jpg;031797.jpg;080642.jpg
122674.jpg;041279.jpg;036858.jpg
140544.jpg;067974.jpg;174680.jpg
155390.jpg;024839.jpg;033492.jpg
140757.jpg;099514.jpg;167352.jpg
111997.jpg;136163.jpg;081537.jpg
149873.jpg;119326.jpg;038422.jpg
128583.jpg;059287.jpg;161826.jpg
098574.jpg;032639.jpg;127737.jpg
133410.jpg;105778.jpg;086310.jpg
090613.jpg;093697.jpg;100566.jpg
105166.jpg;033932.jpg;102973.jpg
014830.jpg;101048.jpg;167569.jpg
117660.jpg;145391.jpg;061662.jpg
141231.jpg;059064.jpg;039403.jpg
032444.jpg;058268.jpg;165659.jpg
192335.jpg;191413.jpg;034730.jpg
146738.jpg;117586.jpg;016306.jpg
069505.jpg;029588.jpg;114339.jpg
014331.jpg;011219.jpg;021011.jpg
122132.jpg;019946.jpg;130895.jpg
195383.jpg;190100.jpg;153735.jpg
140702.jpg;095018.jpg;013562.jpg
137121.jpg;157270.jpg;167322.jpg
002092.jpg;040404.jpg;099274.jpg
119183.jpg;096069.jpg;117006.jpg
004961.jpg;157057.jpg;181822.jpg
121546.jpg;122484.jpg;083706.jpg
066025.jpg;119041.jpg;154248.jpg
056657.jpg;065612.jpg;001931.jpg
026660.jpg;051019.jpg;115514.jpg
109294.jpg;008333.jpg;174384.jpg
017889.jpg;137881.jpg;106112.jpg
187382.jpg;194504.jpg;022194.jpg
089684.jpg;014371.jpg;084938.jpg
082566.jpg;036943.jpg;034658.jpg
114983.jpg;081880.jpg;185743.jpg
128149.jpg;112020.jpg;202481.jpg
030316.jpg;078642.jpg;123293.jpg
194000.jpg;188059.jpg;200938.jpg
050999.jpg;096523.jpg;021292.jpg
162561.jpg;020825.jpg;089280.jpg
043211.jpg;050882.jpg;055516.jpg
060840.jpg;087737.jpg;017521.jpg
132171.jpg;048962.jpg;150926.jpg
140369.jpg;003354.jpg;091217.jpg
140497.jpg;087509.jpg;125416.jpg
054885.jpg;082987.jpg;160213.jpg
121840.jpg;055109.jpg;153200.jpg
088383.jpg;090195.jpg;127984.jpg
010534.jpg;120562.jpg;030213.jpg
125910.jpg;150265.jpg;197571.jpg
045408.jpg;120455.jpg;170167.jpg
093747.jpg;064466.jpg;117795.jpg
173685.jpg;170722.jpg;194731.jpg
027330.jpg;143206.jpg;081792.jpg
003151.jpg;003160.jpg;018693.jpg
165755.jpg;168325.jpg;031969.jpg
053902.jpg;132815.jpg;139124.jpg
178280.jpg;166373.jpg;087392.jpg
078131.jpg;099520.jpg;062551.jpg
045339.jpg;056912.jpg;158480.jpg
172186.jpg;180736.jpg;177129.jpg
119057.jpg;112838.jpg;036904.jpg
202154.jpg;201981.jpg;114862.jpg
016279.jpg;013038.jpg;154525.jpg
047442.jpg;152748.jpg;071657.jpg
118005.jpg;125393.jpg;116017.jpg
163026.jpg;182496.jpg;131772.jpg
086298.jpg;150875.jpg;130258.jpg
019091.jpg;118436.jpg;095352.jpg
057159.jpg;155138.jpg;140280.jpg
031535.jpg;049009.jpg;121074.jpg
111388.jpg;011616.jpg;057487.jpg
024421.jpg;123730.jpg;091716.jpg
020011.jpg;059680.jpg;088536.jpg
132283.jpg;156990.jpg;056507.jpg
173358.jpg;176134.jpg;122045.jpg
025728.jpg;096991.jpg;028910.jpg
159503.jpg;122639.jpg;138064.jpg
127100.jpg;091737.jpg;061573.jpg
133748.jpg;046388.jpg;083616.jpg
067261.jpg;129582.jpg;037235.jpg
019925.jpg;027637.jpg;034045.jpg
144736.jpg;106742.jpg;095190.jpg
189701.jpg;184973.jpg;136102.jpg
055637.jpg;031504.jpg;056100.jpg
062431.jpg;090446.jpg;170269.jpg
175819.jpg;171017.jpg;021570.jpg
030207.jpg;026969.jpg;167321.jpg
007446.jpg;007216.jpg;180786.jpg
038817.jpg;082073.jpg;182286.jpg
034346.jpg;077425.jpg;051773.jpg
043550.jpg;129248.jpg;034238.jpg
187511.jpg;191470.jpg;005620.jpg
074435.jpg;026361.jpg;026017.jpg
083992.jpg;077297.jpg;060951.jpg
180692.jpg;173666.jpg;196397.jpg
167745.jpg;174485.jpg;049442.jpg
056513.jpg;037947.jpg;140932.jpg
173177.jpg;182095.jpg;198203.jpg
177864.jpg;165319.jpg;170117.jpg
004965.jpg;144938.jpg;164869.jpg
137272.jpg;157360.jpg;002372.jpg
152778.jpg;072525.jpg;121188.jpg
195432.jpg;189784.jpg;077729.jpg
038688.jpg;105953.jpg;078558.jpg
163685.jpg;169971.jpg;101427.jpg
130977.jpg;115167.jpg;088464.jpg
163423.jpg;165219.jpg;022631.jpg
166936.jpg;163091.jpg;183852.jpg
133061.jpg;051947.jpg;107339.jpg
136707.jpg;063048.jpg;038526.jpg
068963.jpg;139526.jpg;077016.jpg
130761.jpg;109247.jpg;139066.jpg
172196.jpg;178745.jpg;102428.jpg
158154.jpg;072349.jpg;003605.jpg
169915.jpg;175707.jpg;128941.jpg
024681.jpg;144383.jpg;178944.jpg
179602.jpg;181179.jpg;199779.jpg
005173.jpg;001843.jpg;083105.jpg
058832.jpg;090274.jpg;063293.jpg
199806.jpg;185198.jpg;089535.jpg
045888.jpg;141549.jpg;105914.jpg
045964.jpg;021274.jpg;151920.jpg
185021.jpg;202230.jpg;126452.jpg
121102.jpg;098743.jpg;064492.jpg
037848.jpg;043627.jpg;201792.jpg
000250.jpg;128339.jpg;093880.jpg
047353.jpg;154381.jpg;029952.jpg
132370.jpg;091661.jpg;132046.jpg
180932.jpg;177045.jpg;010479.jpg
150128.jpg;087756.jpg;067166.jpg
004043.jpg;109066.jpg;063891.jpg
153086.jpg;140155.jpg;152871.jpg
082241.jpg;145891.jpg;192893.jpg
116850.jpg;066982.jpg;008288.jpg
042329.jpg;134199.jpg;023640.jpg
149667.jpg;103535.jpg;110520.jpg
134397.jpg;078363.jpg;053304.jpg
175693.jpg;165858.jpg;138081.jpg
168890.jpg;174573.jpg;028259.jpg
127531.jpg;077856.jpg;072222.jpg
139589.jpg;162129.jpg;154756.jpg
086787.jpg;086057.jpg;040961.jpg
164057.jpg;165360.jpg;062309.jpg
149469.jpg;099888.jpg;194554.jpg
093496.jpg;105544.jpg;052568.jpg
116233.jpg;072172.jpg;121138.jpg
024992.jpg;115439.jpg;057478.jpg
065698.jpg;005119.jpg;160902.jpg
202015.jpg;182941.jpg;189798.jpg
188538.jpg;199302.jpg;067007.jpg
005505.jpg;063014.jpg;087451.jpg
158558.jpg;084844.jpg;184370.jpg
017183.jpg;117900.jpg;032927.jpg
143234.jpg;140122.jpg;075273.jpg
000081.jpg;106097.jpg;148502.jpg
025444.jpg;087051.jpg;013159.jpg
053496.jpg;116765.jpg;198535.jpg
143463.jpg;113353.jpg;135545.jpg
068812.jpg;129707.jpg;035923.jpg
059335.jpg;089555.jpg;121812.jpg
053906.jpg;015280.jpg;018934.jpg
200242.jpg;184870.jpg;161362.jpg
141258.jpg;035491.jpg;044576.jpg
024948.jpg;144071.jpg;026201.jpg
024504.jpg;001498.jpg;022492.jpg
100782.jpg;128642.jpg;118922.jpg
185897.jpg;200275.jpg;201337.jpg
194050.jpg;197000.jpg;180063.jpg
035898.jpg;109041.jpg;013881.jpg
113836.jpg;159027.jpg;152101.jpg
119872.jpg;063535.jpg;064151.jpg
140533.jpg;147089.jpg;105529.jpg
038065.jpg;077576.jpg;056022.jpg
097984.jpg;047923.jpg;033636.jpg
042749.jpg;074242.jpg;107538.jpg
012753.jpg;036864.jpg;153359.jpg
139119.jpg;111463.jpg;045086.jpg
088505.jpg;007411.jpg;170663.jpg
122532.jpg;017575.jpg;028684.jpg
060843.jpg;009312.jpg;115807.jpg
058559.jpg;128650.jpg;058813.jpg
134156.jpg;015346.jpg;027954.jpg
199475.jpg;191032.jpg;164912.jpg
000364.jpg;044127.jpg;024458.jpg
164247.jpg;164446.jpg;040089.jpg
179356.jpg;171590.jpg;069029.jpg
021020.jpg;148956.jpg;082433.jpg
171413.jpg;173356.jpg;062863.jpg
080856.jpg;132880.jpg;048187.jpg
012749.jpg;017888.jpg;074503.jpg
045265.jpg;060036.jpg;146509.jpg
133763.jpg;097705.jpg;179967.jpg
076406.jpg;091059.jpg;173839.jpg
070372.jpg;047940.jpg;103687.jpg
079384.jpg;161894.jpg;015421.jpg
070647.jpg;095707.jpg;171573.jpg
126920.jpg;156754.jpg;152351.jpg
149795.jpg;132661.jpg;033851.jpg
034713.jpg;102267.jpg;085742.jpg
016130.jpg;000672.jpg;200633.jpg
134921.jpg;020811.jpg;118394.jpg
101948.jpg;119192.jpg;053736.jpg
019632.jpg;134922.jpg;142236.jpg
170117.jpg;174483.jpg;014994.jpg
188102.jpg;199498.jpg;052872.jpg
059867.jpg;049451.jpg;071348.jpg
045913.jpg;140647.jpg;012923.jpg
106456.jpg;121821.jpg;025504.jpg
185175.jpg;186252.jpg;108552.jpg
105304.jpg;096702.jpg;020083.jpg
152398.jpg;017276.jpg;052202.jpg
180971.jpg;171925.jpg;104945.jpg
002428.jpg;128715.jpg;168745.jpg
097661.jpg;076996.jpg;102309.jpg
116002.jpg;082400.jpg;193454.jpg
192709.jpg;189686.jpg;158180.jpg
167201.jpg;172474.jpg;138245.jpg
102760.jpg;045848.jpg;065874.jpg
092604.jpg;092951.jpg;023622.jpg
191096.jpg;196953.jpg;130084.jpg
111632.jpg;135937.jpg;018875.jpg
185563.jpg;191752.jpg;150431.jpg
091856.jpg;136973.jpg;164457.jpg
078831.jpg;115575.jpg;140883.jpg
175219.jpg;177219.jpg;055145.jpg
065189.jpg;090175.jpg;191091.jpg
128587.jpg;077577.jpg;078476.jpg
119208.jpg;038155.jpg;137405.jpg
025046.jpg;112822.jpg;025193.jpg
128713.jpg;144273.jpg;179364.jpg
095451.jpg;089549.jpg;021212.jpg
127733.jpg;007062.jpg;088085.jpg
000529.jpg;091815.jpg;187261.jpg
020945.jpg;009362.jpg;094775.jpg
179671.jpg;181851.jpg;158517.jpg
089721.jpg;022799.jpg;015044.jpg
014675.jpg;133317.jpg;057143.jpg
007670.jpg;038200.jpg;044467.jpg
190846.jpg;189432.jpg;036684.jpg
000419.jpg;049139.jpg;110059.jpg
169039.jpg;170733.jpg;070588.jpg
005304.jpg;013555.jpg;000608.jpg
004278.jpg;106305.jpg;025104.jpg
062390.jpg;146023.jpg;129547.jpg
199304.jpg;202491.jpg;031674.jpg
039549.jpg;022424.jpg;177588.jpg
000539.jpg;009799.jpg;003971.jpg
130103.jpg;081352.jpg;071445.jpg
094017.jpg;116356.jpg;014155.jpg
034027.jpg;040100.jpg;051386.jpg
152539.jpg;134821.jpg;018184.jpg
098351.jpg;100080.jpg;108082.jpg
175920.jpg;181976.jpg;100943.jpg
046627.jpg;120724.jpg;046817.jpg
001767.jpg;061118.jpg;074989.jpg
053070.jpg;144810.jpg;070811.jpg
137939.jpg;096950.jpg;136158.jpg
024299.jpg;051842.jpg;035393.jpg
076781.jpg;063403.jpg;035631.jpg
078633.jpg;154757.jpg;136970.jpg
029070.jpg;133173.jpg;073711.jpg
013160.jpg;044218.jpg;176739.jpg
010619.jpg;105619.jpg;176185.jpg
137590.jpg;078097.jpg;005593.jpg
033874.jpg;136453.jpg;151153.jpg
132426.jpg;067073.jpg;157373.jpg
114715.jpg;042244.jpg;010945.jpg
117862.jpg;151412.jpg;088493.jpg
001122.jpg;139148.jpg;021534.jpg
065766.jpg;138769.jpg;200717.jpg
089117.jpg;119050.jpg;052743.jpg
200928.jpg;199541.jpg;065224.jpg
013413.jpg;114515.jpg;146621.jpg
180042.jpg;179215.jpg;018888.jpg
132467.jpg;030054.jpg;062371.jpg
071867.jpg;013802.jpg;049742.jpg
034584.jpg;102134.jpg;045360.jpg
139494.jpg;012799.jpg;199155.jpg
115308.jpg;042369.jpg;163854.jpg
128780.jpg;067935.jpg;055783.jpg
190538.jpg;189978.jpg;171672.jpg
095046.jpg;033825.jpg;013189.jpg
065180.jpg;025672.jpg;038230.jpg
021382.jpg;159545.jpg;029903.jpg
176621.jpg;171102.jpg;099425.jpg
011403.jpg;040235.jpg;184360.jpg
198460.jpg;200270.jpg;164139.jpg
086649.jpg;061921.jpg;164302.jpg
122284.jpg;083832.jpg;065551.jpg
165511.jpg;177898.jpg;045900.jpg
050457.jpg;005787.jpg;003090.jpg
158202.jpg;061181.jpg;201697.jpg
000985.jpg;129997.jpg;067975.jpg
125660.jpg;041722.jpg;131523.jpg
028287.jpg;002871.jpg;031141.jpg
100891.jpg;073456.jpg;028487.jpg
180960.jpg;172470.jpg;083035.jpg
014609.jpg;141715.jpg;108296.jpg
077264.jpg;147700.jpg;161817.jpg
008904.jpg;053460.jpg;037229.jpg
105542.jpg;035539.jpg;008224.jpg
188207.jpg;191407.jpg;096586.jpg
171710.jpg;168599.jpg;033113.jpg
190951.jpg;197313.jpg;074770.jpg
020156.jpg;089209.jpg;080520.jpg
072619.jpg;012588.jpg;126586.jpg
041162.jpg;119618.jpg;066324.jpg
195742.jpg;185892.jpg;032609.jpg
029117.jpg;149764.jpg;024228.jpg
003905.jpg;055126.jpg;080893.jpg
039638.jpg;157739.jpg;134986.jpg
095712.jpg;019932.jpg;150475.jpg
024759.jpg;010391.jpg;192615.jpg
176619.jpg;167250.jpg;027109.jpg
062294.jpg;075967.jpg;113469.jpg
105428.jpg;000059.jpg;126180.jpg
079108.jpg;103090.jpg;018951.jpg
136668.jpg;088622.jpg;089612.jpg
168802.jpg;164390.jpg;062910.jpg
002066.jpg;149303.jpg;112961.jpg
067718.jpg;059857.jpg;093797.jpg
087119.jpg;156342.jpg;054080.jpg
081405.jpg;123964.jpg;098951.jpg
071501.jpg;119448.jpg;081048.jpg
117797.jpg;039319.jpg;097726.jpg
011232.jpg;027145.jpg;176724.jpg
183809.jpg;198585.jpg;146362.jpg
173970.jpg;164134.jpg;156619.jpg
172944.jpg;163309.jpg;036674.jpg
032981.jpg;042550.jpg;097036.jpg
037783.jpg;021980.jpg;190550.jpg
181522.jpg;168909.jpg;042442.jpg
164929.jpg;176021.jpg;073342.jpg
191333.jpg;196772.jpg;053580.jpg
139644.jpg;119010.jpg;161750.jpg
038549.jpg;152641.jpg;184667.jpg
029818.jpg;053710.jpg;147084.jpg
001767.jpg;007358.jpg;191438.jpg
119408.jpg;107555.jpg;190398.jpg
058138.jpg;119545.jpg;170915.jpg
099685.jpg;135078.jpg;056023.jpg
178610.jpg;178137.jpg;000401.jpg
110670.jpg;100507.jpg;133811.jpg
075617.jpg;159492.jpg;101096.jpg
184898.jpg;190469.jpg;096240.jpg
080950.jpg;034773.jpg;095181.jpg
014020.jpg;115629.jpg;146509.jpg
069635.jpg;098927.jpg;113842.jpg
128242.jpg;117538.jpg;111600.jpg
149445.jpg;103324.jpg;140199.jpg
004655.jpg;031273.jpg;098320.jpg
149107.jpg;062183.jpg;165007.jpg
058748.jpg;014651.jpg;054083.jpg
194531.jpg;184077.jpg;157706.jpg
149720.jpg;111847.jpg;048490.jpg
016126.jpg;103234.jpg;103028.jpg
158034.jpg;083743.jpg;200411.jpg
080584.jpg;004052.jpg;144213.jpg
046638.jpg;070686.jpg;162731.jpg
163286.jpg;176151.jpg;043797.jpg
076745.jpg;120140.jpg;107108.jpg
106044.jpg;029382.jpg;088059.jpg
160371.jpg;003377.jpg;123318.jpg
067448.jpg;089609.jpg;074885.jpg
053693.jpg;069631.jpg;128939.jpg
048861.jpg;093167.jpg;171703.jpg
041714.jpg;013833.jpg;087307.jpg
186429.jpg;183359.jpg;163830.jpg
032283.jpg;089283.jpg;088119.jpg
057622.jpg;040656.jpg;020816.jpg
191130.jpg;200913.jpg;166130.jpg
145472.jpg;118067.jpg;078527.jpg
028860.jpg;051821.jpg;132945.jpg
165873.jpg;171323.jpg;192088.jpg
136748.jpg;092278.jpg;024204.jpg
126897.jpg;058086.jpg;175042.jpg
197861.jpg;195470.jpg;054716.jpg
031123.jpg;140780.jpg;105637.jpg
049345.jpg;068021.jpg;141304.jpg
184881.jpg;196514.jpg;077572.jpg
005302.jpg;065499.jpg;104290.jpg
152168.jpg;125234.jpg;022964.jpg
174564.jpg;167252.jpg;137744.jpg
130055.jpg;103911.jpg;123655.jpg
078827.jpg;158326.jpg;122887.jpg
038801.jpg;149044.jpg;185086.jpg
152407.jpg;025209.jpg;197781.jpg
106273.jpg;022339.jpg;142146.jpg
015983.jpg;068380.jpg;023548.jpg
066659.jpg;018092.jpg;197944.jpg
061215.jpg;054073.jpg;197306.jpg
165150.jpg;167725.jpg;099131.jpg
139879.jpg;151889.jpg;173666.jpg
007994.jpg;047924.jpg;089042.jpg
020052.jpg;020387.jpg;075369.jpg
165116.jpg;176759.jpg;183153.jpg
049258.jpg;120159.jpg;154994.jpg
183689.jpg;191184.jpg;128054.jpg
110857.jpg;088204.jpg;099568.jpg
184209.jpg;198627.jpg;150087.jpg
004058.jpg;059368.jpg;073121.jpg
114253.jpg;057509.jpg;064378.jpg
106159.jpg;120121.jpg;083918.jpg
065949.jpg;038167.jpg;017920.jpg
108016.jpg;039896.jpg;014616.jpg
094014.jpg;101147.jpg;171404.jpg
042311.jpg;015843.jpg;064493.jpg
080135.jpg;144761.jpg;173587.jpg
053439.jpg;066540.jpg;149129.jpg
198571.jpg;199395.jpg;138812.jpg
122500.jpg;090461.jpg;170978.jpg
047319.jpg;152779.jpg;069819.jpg
006066.jpg;111389.jpg;049898.jpg
056164.jpg;051387.jpg;014125.jpg
058866.jpg;073888.jpg;188261.jpg
105147.jpg;050786.jpg;180723.jpg
070787.jpg;046645.jpg;040804.jpg
068522.jpg;134561.jpg;044546.jpg
005969.jpg;029205.jpg;098637.jpg
160903.jpg;035714.jpg;032142.jpg
066998.jpg;003019.jpg;074693.jpg
192611.jpg;196499.jpg;135290.jpg
159195.jpg;022096.jpg;154543.jpg
157714.jpg;092417.jpg;102127.jpg
100750.jpg;160363.jpg;198509.jpg
150045.jpg;039328.jpg;043955.jpg
142803.jpg;021776.jpg;202443.jpg
084625.jpg;128255.jpg;086254.jpg
137486.jpg;009249.jpg;009233.jpg
093950.jpg;048960.jpg;059509.jpg
187077.jpg;199800.jpg;079336.jpg
000025.jpg;096355.jpg;044865.jpg
045984.jpg;154214.jpg;054344.jpg
005011.jpg;142198.jpg;101257.jpg
082270.jpg;067512.jpg;134784.jpg
198842.jpg;198615.jpg;016519.jpg
068075.jpg;102804.jpg;046968.jpg
020597.jpg;086920.jpg;071346.jpg
173521.jpg;177027.jpg;097610.jpg
020383.jpg;034832.jpg;076892.jpg
137043.jpg;148778.jpg;099829.jpg
029881.jpg;141858.jpg;030127.jpg
109908.jpg;104104.jpg;124661.jpg
040280.jpg;053612.jpg;173595.jpg
000524.jpg;135572.jpg;101143.jpg
181688.jpg;181174.jpg;110226.jpg
164519.jpg;176549.jpg;163233.jpg
073228.jpg;082613.jpg;111980.jpg
062726.jpg;138955.jpg;117557.jpg
008113.jpg;107219.jpg;076754.jpg
096324.jpg;139106.jpg;043190.jpg
065689.jpg;132780.jpg;143155.jpg
200979.jpg;201686.jpg;103661.jpg
124988.jpg;030070.jpg;079068.jpg
021035.jpg;134189.jpg;111848.jpg
109835.jpg;130387.jpg;008689.jpg
135750.jpg;033142.jpg;054020.jpg
041005.jpg;159158.jpg;087408.jpg
028827.jpg;005185.jpg;178516.jpg
015067.jpg;118921.jpg;095241.jpg
139705.jpg;109985.jpg;137157.jpg
021055.jpg;154470.jpg;071859.jpg
103450.jpg;087996.jpg;003516.jpg
148635.jpg;034661.jpg;014086.jpg
043982.jpg;089232.jpg;141283.jpg
157703.jpg;106150.jpg;202171.jpg
150913.jpg;147066.jpg;007413.jpg
149237.jpg;117653.jpg;088986.jpg
201095.jpg;199787.jpg;084939.jpg
153527.jpg;084125.jpg;201031.jpg
017511.jpg;044704.jpg;026319.jpg
068787.jpg;113975.jpg;087580.jpg
017816.jpg;026570.jpg;095560.jpg
102265.jpg;142153.jpg;042252.jpg
093178.jpg;099043.jpg;053525.jpg
055291.jpg;138374.jpg;182672.jpg
031865.jpg;042578.jpg;142034.jpg
154335.jpg;126718.jpg;114581.jpg
170175.jpg;165807.jpg;174941.jpg
004873.jpg;002188.jpg;189954.jpg
069425.jpg;042712.jpg;110434.jpg
199931.jpg;197780.jpg;165510.jpg
149392.jpg;145692.jpg;069425.jpg
176216.jpg;171998.jpg;143654.jpg
110756.jpg;054679.jpg;151834.jpg
180402.jpg;165850.jpg;098906.jpg
033275.jpg;101748.jpg;116471.jpg
125394.jpg;061604.jpg;040622.jpg
003002.jpg;020735.jpg;027113.jpg
070547.jpg;097207.jpg;054123.jpg
111185.jpg;007860.jpg;154342.jpg
070258.jpg;036370.jpg;116246.jpg
111339.jpg;047376.jpg;054193.jpg
094724.jpg;114224.jpg;135673.jpg
038901.jpg;006942.jpg;190485.jpg
200777.jpg;189062.jpg;034070.jpg
076409.jpg;045465.jpg;095059.jpg
110990.jpg;047881.jpg;137576.jpg
135800.jpg;077280.jpg;193322.jpg
043770.jpg;013481.jpg;160223.jpg
151595.jpg;124976.jpg;108717.jpg
150865.jpg;126466.jpg;024344.jpg
114542.jpg;060212.jpg;114385.jpg
081044.jpg;059178.jpg;094916.jpg
050575.jpg;056954.jpg;151103.jpg
130911.jpg;097260.jpg;080495.jpg
085648.jpg;020854.jpg;095934.jpg
137662.jpg;092497.jpg;195086.jpg
082060.jpg;101811.jpg;058750.jpg
139775.jpg;008960.jpg;078261.jpg
005158.jpg;024441.jpg;133447.jpg
123511.jpg;135805.jpg;100969.jpg
141095.jpg;112715.jpg;125559.jpg
089415.jpg;079498.jpg;093903.jpg
022119.jpg;018720.jpg;077649.jpg
156353.jpg;095525.jpg;103133.jpg
024705.jpg;111935.jpg;052773.jpg
023027.jpg;018258.jpg;161022.jpg
135991.jpg;001441.jpg;145127.jpg
101621.jpg;126657.jpg;137182.jpg
185098.jpg;187888.jpg;160258.jpg
156873.jpg;120518.jpg;201672.jpg
121816.jpg;140456.jpg;156763.jpg
113605.jpg;079448.jpg;021686.jpg
130348.jpg;032381.jpg;158354.jpg
063839.jpg;111259.jpg;073928.jpg
098579.jpg;101915.jpg;138327.jpg
027700.jpg;061802.jpg;200372.jpg
009680.jpg;088983.jpg;017943.jpg
058730.jpg;086406.jpg;053615.jpg
155047.jpg;070017.jpg;141207.jpg
189350.jpg;188570.jpg;028450.jpg
183897.jpg;191914.jpg;121083.jpg
088609.jpg;069877.jpg;180286.jpg
013605.jpg;150037.jpg;078968.jpg
143648.jpg;104508.jpg;030578.jpg
060705.jpg;157272.jpg;176724.jpg
137978.jpg;095381.jpg;047580.jpg
149490.jpg;053161.jpg;086197.jpg
097144.jpg;144645.jpg;184553.jpg
089351.jpg;127715.jpg;100264.jpg
038323.jpg;119581.jpg;015873.jpg
093134.jpg;088506.jpg;183661.jpg
126805.jpg;110484.jpg;125315.jpg
144858.jpg;049439.jpg;019519.jpg
165525.jpg;176214.jpg;083227.jpg
042052.jpg;120767.jpg;100049.jpg
168297.jpg;174094.jpg;106058.jpg
139868.jpg;118859.jpg;033825.jpg
112461.jpg;139791.jpg;122744.jpg
000463.jpg;052392.jpg;095657.jpg
087244.jpg;073135.jpg;184911.jpg
079108.jpg;037220.jpg;069757.jpg
143052.jpg;040346.jpg;145787.jpg
170299.jpg;170376.jpg;072847.jpg
137074.jpg;141138.jpg;058396.jpg
132411.jpg;063177.jpg;068466.jpg
027785.jpg;008536.jpg;093800.jpg
059781.jpg;117886.jpg;154837.jpg
060646.jpg;068471.jpg;049635.jpg
087945.jpg;085654.jpg;021954.jpg
008797.jpg;113392.jpg;181230.jpg
103048.jpg;141503.jpg;079597.jpg
041899.jpg;058157.jpg;090466.jpg
095432.jpg;046752.jpg;116575.jpg
027043.jpg;138030.jpg;025374.jpg
105394.jpg;048960.jpg;024325.jpg
136423.jpg;081704.jpg;186723.jpg
092713.jpg;038710.jpg;002485.jpg
133922.jpg;004813.jpg;088675.jpg
100713.jpg;015511.jpg;128355.jpg
030636.jpg;158435.jpg;097176.jpg
171632.jpg;164254.jpg;022782.jpg
201736.jpg;200529.jpg;087523.jpg
122231.jpg;066208.jpg;027491.jpg
056505.jpg;044589.jpg;038024.jpg
129339.jpg;106785.jpg;139866.jpg
115140.jpg;041020.jpg;016600.jpg
068514.jpg;081092.jpg;095174.jpg
191791.jpg;201288.jpg;017406.jpg
064752.jpg;016988.jpg;046539.jpg
154575.jpg;061856.jpg;058696.jpg
057657.jpg;037689.jpg;102816.jpg
179510.jpg;176230.jpg;150512.jpg
029024.jpg;094890.jpg;029137.jpg
132990.jpg;096789.jpg;160700.jpg
100790.jpg;070738.jpg;042819.jpg
120455.jpg;082560.jpg;162461.jpg
025853.jpg;059581.jpg;198608.jpg
070263.jpg;158521.jpg;097805.jpg
016788.jpg;139349.jpg;038531.jpg
027253.jpg;120233.jpg;017065.jpg
095484.jpg;040964.jpg;003678.jpg
154150.jpg;021645.jpg;126045.jpg
092612.jpg;037393.jpg;072435.jpg
108539.jpg;032464.jpg;026844.jpg
140251.jpg;137005.jpg;190363.jpg
150015.jpg;106890.jpg;001147.jpg
087346.jpg;112525.jpg;063207.jpg
015214.jpg;160922.jpg;013841.jpg
050888.jpg;155306.jpg;044958.jpg
200844.jpg;196867.jpg;151930.jpg
073783.jpg;141714.jpg;008098.jpg
151332.jpg;055641.jpg;149359.jpg
116675.jpg;113283.jpg;186733.jpg
122049.jpg;013482.jpg;175570.jpg
047232.jpg;128477.jpg;092706.jpg
006417.jpg;098805.jpg;134448.jpg
084927.jpg;021532.jpg;093778.jpg
074840.jpg;024699.jpg;152069.jpg
028316.jpg;161676.jpg;044763.jpg
182538.jpg;182584.jpg;033412.jpg
034677.jpg;160194.jpg;094830.jpg
070090.jpg;029795.jpg;120833.jpg
083664.jpg;156505.jpg;063883.jpg
147893.jpg;132184.jpg;174115.jpg
096799.jpg;075213.jpg;158220.jpg
117554.jpg;066211.jpg;143568.jpg
181998.jpg;173174.jpg;186814.jpg
128238.jpg;009138.jpg;199455.jpg
029779.jpg;009812.jpg;081278.jpg
120946.jpg;143796.jpg;133586.jpg
049468.jpg;131057.jpg;086842.jpg
035950.jpg;118604.jpg;158664.jpg
170604.jpg;174494.jpg;195949.jpg
053482.jpg;157380.jpg;142513.jpg
195714.jpg;183353.jpg;077142.jpg
045751.jpg;069084.jpg;165829.jpg
053233.jpg;000967.jpg;151068.jpg
070695.jpg;128716.jpg;052329.jpg
125922.jpg;143405.jpg;092201.jpg
088598.jpg;126688.jpg;078686.jpg
007990.jpg;137298.jpg;162939.jpg
104846.jpg;048024.jpg;017276.jpg
043028.jpg;037946.jpg;163355.jpg
121328.jpg;007350.jpg;016578.jpg
190204.jpg;191477.jpg;133541.jpg
054180.jpg;005757.jpg;127799.jpg
168325.jpg;170184.jpg;194277.jpg
194535.jpg;192627.jpg;016321.jpg
193792.jpg;202179.jpg;150925.jpg
156613.jpg;064191.jpg;031995.jpg
191568.jpg;188686.jpg;115305.jpg
138296.jpg;059987.jpg;128291.jpg
103380.jpg;109632.jpg;135400.jpg
013617.jpg;089819.jpg;147007.jpg
180548.jpg;171656.jpg;157273.jpg
139432.jpg;092327.jpg;132497.jpg
006180.jpg;004091.jpg;101670.jpg
196349.jpg;200555.jpg;010929.jpg
004665.jpg;071266.jpg;139652.jpg
134757.jpg;024371.jpg;125610.jpg
084336.jpg;097925.jpg;109633.jpg
023640.jpg;023480.jpg;084971.jpg
132268.jpg;040284.jpg;057737.jpg
191837.jpg;198684.jpg;124410.jpg
083901.jpg;084863.jpg;180363.jpg
101487.jpg;063172.jpg;084124.jpg
148911.jpg;088505.jpg;171245.jpg
082076.jpg;079705.jpg;134621.jpg
038639.jpg;080922.jpg;090262.jpg
099697.jpg;042861.jpg;123557.jpg
035805.jpg;154362.jpg;195757.jpg
082580.jpg;047291.jpg;087539.jpg
015157.jpg;009457.jpg;141244.jpg
062272.jpg;081344.jpg;021951.jpg
012531.jpg;087709.jpg;104012.jpg
033928.jpg;094104.jpg;021474.jpg
145100.jpg;142652.jpg;029608.jpg
008389.jpg;125315.jpg;034012.jpg
115875.jpg;159644.jpg;145826.jpg
025238.jpg;112418.jpg;115866.jpg
116860.jpg;138396.jpg;097833.jpg
100955.jpg;040184.jpg;057199.jpg
008182.jpg;162569.jpg;198291.jpg
167253.jpg;166529.jpg;048832.jpg
019464.jpg;071877.jpg;020079.jpg
059219.jpg;058308.jpg;088732.jpg
112515.jpg;088118.jpg;169622.jpg
038853.jpg;145068.jpg;013477.jpg
167061.jpg;176964.jpg;166478.jpg
125119.jpg;108193.jpg;045186.jpg
119069.jpg;017884.jpg;010699.jpg
040560.jpg;061887.jpg;028345.jpg
161388.jpg;030420.jpg;171481.jpg
143938.jpg;100918.jpg;014423.jpg
157863.jpg;124743.jpg;054929.jpg
128412.jpg;147878.jpg;154285.jpg
062473.jpg;046304.jpg;152460.jpg
033725.jpg;093132.jpg;026354.jpg
045339.jpg;026737.jpg;026338.jpg
196219.jpg;184632.jpg;160103.jpg
068133.jpg;055655.jpg;135486.jpg
106192.jpg;048182.jpg;183757.jpg
079576.jpg;109009.jpg;193434.jpg
195653.jpg;188557.jpg;105643.jpg
046012.jpg;121267.jpg;135728.jpg
059504.jpg;034354.jpg;101094.jpg
017748.jpg;064532.jpg;071363.jpg
058704.jpg;040719.jpg;050955.jpg
185758.jpg;199092.jpg;146668.jpg
140495.jpg;008568.jpg;036247.jpg
039055.jpg;013493.jpg;034465.jpg
079284.jpg;027558.jpg;046781.jpg
153214.jpg;097149.jpg;088193.jpg
138747.jpg;150170.jpg;138469.jpg
068097.jpg;074099.jpg;155917.jpg
074858.jpg;099115.jpg;180371.jpg
079178.jpg;067967.jpg;062062.jpg
127735.jpg;098124.jpg;159403.jpg
028236.jpg;069654.jpg;146163.jpg
036771.jpg;083337.jpg;129906.jpg
032223.jpg;056540.jpg;134902.jpg
022034.jpg;025634.jpg;119836.jpg
177923.jpg;168652.jpg;139789.jpg
022290.jpg;132470.jpg;097850.jpg
147125.jpg;049211.jpg;088796.jpg
037017.jpg;156573.jpg;030697.jpg
196428.jpg;193497.jpg;003413.jpg
056197.jpg;003885.jpg;196135.jpg
044160.jpg;002741.jpg;091279.jpg
138302.jpg;066882.jpg;130269.jpg
038944.jpg;079624.jpg;034677.jpg
074425.jpg;108600.jpg;201947.jpg
070752.jpg;087505.jpg;095698.jpg
127226.jpg;083879.jpg;062621.jpg
201114.jpg;198663.jpg;134621.jpg
172699.jpg;181284.jpg;191635.jpg
053328.jpg;059146.jpg;026519.jpg
185175.jpg;200734.jpg;118265.jpg
114569.jpg;070204.jpg;148283.jpg
078195.jpg;101368.jpg;010110.jpg
066920.jpg;108019.jpg;180492.jpg
039387.jpg;081820.jpg;111060.jpg
083386.jpg;073293.jpg;079754.jpg
182295.jpg;169416.jpg;021567.jpg
166743.jpg;170151.jpg;036618.jpg
199476.jpg;193096.jpg;079274.jpg
093549.jpg;086694.jpg;096276.jpg
000197.jpg;044402.jpg;020486.jpg
068630.jpg;029694.jpg;117835.jpg
139455.jpg;077040.jpg;074673.jpg
111440.jpg;037975.jpg;122900.jpg
144892.jpg;090694.jpg;088416.jpg
202567.jpg;185262.jpg;118097.jpg
097909.jpg;087559.jpg;043359.jpg
029346.jpg;106086.jpg;101759.jpg
075387.jpg;130532.jpg;146456.jpg
005608.jpg;161377.jpg;149549.jpg
084529.jpg;015039.jpg;002326.jpg
034311.jpg;122636.jpg;098901.jpg
130682.jpg;162466.jpg;175842.jpg
047911.jpg;044921.jpg;035658.jpg
035661.jpg;046199.jpg;155335.jpg
147611.jpg;068953.jpg;015618.jpg
021967.jpg;039413.jpg;106870.jpg
023385.jpg;120581.jpg;202423.jpg
181551.jpg;163825.jpg;201560.jpg
109194.jpg;037295.jpg;076945.jpg
094394.jpg;121347.jpg;178189.jpg
162826.jpg;182424.jpg;158989.jpg
067625.jpg;117584.jpg;017287.jpg
098875.jpg;038750.jpg;174742.jpg
001468.jpg;098391.jpg;118652.jpg
079624.jpg;075949.jpg;067787.jpg
062187.jpg;037732.jpg;034153.jpg
033103.jpg;045771.jpg;040476.jpg
080346.jpg;114255.jpg;083855.jpg
100581.jpg;012153.jpg;086673.jpg
012180.jpg;002748.jpg;181878.jpg
142836.jpg;068268.jpg;165403.jpg
096130.jpg;046940.jpg;017701.jpg
071531.jpg;105595.jpg;087745.jpg
190184.jpg;183101.jpg;133579.jpg
090579.jpg;061816.jpg;129795.jpg
157278.jpg;019206.jpg;011611.jpg
036915.jpg;030930.jpg;137017.jpg
018995.jpg;105704.jpg;129715.jpg
115384.jpg;134056.jpg;117768.jpg
029086.jpg;146404.jpg;182782.jpg
031104.jpg;091308.jpg;134726.jpg
054988.jpg;116374.jpg;072910.jpg
128928.jpg;014031.jpg;102627.jpg
123726.jpg;032186.jpg;016676.jpg
054604.jpg;049148.jpg;089711.jpg
143853.jpg;085702.jpg;128505.jpg
187634.jpg;195863.jpg;193732.jpg
073802.jpg;031362.jpg;078882.jpg
026063.jpg;118874.jpg;015139.jpg
044415.jpg;133542.jpg;131340.jpg
095364.jpg;015332.jpg;193683.jpg
102673.jpg;018119.jpg;049477.jpg
151943.jpg;045192.jpg;106739.jpg
163502.jpg;179138.jpg;195940.jpg
175335.jpg;166612.jpg;124640.jpg
089182.jpg;110318.jpg;151774.jpg
111004.jpg;068195.jpg;026606.jpg
058825.jpg;137516.jpg;074913.jpg
138590.jpg;129427.jpg;094995.jpg
163710.jpg;175385.jpg;073886.jpg
083525.jpg;008010.jpg;054165.jpg
182553.jpg;179978.jpg;007506.jpg
041978.jpg;026260.jpg;009213.jpg
032400.jpg;003560.jpg;098972.jpg
151471.jpg;070216.jpg;040814.jpg
041544.jpg;013160.jpg;066355.jpg
055728.jpg;039472.jpg;147324.jpg
170319.jpg;165690.jpg;064038.jpg
011845.jpg;087582.jpg;156704.jpg
087075.jpg;027505.jpg;195188.jpg
178961.jpg;180495.jpg;123033.jpg
195765.jpg;200573.jpg;188186.jpg
004529.jpg;027570.jpg;099596.jpg
159081.jpg;142426.jpg;124753.jpg
011886.jpg;127838.jpg;156561.jpg
040036.jpg;119301.jpg;136470.jpg
008667.jpg;031922.jpg;155150.jpg
046776.jpg;103311.jpg;124105.jpg
108929.jpg;138673.jpg;049978.jpg
037594.jpg;085753.jpg;069141.jpg
015376.jpg;022414.jpg;125810.jpg
006755.jpg;029195.jpg;176956.jpg
130102.jpg;002338.jpg;008703.jpg
088504.jpg;055876.jpg;066626.jpg
008247.jpg;112859.jpg;115764.jpg
184755.jpg;200265.jpg;144234.jpg
152649.jpg;002273.jpg;007986.jpg
127413.jpg;047649.jpg;121640.jpg
198172.jpg;189138.jpg;184649.jpg
018792.jpg;157146.jpg;089293.jpg
129385.jpg;056967.jpg;145916.jpg
052664.jpg;157047.jpg;167969.jpg
096304.jpg;027613.jpg;132984.jpg
041669.jpg;127681.jpg;116628.jpg
129898.jpg;133405.jpg;032719.jpg
009088.jpg;132843.jpg;138877.jpg
035681.jpg;135748.jpg;032087.jpg
176936.jpg;178943.jpg;028627.jpg
056721.jpg;050559.jpg;050497.jpg
169642.jpg;179280.jpg;168028.jpg
083661.jpg;014156.jpg;065089.jpg
159735.jpg;066917.jpg;198657.jpg
117000.jpg;076088.jpg;099030.jpg
166292.jpg;178668.jpg;165000.jpg
041886.jpg;135849.jpg;014047.jpg
070170.jpg;080574.jpg;121959.jpg
144277.jpg;148595.jpg;028677.jpg
023357.jpg;007518.jpg;013268.jpg
200242.jpg;199724.jpg;094157.jpg
121293.jpg;142472.jpg;004847.jpg
059646.jpg;017162.jpg;042535.jpg
110706.jpg;020269.jpg;120018.jpg
131899.jpg;071441.jpg;042103.jpg
117748.jpg;068044.jpg;088816.jpg
115032.jpg;057222.jpg;050948.jpg
165254.jpg;168883.jpg;055342.jpg
145651.jpg;066362.jpg;149460.jpg
053786.jpg;156500.jpg;049145.jpg
127495.jpg;158984.jpg;179195.jpg
194870.jpg;184748.jpg;026299.jpg
014507.jpg;138340.jpg;171179.jpg
082461.jpg;016611.jpg;084355.jpg
113050.jpg;156211.jpg;134188.jpg
114518.jpg;071911.jpg;083155.jpg
132043.jpg;044122.jpg;038990.jpg
155896.jpg;110365.jpg;004641.jpg
136093.jpg;136189.jpg;063478.jpg
176113.jpg;167517.jpg;132458.jpg
051925.jpg;081999.jpg;031831.jpg
091302.jpg;068388.jpg;050307.jpg
195310.jpg;193445.jpg;192911.jpg
054200.jpg;106066.jpg;108853.jpg
019909.jpg;102006.jpg;142543.jpg
068424.jpg;063467.jpg;115821.jpg
074471.jpg;097716.jpg;046768.jpg
075911.jpg;030225.jpg;198552.jpg
055719.jpg;132374.jpg;028878.jpg
119151.jpg;145533.jpg;067672.jpg
001683.jpg;022308.jpg;181829.jpg
103897.jpg;077959.jpg;027834.jpg
187957.jpg;191864.jpg;152622.jpg
195210.jpg;200200.jpg;030535.jpg
051861.jpg;015927.jpg;109694.jpg
062894.jpg;059546.jpg;197215.jpg
049415.jpg;051800.jpg;050375.jpg
115250.jpg;101840.jpg;158970.jpg
160493.jpg;029492.jpg;074228.jpg
069315.jpg;135397.jpg;193412.jpg
104792.jpg;088422.jpg;029485.jpg
061050.jpg;146622.jpg;033040.jpg
068753.jpg;109206.jpg;128087.jpg
087808.jpg;066919.jpg;010275.jpg
062795.jpg;101409.jpg;092599.jpg
137335.jpg;042869.jpg;179270.jpg
033727.jpg;082526.jpg;076848.jpg
006176.jpg;152715.jpg;149423.jpg
156208.jpg;018315.jpg;108939.jpg
057349.jpg;033310.jpg;018771.jpg
110293.jpg;157367.jpg;070898.jpg
085237.jpg;150634.jpg;178426.jpg
150184.jpg;044046.jpg;200814.jpg
050947.jpg;063241.jpg;177570.jpg
100603.jpg;096223.jpg;113209.jpg
046884.jpg;076130.jpg;106048.jpg
176625.jpg;173122.jpg;175971.jpg
086025.jpg;027966.jpg;075938.jpg
021676.jpg;012761.jpg;021940.jpg
143652.jpg;099009.jpg;120539.jpg
084453.jpg;059532.jpg;195740.jpg
022266.jpg;008018.jpg;021737.jpg
165953.jpg;179241.jpg;187215.jpg
186022.jpg;185814.jpg;169105.jpg
195273.jpg;202074.jpg;014284.jpg
091643.jpg;142726.jpg;156136.jpg
001379.jpg;022945.jpg;155194.jpg
197812.jpg;193337.jpg;133029.jpg
086441.jpg;036976.jpg;097558.jpg
057351.jpg;060212.jpg;103493.jpg
051047.jpg;069455.jpg;043971.jpg
166076.jpg;182186.jpg;167989.jpg
035091.jpg;152470.jpg;021817.jpg
168337.jpg;173376.jpg;170289.jpg
130527.jpg;083160.jpg;067832.jpg
189424.jpg;186297.jpg;125168.jpg
188956.jpg;196586.jpg;064310.jpg
159580.jpg;075619.jpg;082897.jpg
159862.jpg;065936.jpg;126992.jpg
188006.jpg;189255.jpg;129341.jpg
073826.jpg;093993.jpg;136558.jpg
191630.jpg;197083.jpg;200269.jpg
112043.jpg;001697.jpg;055717.jpg
069063.jpg;066690.jpg;132514.jpg
113174.jpg;021599.jpg;058000.jpg
041204.jpg;086915.jpg;123426.jpg
093791.jpg;125272.jpg;133373.jpg
085668.jpg;042760.jpg;126766.jpg
150005.jpg;113118.jpg;118415.jpg
147467.jpg;068151.jpg;059342.jpg
077672.jpg;039522.jpg;155842.jpg
039438.jpg;040214.jpg;172509.jpg
111128.jpg;101812.jpg;156187.jpg
185363.jpg;190908.jpg;154357.jpg
049193.jpg;157910.jpg;111524.jpg
202358.jpg;189495.jpg;046496.jpg
071801.jpg;090715.jpg;051427.jpg
010476.jpg;142557.jpg;127740.jpg
082256.jpg;057264.jpg;165893.jpg
018270.jpg;024879.jpg;063270.jpg
179278.jpg;176081.jpg;161128.jpg
196244.jpg;183594.jpg;017172.jpg
155345.jpg;070498.jpg;145482.jpg
189920.jpg;191872.jpg;148910.jpg
112094.jpg;037332.jpg;029417.jpg
001824.jpg;057701.jpg;046048.jpg
088092.jpg;035564.jpg;087251.jpg
055262.jpg;052322.jpg;065059.jpg
049323.jpg;158832.jpg;188396.jpg
144379.jpg;002704.jpg;199732.jpg
071332.jpg;116280.jpg;140001.jpg
154099.jpg;139118.jpg;152720.jpg
060304.jpg;118625.jpg;094073.jpg
159982.jpg;144183.jpg;091981.jpg
076713.jpg;071823.jpg;035790.jpg
008805.jpg;051699.jpg;043524.jpg
030672.jpg;077541.jpg;176918.jpg
108354.jpg;112831.jpg;125369.jpg
123590.jpg;035911.jpg;108223.jpg
172932.jpg;173744.jpg;034033.jpg
141585.jpg;077486.jpg;192555.jpg
138286.jpg;120276.jpg;196660.jpg
075463.jpg;048338.jpg;050501.jpg
027838.jpg;128225.jpg;176828.jpg
035750.jpg;011374.jpg;004955.jpg
006301.jpg;118568.jpg;006699.jpg
152627.jpg;151999.jpg;105446.jpg
170127.jpg;163590.jpg;040966.jpg
186224.jpg;190184.jpg;084815.jpg
041888.jpg;093961.jpg;198986.jpg
100776.jpg;098392.jpg;126786.jpg
154285.jpg;134802.jpg;065158.jpg
089517.jpg;011635.jpg;048692.jpg
024156.jpg;029047.jpg;137349.jpg
101530.jpg;066924.jpg;179338.jpg
127822.jpg;006756.jpg;069853.jpg
123105.jpg;123241.jpg;187581.jpg
191520.jpg;183678.jpg;168119.jpg
016512.jpg;050354.jpg;146471.jpg
092591.jpg;136094.jpg;136509.jpg
149088.jpg;000111.jpg;076489.jpg
174135.jpg;172923.jpg;143795.jpg
128463.jpg;088672.jpg;021021.jpg
136517.jpg;015981.jpg;005789.jpg
064692.jpg;157935.jpg;092747.jpg
142177.jpg;155376.jpg;033104.jpg
061605.jpg;162086.jpg;166800.jpg
073494.jpg;157082.jpg;182452.jpg
169871.jpg;174962.jpg;198423.jpg
094711.jpg;051907.jpg;093256.jpg
197735.jpg;200068.jpg;183497.jpg
065384.jpg;162136.jpg;122916.jpg
018915.jpg;024060.jpg;045602.jpg
065924.jpg;022843.jpg;031602.jpg
188172.jpg;199519.jpg;140377.jpg
093047.jpg;051503.jpg;092345.jpg
184413.jpg;198062.jpg;117005.jpg
042105.jpg;120410.jpg;108351.jpg
128507.jpg;061169.jpg;161574.jpg
049015.jpg;160938.jpg;101597.jpg
091864.jpg;138907.jpg;033585.jpg
105707.jpg;133705.jpg;162154.jpg
077266.jpg;100130.jpg;033174.jpg
111191.jpg;093353.jpg;127542.jpg
098126.jpg;072951.jpg;171539.jpg
091412.jpg;014349.jpg;029941.jpg
200902.jpg;201348.jpg;086598.jpg
085170.jpg;052502.jpg;074910.jpg
154254.jpg;161065.jpg;129461.jpg
168815.jpg;170106.jpg;094529.jpg
017651.jpg;064573.jpg;180372.jpg
157638.jpg;029654.jpg;057433.jpg
087475.jpg;052174.jpg;143101.jpg
022411.jpg;106814.jpg;151276.jpg
158580.jpg;136307.jpg;133495.jpg
084444.jpg;013904.jpg;044007.jpg
119585.jpg;125562.jpg;156071.jpg
149450.jpg;028360.jpg;122507.jpg
020766.jpg;149943.jpg;014378.jpg
059174.jpg;055706.jpg;008373.jpg
195574.jpg;185619.jpg;001538.jpg
146010.jpg;109534.jpg;194642.jpg
163277.jpg;182376.jpg;179564.jpg
065173.jpg;107735.jpg;147931.jpg
187512.jpg;187040.jpg;190748.jpg
046917.jpg;162384.jpg;032185.jpg
086817.jpg;002288.jpg;191111.jpg
021161.jpg;132290.jpg;131502.jpg
201856.jpg;186702.jpg;178365.jpg
130472.jpg;148987.jpg;126635.jpg
059555.jpg;027118.jpg;177021.jpg
117015.jpg;016171.jpg;001160.jpg
177742.jpg;168787.jpg;143479.jpg
181954.jpg;165110.jpg;050345.jpg
135055.jpg;091530.jpg;058842.jpg
059557.jpg;151463.jpg;176694.jpg
024561.jpg;145239.jpg;121568.jpg
084858.jpg;156281.jpg;086920.jpg
013277.jpg;056605.jpg;082786.jpg
021753.jpg;072831.jpg;084372.jpg
196230.jpg;190511.jpg;013387.jpg
113485.jpg;105049.jpg;043521.jpg
054034.jpg;126681.jpg;026039.jpg
072431.jpg;053705.jpg;054794.jpg
023776.jpg;053500.jpg;193650.jpg
081679.jpg;038318.jpg;046195.jpg
162170.jpg;028103.jpg;023595.jpg
188096.jpg;189627.jpg;030199.jpg
156337.jpg;072916.jpg;185186.jpg
134923.jpg;050510.jpg;061483.jpg
035311.jpg;141216.jpg;023536.jpg
061112.jpg;008516.jpg;000807.jpg
057171.jpg;072506.jpg;125252.jpg
129381.jpg;110956.jpg;105585.jpg
025642.jpg;025380.jpg;197200.jpg
101711.jpg;074827.jpg;004098.jpg
053454.jpg;071910.jpg;171689.jpg
159659.jpg;052878.jpg;041186.jpg
048183.jpg;066579.jpg;055792.jpg
127395.jpg;090388.jpg;065357.jpg
122325.jpg;157927.jpg;113789.jpg
040553.jpg;146801.jpg;005434.jpg
155824.jpg;129827.jpg;146029.jpg
182534.jpg;182583.jpg;083995.jpg
090527.jpg;088977.jpg;077975.jpg
060868.jpg;056966.jpg;078454.jpg
040944.jpg;058578.jpg;062686.jpg
161117.jpg;125974.jpg;034339.jpg
019485.jpg;158076.jpg;199636.jpg
021466.jpg;020409.jpg;017508.jpg
130277.jpg;126640.jpg;090591.jpg
007004.jpg;041799.jpg;122118.jpg
110020.jpg;080891.jpg;119658.jpg
194555.jpg;197635.jpg;178798.jpg
134299.jpg;149586.jpg;098807.jpg
078524.jpg;016963.jpg;022601.jpg
145969.jpg;025763.jpg;186046.jpg
086565.jpg;160593.jpg;092844.jpg
002774.jpg;156957.jpg;024542.jpg
081050.jpg;157176.jpg;069407.jpg
025025.jpg;101773.jpg;068000.jpg
015615.jpg;088308.jpg;188760.jpg
085839.jpg;008086.jpg;011030.jpg
087325.jpg;144153.jpg;139033.jpg
029555.jpg;080795.jpg;081093.jpg
193535.jpg;190462.jpg;040871.jpg
060426.jpg;132042.jpg;054458.jpg
080266.jpg;145647.jpg;102229.jpg
026367.jpg;025110.jpg;074714.jpg
140843.jpg;025074.jpg;190524.jpg
156779.jpg;132045.jpg;148148.jpg
185178.jpg;193432.jpg;181438.jpg
037609.jpg;033038.jpg;189781.jpg
140586.jpg;037568.jpg;195481.jpg
074917.jpg;101683.jpg;066884.jpg
113036.jpg;015867.jpg;104914.jpg
198591.jpg;198568.jpg;047475.jpg
031568.jpg;065831.jpg;202215.jpg
133293.jpg;122233.jpg;138894.jpg
142375.jpg;070461.jpg;145893.jpg
077700.jpg;138228.jpg;185943.jpg
073993.jpg;060901.jpg;016131.jpg
060570.jpg;143836.jpg;102523.jpg
080782.jpg;059738.jpg;083484.jpg
154746.jpg;004617.jpg;099887.jpg
043104.jpg;087363.jpg;073234.jpg
001089.jpg;114728.jpg;107382.jpg
087750.jpg;064660.jpg;076076.jpg
148839.jpg;080049.jpg;181220.jpg
196748.jpg;197582.jpg;057152.jpg
018602.jpg;087015.jpg;092287.jpg
138152.jpg;124656.jpg;084132.jpg
073701.jpg;046136.jpg;006344.jpg
080631.jpg;020104.jpg;054278.jpg
104010.jpg;119089.jpg;202382.jpg
120726.jpg;064302.jpg;076989.jpg
148098.jpg;098921.jpg;014358.jpg
111700.jpg;149441.jpg;152437.jpg
157761.jpg;092493.jpg;074508.jpg
168194.jpg;174799.jpg;094627.jpg
027094.jpg;148013.jpg;044203.jpg
041900.jpg;142000.jpg;082341.jpg
136111.jpg;010442.jpg;017389.jpg
140348.jpg;144356.jpg;052541.jpg
025313.jpg;025917.jpg;136859.jpg
141105.jpg;128583.jpg;093036.jpg
072364.jpg;049559.jpg;154769.jpg
007473.jpg;118526.jpg;149366.jpg
032031.jpg;009126.jpg;098560.jpg
196942.jpg;183374.jpg;108951.jpg
007739.jpg;131523.jpg;141363.jpg
200476.jpg;200191.jpg;103631.jpg
031836.jpg;022814.jpg;132817.jpg
092963.jpg;147221.jpg;041203.jpg
123601.jpg;031393.jpg;008309.jpg
125338.jpg;047235.jpg;000321.jpg
121415.jpg;158569.jpg;150797.jpg
128702.jpg;127790.jpg;147431.jpg
145150.jpg;030716.jpg;182175.jpg
172166.jpg;168375.jpg;110461.jpg
092757.jpg;109935.jpg;175798.jpg
095102.jpg;061348.jpg;036863.jpg
127789.jpg;100995.jpg;173104.jpg
016735.jpg;067486.jpg;099001.jpg
013272.jpg;129427.jpg;073361.jpg
027099.jpg;064665.jpg;201938.jpg
064447.jpg;017118.jpg;057876.jpg
017868.jpg;062776.jpg;168394.jpg
029289.jpg;029165.jpg;028292.jpg
079559.jpg;134927.jpg;052450.jpg
190793.jpg;202565.jpg;135143.jpg
018786.jpg;115786.jpg;035996.jpg
139003.jpg;034070.jpg;079473.jpg
100030.jpg;045062.jpg;004604.jpg
050122.jpg;045240.jpg;201124.jpg
073547.jpg;121133.jpg;085553.jpg
136622.jpg;129986.jpg;030473.jpg
131169.jpg;152130.jpg;073385.jpg
039954.jpg;071126.jpg;172389.jpg
105771.jpg;076671.jpg;141475.jpg
137023.jpg;103328.jpg;133193.jpg
154189.jpg;158614.jpg;051132.jpg
017383.jpg;142727.jpg;179132.jpg
050975.jpg;119727.jpg;099037.jpg
002372.jpg;066179.jpg;069959.jpg
162203.jpg;161508.jpg;062868.jpg
142498.jpg;104891.jpg;074964.jpg
007997.jpg;051204.jpg;006197.jpg
041328.jpg;069425.jpg;190010.jpg
115447.jpg;054215.jpg;019081.jpg
075563.jpg;060505.jpg;095153.jpg
052881.jpg;004125.jpg;006232.jpg
200097.jpg;196949.jpg;201796.jpg
157862.jpg;031478.jpg;170175.jpg
078499.jpg;048372.jpg;098796.jpg
167985.jpg;166282.jpg;060686.jpg
018567.jpg;134809.jpg;064140.jpg
155757.jpg;027015.jpg;116444.jpg
093677.jpg;057148.jpg;052468.jpg
065814.jpg;036528.jpg;129680.jpg
200195.jpg;192939.jpg;020562.jpg
101575.jpg;132106.jpg;018854.jpg
069286.jpg;029433.jpg;197197.jpg
030539.jpg;017865.jpg;055783.jpg
089934.jpg;063324.jpg;043434.jpg
131539.jpg;023288.jpg;009450.jpg
102053.jpg;091849.jpg;197442.jpg
129255.jpg;041493.jpg;122722.jpg
114435.jpg;007078.jpg;003689.jpg
087680.jpg;079232.jpg;073704.jpg
201481.jpg;194691.jpg;107071.jpg
188370.jpg;193414.jpg;127152.jpg
195750.jpg;199438.jpg;197406.jpg
083661.jpg;037441.jpg;145418.jpg
111746.jpg;030788.jpg;158410.jpg
017565.jpg;012018.jpg;169698.jpg
106577.jpg;025075.jpg;131765.jpg
134327.jpg;025407.jpg;162076.jpg
005980.jpg;064544.jpg;163117.jpg
161064.jpg;096224.jpg;140476.jpg
072025.jpg;052608.jpg;141834.jpg
008351.jpg;074646.jpg;087007.jpg
189177.jpg;193254.jpg;109615.jpg
040209.jpg;101333.jpg;136520.jpg
180649.jpg;166792.jpg;154632.jpg
137259.jpg;104382.jpg;172026.jpg
058102.jpg;012004.jpg;041744.jpg
143012.jpg;072694.jpg;155802.jpg
126814.jpg;106241.jpg;122221.jpg
034490.jpg;027520.jpg;139102.jpg
024756.jpg;046715.jpg;007807.jpg
024491.jpg;088446.jpg;043449.jpg
077650.jpg;112340.jpg;004183.jpg
137270.jpg;004533.jpg;061694.jpg
062991.jpg;046680.jpg;005813.jpg
062531.jpg;012082.jpg;088349.jpg
169313.jpg;164827.jpg;163893.jpg
029320.jpg;075996.jpg;028851.jpg
178626.jpg;182448.jpg;091573.jpg
123220.jpg;037980.jpg;114252.jpg
127722.jpg;002995.jpg;089982.jpg
018476.jpg;149135.jpg;109409.jpg
178963.jpg;168558.jpg;138838.jpg
079121.jpg;025250.jpg;196578.jpg
034959.jpg;131805.jpg;106685.jpg
179205.jpg;180245.jpg;011639.jpg
098159.jpg;139860.jpg;179709.jpg
175963.jpg;176442.jpg;003363.jpg
031146.jpg;020746.jpg;175190.jpg
183873.jpg;199724.jpg;025791.jpg
066671.jpg;051732.jpg;112464.jpg
010187.jpg;053328.jpg;081197.jpg
005707.jpg;070648.jpg;185835.jpg
073954.jpg;026244.jpg;020302.jpg
108159.jpg;106674.jpg;022134.jpg
036631.jpg;133362.jpg;075764.jpg
045033.jpg;001245.jpg;193856.jpg
028153.jpg;046581.jpg;070848.jpg
018593.jpg;157417.jpg;128348.jpg
031982.jpg;004401.jpg;183907.jpg
138791.jpg;028287.jpg;134299.jpg
072042.jpg;041464.jpg;061094.jpg
118069.jpg;102930.jpg;042210.jpg
078111.jpg;077357.jpg;068314.jpg
108706.jpg;155692.jpg;177850.jpg
024411.jpg;081598.jpg;115828.jpg
080426.jpg;094329.jpg;170110.jpg
001185.jpg;098022.jpg;005006.jpg
160178.jpg;033210.jpg;011722.jpg
100196.jpg;040924.jpg;188813.jpg
035068.jpg;133967.jpg;149326.jpg
172252.jpg;173078.jpg;134760.jpg
146109.jpg;033654.jpg;196259.jpg
138948.jpg;154960.jpg;179190.jpg
028923.jpg;018803.jpg;065315.jpg
187241.jpg;189775.jpg;130369.jpg
132859.jpg;088101.jpg;085684.jpg
066663.jpg;133090.jpg;127903.jpg
010923.jpg;092240.jpg;096460.jpg
110160.jpg;002048.jpg;037861.jpg
157903.jpg;101818.jpg;106375.jpg
176854.jpg;176571.jpg;144904.jpg
098637.jpg;128284.jpg;037809.jpg
039817.jpg;160367.jpg;069668.jpg
028378.jpg;096575.jpg;060381.jpg
120334.jpg;144148.jpg;036321.jpg
056575.jpg;023240.jpg;165201.jpg
061252.jpg;097516.jpg;016313.jpg
010731.jpg;132262.jpg;168268.jpg
035784.jpg;007950.jpg;178386.jpg
187115.jpg;184038.jpg;096449.jpg
008725.jpg;062798.jpg;194677.jpg
157156.jpg;075591.jpg;047364.jpg
082138.jpg;111151.jpg;005231.jpg
071972.jpg;099790.jpg;060758.jpg
069407.jpg;154348.jpg;118003.jpg
016915.jpg;139034.jpg;038333.jpg
184239.jpg;196126.jpg;084267.jpg
085596.jpg;012305.jpg;020401.jpg
161817.jpg;095034.jpg;110792.jpg
143411.jpg;014306.jpg;133201.jpg
071664.jpg;155145.jpg;106174.jpg
073360.jpg;120519.jpg;133558.jpg
027176.jpg;065102.jpg;024904.jpg
046956.jpg;024089.jpg;120660.jpg
201282.jpg;182935.jpg;040463.jpg
188234.jpg;192428.jpg;114089.jpg
019565.jpg;062254.jpg;090628.jpg
013636.jpg;150175.jpg;127858.jpg
166369.jpg;176701.jpg;161524.jpg
146756.jpg;008024.jpg;032794.jpg
154949.jpg;078392.jpg;032376.jpg
076343.jpg;081446.jpg;068322.jpg
174608.jpg;168742.jpg;068481.jpg
187660.jpg;190899.jpg;073707.jpg
182035.jpg;176546.jpg;075408.jpg
050479.jpg;105794.jpg;036210.jpg
010486.jpg;076531.jpg;176836.jpg
160801.jpg;003944.jpg;021792.jpg
040623.jpg;113149.jpg;016732.jpg
053155.jpg;042579.jpg;087594.jpg
006794.jpg;152118.jpg;173552.jpg
096190.jpg;131791.jpg;102147.jpg
005620.jpg;120485.jpg;085177.jpg
193571.jpg;191840.jpg;156611.jpg
072288.jpg;019712.jpg;014298.jpg
063655.jpg;136509.jpg;039796.jpg
191915.jpg;183078.jpg;137133.jpg
068547.jpg;104490.jpg;002688.jpg
121351.jpg;031333.jpg;078514.jpg
048426.jpg;083414.jpg;075350.jpg
028657.jpg;032617.jpg;008205.jpg
035736.jpg;079201.jpg;036450.jpg
069598.jpg;083512.jpg;177707.jpg
099624.jpg;113379.jpg;042682.jpg
079724.jpg;149703.jpg;150023.jpg
080860.jpg;139798.jpg;177954.jpg
148750.jpg;021042.jpg;065613.jpg
145401.jpg;113480.jpg;023529.jpg
115314.jpg;009366.jpg;112677.jpg
125154.jpg;021584.jpg;023800.jpg
020149.jpg;102594.jpg;161485.jpg
061265.jpg;053814.jpg;041458.jpg
109967.jpg;138669.jpg;189048.jpg
113644.jpg;131724.jpg;160231.jpg
140670.jpg;108104.jpg;019285.jpg
199185.jpg;196866.jpg;144964.jpg
120772.jpg;103177.jpg;138711.jpg
188814.jpg;198041.jpg;051509.jpg
090176.jpg;092673.jpg;119329.jpg
081027.jpg;030516.jpg;020408.jpg
170866.jpg;172809.jpg;182082.jpg
198090.jpg;183839.jpg;049675.jpg
195532.jpg;192071.jpg;164588.jpg
157493.jpg;098836.jpg;073797.jpg
015369.jpg;058327.jpg;096617.jpg
038397.jpg;005555.jpg;151303.jpg
111224.jpg;131440.jpg;065621.jpg
197734.jpg;198684.jpg;034865.jpg
139274.jpg;073259.jpg;033414.jpg
014224.jpg;145143.jpg;077686.jpg
051221.jpg;024943.jpg;077266.jpg
164422.jpg;173053.jpg;012663.jpg
042578.jpg;094191.jpg;018239.jpg
188659.jpg;189515.jpg;135040.jpg
072635.jpg;033990.jpg;074277.jpg
151760.jpg;133831.jpg;113504.jpg
169970.jpg;178502.jpg;156707.jpg
092550.jpg;056333.jpg;115906.jpg
196429.jpg;195206.jpg;110031.jpg
182505.jpg;181551.jpg;047453.jpg
174787.jpg;179261.jpg;129708.jpg
137473.jpg;105579.jpg;138894.jpg
039461.jpg;087103.jpg;062525.jpg
081933.jpg;147575.jpg;026776.jpg
007659.jpg;013146.jpg;005615.jpg
092289.jpg;033042.jpg;201226.jpg
109127.jpg;009134.jpg;017197.jpg
026771.jpg;122828.jpg;095438.jpg
135882.jpg;017621.jpg;090641.jpg
094341.jpg;029333.jpg;145267.jpg
006315.jpg;128525.jpg;154482.jpg
043868.jpg;151783.jpg;002496.jpg
102717.jpg;066306.jpg;062124.jpg
037799.jpg;033901.jpg;115331.jpg
085475.jpg;017098.jpg;193739.jpg
105929.jpg;162707.jpg;071445.jpg
161638.jpg;148831.jpg;054338.jpg
141666.jpg;102842.jpg;081170.jpg
121377.jpg;142615.jpg;010809.jpg
188976.jpg;190888.jpg;098223.jpg
047533.jpg;128303.jpg;005365.jpg
140212.jpg;112321.jpg;027252.jpg
068608.jpg;043425.jpg;199559.jpg
159870.jpg;147101.jpg;126653.jpg
027303.jpg;026296.jpg;035937.jpg
119716.jpg;076639.jpg;009956.jpg
109347.jpg;098040.jpg;077037.jpg
119447.jpg;147328.jpg;000199.jpg
185978.jpg;183593.jpg;011958.jpg
001759.jpg;113586.jpg;130840.jpg
105009.jpg;035587.jpg;013315.jpg
190299.jpg;196344.jpg;009246.jpg
080440.jpg;127043.jpg;164341.jpg
157902.jpg;161256.jpg;002097.jpg
142662.jpg;129857.jpg;061881.jpg
098952.jpg;079078.jpg;135911.jpg
149294.jpg;109479.jpg;040650.jpg
079821.jpg;027661.jpg;017246.jpg
076428.jpg;050497.jpg;143801.jpg
129513.jpg;073173.jpg;162228.jpg
085049.jpg;115424.jpg;141312.jpg
155133.jpg;080393.jpg;073215.jpg
037419.jpg;084700.jpg;040037.jpg
095971.jpg;111794.jpg;091609.jpg
057222.jpg;097864.jpg;011216.jpg
121256.jpg;088290.jpg;003880.jpg
095495.jpg;088404.jpg;026282.jpg
151395.jpg;080079.jpg;143226.jpg
171190.jpg;165980.jpg;026352.jpg
107725.jpg;077368.jpg;014187.jpg
033612.jpg;062213.jpg;184428.jpg
141855.jpg;150734.jpg;163797.jpg
010295.jpg;070158.jpg;044257.jpg
139352.jpg;140107.jpg;124522.jpg
199751.jpg;198669.jpg;185834.jpg
048463.jpg;133441.jpg;112337.jpg
116992.jpg;056694.jpg;005052.jpg
053111.jpg;031083.jpg;032367.jpg
162708.jpg;096285.jpg;153820.jpg
008950.jpg;047351.jpg;202087.jpg
113598.jpg;155956.jpg;062331.jpg
026215.jpg;090829.jpg;079091.jpg
006727.jpg;071080.jpg;005183.jpg
171989.jpg;166845.jpg;008625.jpg
160567.jpg;016233.jpg;024274.jpg
007865.jpg;138639.jpg;151119.jpg
036985.jpg;065662.jpg;158164.jpg
023515.jpg;009462.jpg;151147.jpg
179524.jpg;176958.jpg;072776.jpg
154937.jpg;158046.jpg;099045.jpg
198104.jpg;194839.jpg;170969.jpg
031212.jpg;059159.jpg;198295.jpg
046985.jpg;087242.jpg;054425.jpg
153801.jpg;052847.jpg;141641.jpg
180000.jpg;169684.jpg;156182.jpg
032077.jpg;061244.jpg;175984.jpg
169511.jpg;171565.jpg;176093.jpg
119143.jpg;025218.jpg;083831.jpg
017551.jpg;134762.jpg;047389.jpg
030380.jpg;106142.jpg;017227.jpg
076893.jpg;058289.jpg;058033.jpg
144360.jpg;113974.jpg;150455.jpg
124129.jpg;024144.jpg;050588.jpg
189022.jpg;198454.jpg;090690.jpg
122908.jpg;012778.jpg;171200.jpg
099821.jpg;142462.jpg;156751.jpg
074033.jpg;045460.jpg;086298.jpg
130536.jpg;050438.jpg;094447.jpg
196239.jpg;200473.jpg;196491.jpg
015668.jpg;039159.jpg;009126.jpg
165131.jpg;167529.jpg;081514.jpg
089014.jpg;141459.jpg;047191.jpg
172928.jpg;177417.jpg;156376.jpg
188450.jpg;184408.jpg;073315.jpg
183345.jpg;201835.jpg;187218.jpg
086839.jpg;072293.jpg;004907.jpg
085813.jpg;092597.jpg;105623.jpg
182133.jpg;174276.jpg;103396.jpg
161278.jpg;091747.jpg;103855.jpg
079605.jpg;104248.jpg;073683.jpg
140719.jpg;128730.jpg;149372.jpg
166060.jpg;171091.jpg;114648.jpg
096975.jpg;030872.jpg;179946.jpg
191015.jpg;196519.jpg;165612.jpg
031137.jpg;133429.jpg;016426.jpg
125257.jpg;058387.jpg;070527.jpg
112073.jpg;127221.jpg;158123.jpg
026688.jpg;001701.jpg;139384.jpg
129386.jpg;080549.jpg;090373.jpg
156414.jpg;015268.jpg;133262.jpg
028983.jpg;044056.jpg;080304.jpg
049250.jpg;152857.jpg;024346.jpg
026867.jpg;008915.jpg;023905.jpg
146680.jpg;003003.jpg;165051.jpg
009554.jpg;036004.jpg;048242.jpg
087639.jpg;087243.jpg;049218.jpg
181808.jpg;173138.jpg;077171.jpg
153240.jpg;102855.jpg;084049.jpg
060219.jpg;058558.jpg;046582.jpg
064384.jpg;003068.jpg;149687.jpg
182586.jpg;181122.jpg;119768.jpg
053588.jpg;043296.jpg;130385.jpg
186504.jpg;195965.jpg;112157.jpg
074902.jpg;136060.jpg;024259.jpg
044608.jpg;107184.jpg;033174.jpg
003537.jpg;079869.jpg;026616.jpg
103312.jpg;090754.jpg;198254.jpg
006573.jpg;076807.jpg;169966.jpg
173860.jpg;168049.jpg;133547.jpg
055272.jpg;111951.jpg;063422.jpg
074028.jpg;044567.jpg;200177.jpg
144854.jpg;031332.jpg;195205.jpg
190252.jpg;194528.jpg;080411.jpg
146021.jpg;026944.jpg;079041.jpg
125556.jpg;039646.jpg;049884.jpg
185168.jpg;183351.jpg;031174.jpg
104901.jpg;018361.jpg;084010.jpg
126437.jpg;089272.jpg;057149.jpg
193489.jpg;193983.jpg;056024.jpg
117836.jpg;000144.jpg;073162.jpg
073639.jpg;123399.jpg;055628.jpg
170487.jpg;176426.jpg;136114.jpg
015365.jpg;136123.jpg;114848.jpg
008153.jpg;126392.jpg;027203.jpg
096569.jpg;150351.jpg;098264.jpg
073174.jpg;118617.jpg;023596.jpg
065918.jpg;110495.jpg;133702.jpg
155075.jpg;051380.jpg;140414.jpg
195768.jpg;202135.jpg;037763.jpg
057613.jpg;139517.jpg;178348.jpg
042534.jpg;110552.jpg;146038.jpg
124782.jpg;005093.jpg;134198.jpg
046805.jpg;039243.jpg;187147.jpg
099317.jpg;043873.jpg;149448.jpg
149925.jpg;027329.jpg;108272.jpg
134098.jpg;002041.jpg;147509.jpg
018106.jpg;107081.jpg;146734.jpg
002067.jpg;090380.jpg;198331.jpg
046515.jpg;129366.jpg;146185.jpg
075438.jpg;029958.jpg;152028.jpg
068525.jpg;042878.jpg;047448.jpg
120879.jpg;085544.jpg;022512.jpg
021548.jpg;106728.jpg;032571.jpg
175435.jpg;181217.jpg;088143.jpg
038914.jpg;083884.jpg;182959.jpg
193954.jpg;193424.jpg;163672.jpg
063137.jpg;077696.jpg;107325.jpg
181181.jpg;168042.jpg;154135.jpg
036761.jpg;032191.jpg;039839.jpg
136031.jpg;024434.jpg;104859.jpg
105354.jpg;142221.jpg;192101.jpg
138845.jpg;128457.jpg;045450.jpg
087384.jpg;079184.jpg;183604.jpg
035667.jpg;029709.jpg;010557.jpg
129381.jpg;065054.jpg;018211.jpg
065044.jpg;033234.jpg;159975.jpg
041499.jpg;076614.jpg;080557.jpg
128706.jpg;076798.jpg;001995.jpg
184419.jpg;184164.jpg;015906.jpg
036337.jpg;085598.jpg;191673.jpg
106726.jpg;073073.jpg;071871.jpg
077191.jpg;045419.jpg;105717.jpg
154277.jpg;150488.jpg;195521.jpg
119240.jpg;007315.jpg;115085.jpg
153901.jpg;010823.jpg;167125.jpg
182525.jpg;170272.jpg;063948.jpg
171175.jpg;174929.jpg;124255.jpg
052212.jpg;124583.jpg;050334.jpg
025948.jpg;030237.jpg;133377.jpg
029051.jpg;012037.jpg;131198.jpg
010798.jpg;069114.jpg;039191.jpg
065198.jpg;006783.jpg;184983.jpg
057373.jpg;135485.jpg;134715.jpg
200130.jpg;189237.jpg;149295.jpg
045338.jpg;155082.jpg;011226.jpg
103492.jpg;023466.jpg;112203.jpg
195042.jpg;202276.jpg;178576.jpg
054277.jpg;018087.jpg;055297.jpg
036674.jpg;066876.jpg;118573.jpg
092682.jpg;137733.jpg;025365.jpg
027129.jpg;041431.jpg;184948.jpg
012937.jpg;027711.jpg;014337.jpg
156634.jpg;139380.jpg;153778.jpg
199843.jpg;201428.jpg;157304.jpg
112120.jpg;030355.jpg;095061.jpg
068117.jpg;059346.jpg;183400.jpg
053692.jpg;158320.jpg;010622.jpg
062266.jpg;065805.jpg;184026.jpg
198717.jpg;192577.jpg;175843.jpg
180512.jpg;178698.jpg;120109.jpg
160126.jpg;137850.jpg;124069.jpg
072465.jpg;105906.jpg;119947.jpg
178743.jpg;166020.jpg;030643.jpg
152967.jpg;081501.jpg;087371.jpg
149160.jpg;021304.jpg;195721.jpg
095140.jpg;007847.jpg;196582.jpg
157293.jpg;160736.jpg;125602.jpg
111427.jpg;021349.jpg;027461.jpg
197713.jpg;187222.jpg;137710.jpg
153915.jpg;155349.jpg;005554.jpg
045510.jpg;151523.jpg;072974.jpg
038828.jpg;144046.jpg;105136.jpg
001812.jpg;149878.jpg;161823.jpg
029313.jpg;134268.jpg;117049.jpg
002510.jpg;044271.jpg;192712.jpg
040084.jpg;060033.jpg;188962.jpg
172942.jpg;167035.jpg;019898.jpg
177083.jpg;167254.jpg;066142.jpg
057845.jpg;062045.jpg;099253.jpg
165420.jpg;170646.jpg;164075.jpg
155414.jpg;089782.jpg;162286.jpg
201948.jpg;200549.jpg;134796.jpg
159515.jpg;134096.jpg;132674.jpg
015095.jpg;015067.jpg;040953.jpg
041199.jpg;056932.jpg;165658.jpg
093798.jpg;044273.jpg;191539.jpg
067326.jpg;029969.jpg;014635.jpg
196737.jpg;192445.jpg;018170.jpg
029920.jpg;081202.jpg;033916.jpg
080040.jpg;135941.jpg;016373.jpg
078659.jpg;142341.jpg;016522.jpg
157288.jpg;025650.jpg;051614.jpg
128334.jpg;119882.jpg;188426.jpg
192281.jpg;188761.jpg;012380.jpg
122827.jpg;083740.jpg;142012.jpg
135028.jpg;098608.jpg;139368.jpg
013704.jpg;069901.jpg;157276.jpg
105160.jpg;051670.jpg;133606.jpg
182198.jpg;168010.jpg;045591.jpg
076675.jpg;000676.jpg;175741.jpg
075122.jpg;039260.jpg;137709.jpg
115447.jpg;105952.jpg;049250.jpg
048165.jpg;086665.jpg;099943.jpg
068029.jpg;045737.jpg;060162.jpg
120818.jpg;108002.jpg;011403.jpg
066079.jpg;136857.jpg;077428.jpg
106271.jpg;040151.jpg;131259.jpg
065610.jpg;135661.jpg;087235.jpg
013003.jpg;053068.jpg;185238.jpg
073318.jpg;061730.jpg;086272.jpg
152876.jpg;109144.jpg;071860.jpg
129618.jpg;075295.jpg;038075.jpg
154331.jpg;133791.jpg;170013.jpg
082797.jpg;110894.jpg;189553.jpg
165767.jpg;166132.jpg;022762.jpg
157984.jpg;104267.jpg;066441.jpg
073354.jpg;008046.jpg;170464.jpg
040784.jpg;041762.jpg;159143.jpg
133514.jpg;127553.jpg;059136.jpg
169474.jpg;182361.jpg;117814.jpg
176352.jpg;171563.jpg;182102.jpg
186647.jpg;189547.jpg;060021.jpg
045194.jpg;084225.jpg;173164.jpg
153116.jpg;026693.jpg;029854.jpg
200344.jpg;196715.jpg;194509.jpg
063717.jpg;051563.jpg;071601.jpg
193434.jpg;188121.jpg;108784.jpg
102992.jpg;065159.jpg;069026.jpg
174598.jpg;170900.jpg;085684.jpg
139722.jpg;157770.jpg;123934.jpg
025262.jpg;074734.jpg;090979.jpg
164037.jpg;181791.jpg;079572.jpg
110929.jpg;027656.jpg;112603.jpg
197063.jpg;195599.jpg;197506.jpg
079765.jpg;029486.jpg;114950.jpg
002459.jpg;045380.jpg;028662.jpg
158055.jpg;011895.jpg;079614.jpg
032792.jpg;015454.jpg;100146.jpg
186189.jpg;200654.jpg;182827.jpg
196173.jpg;200690.jpg;078705.jpg
097685.jpg;080426.jpg;068965.jpg
035522.jpg;080671.jpg;156989.jpg
182392.jpg;167018.jpg;153367.jpg
193418.jpg;197044.jpg;190026.jpg
034662.jpg;097375.jpg;054041.jpg
070426.jpg;159151.jpg;041136.jpg
043477.jpg;137161.jpg;071695.jpg
098606.jpg;089395.jpg;057412.jpg
124644.jpg;067753.jpg;112816.jpg
168097.jpg;168910.jpg;077291.jpg
017356.jpg;088691.jpg;080178.jpg
086938.jpg;063442.jpg;142177.jpg
174562.jpg;176362.jpg;061552.jpg
041203.jpg;030948.jpg;006659.jpg
065654.jpg;069548.jpg;071618.jpg
085574.jpg;001959.jpg;046775.jpg
192711.jpg;193887.jpg;185734.jpg
000080.jpg;089720.jpg;027966.jpg
006429.jpg;061945.jpg;169826.jpg
036220.jpg;159247.jpg;061956.jpg
094427.jpg;075577.jpg;136208.jpg
066429.jpg;119928.jpg;012694.jpg
151838.jpg;101845.jpg;176104.jpg
114488.jpg;051461.jpg;093450.jpg
150084.jpg;079579.jpg;100804.jpg
080663.jpg;158557.jpg;020395.jpg
167392.jpg;169606.jpg;019519.jpg
195399.jpg;183775.jpg;065675.jpg
049468.jpg;065177.jpg;015508.jpg
093076.jpg;117473.jpg;106862.jpg
003327.jpg;095202.jpg;028045.jpg
069356.jpg;043119.jpg;091284.jpg
189770.jpg;183076.jpg;119435.jpg
202069.jpg;183116.jpg;076412.jpg
018109.jpg;113125.jpg;161706.jpg
049704.jpg;105313.jpg;172834.jpg
084175.jpg;031789.jpg;180117.jpg
168983.jpg;164367.jpg;118412.jpg
134051.jpg;086499.jpg;192971.jpg
028471.jpg;109008.jpg;078726.jpg
057696.jpg;146778.jpg;081859.jpg
135732.jpg;025229.jpg;046401.jpg
101399.jpg;072801.jpg;138400.jpg
134839.jpg;102313.jpg;093181.jpg
069509.jpg;068762.jpg;080306.jpg
120243.jpg;127557.jpg;036881.jpg
185795.jpg;194086.jpg;192094.jpg
160974.jpg;053854.jpg;000737.jpg
148591.jpg;063759.jpg;006827.jpg
017513.jpg;112340.jpg;085007.jpg
190256.jpg;191313.jpg;078477.jpg
199571.jpg;199078.jpg;127784.jpg
180227.jpg;175980.jpg;157377.jpg
183178.jpg;199038.jpg;180583.jpg
039839.jpg;115017.jpg;194429.jpg
084324.jpg;042476.jpg;127266.jpg
052322.jpg;008931.jpg;087454.jpg
068693.jpg;103060.jpg;187157.jpg
201885.jpg;195520.jpg;123604.jpg
041622.jpg;122791.jpg;099174.jpg
052026.jpg;013028.jpg;063811.jpg
125145.jpg;098309.jpg;148836.jpg
020887.jpg;120666.jpg;143146.jpg
050091.jpg;102393.jpg;089096.jpg
022969.jpg;080785.jpg;164362.jpg
105727.jpg;098594.jpg;147273.jpg
180042.jpg;179342.jpg;004534.jpg
066205.jpg;021232.jpg;183320.jpg
040895.jpg;116934.jpg;192691.jpg
123826.jpg;098573.jpg;027040.jpg
104104.jpg;109908.jpg;173965.jpg
180431.jpg;177262.jpg;139766.jpg
038162.jpg;034000.jpg;035304.jpg
120325.jpg;027923.jpg;109219.jpg
160789.jpg;057520.jpg;196341.jpg
098387.jpg;144755.jpg;079570.jpg
163718.jpg;180359.jpg;026503.jpg
140481.jpg;071409.jpg;144648.jpg
099493.jpg;085994.jpg;082018.jpg
098903.jpg;000034.jpg;195105.jpg
060244.jpg;026489.jpg;026914.jpg
092939.jpg;037414.jpg;110762.jpg
187535.jpg;195153.jpg;010055.jpg
058337.jpg;038672.jpg;022396.jpg
162966.jpg;171877.jpg;062839.jpg
060594.jpg;106346.jpg;160735.jpg
081368.jpg;128734.jpg;015753.jpg
156061.jpg;012907.jpg;153361.jpg
067955.jpg;034738.jpg;095585.jpg
025684.jpg;124363.jpg;094145.jpg
018112.jpg;099742.jpg;044946.jpg
030148.jpg;009066.jpg;190340.jpg
128086.jpg;049660.jpg;169811.jpg
070055.jpg;058639.jpg;169467.jpg
172143.jpg;164903.jpg;085465.jpg
009917.jpg;089771.jpg;200029.jpg
112008.jpg;127800.jpg;162265.jpg
162365.jpg;047339.jpg;071932.jpg
004525.jpg;103086.jpg;019992.jpg
133483.jpg;067180.jpg;026914.jpg
154919.jpg;132475.jpg;000684.jpg
091228.jpg;082637.jpg;164261.jpg
007963.jpg;088914.jpg;013857.jpg
111330.jpg;090367.jpg;099450.jpg
162670.jpg;017207.jpg;137946.jpg
080022.jpg;151930.jpg;158517.jpg
155149.jpg;160837.jpg;031255.jpg
164962.jpg;167201.jpg;144226.jpg
195657.jpg;199634.jpg;104919.jpg
187158.jpg;193601.jpg;146112.jpg
049951.jpg;001200.jpg;185864.jpg
021515.jpg;087641.jpg;178122.jpg
040388.jpg;024526.jpg;019035.jpg
037642.jpg;056465.jpg;071763.jpg
178251.jpg;180836.jpg;115232.jpg
013111.jpg;105778.jpg;196492.jpg
066493.jpg;040702.jpg;072493.jpg
187530.jpg;186337.jpg;196272.jpg
078296.jpg;074934.jpg;200367.jpg
032808.jpg;137137.jpg;037675.jpg
104013.jpg;143423.jpg;025122.jpg
040954.jpg;015685.jpg;200531.jpg
122672.jpg;156209.jpg;151576.jpg
006311.jpg;038860.jpg;085031.jpg
065287.jpg;144074.jpg;198584.jpg
069438.jpg;156145.jpg;089502.jpg
003354.jpg;112803.jpg;051800.jpg
161656.jpg;078902.jpg;117645.jpg
175006.jpg;164378.jpg;191865.jpg
156639.jpg;137609.jpg;060682.jpg
079309.jpg;137263.jpg;044296.jpg
174956.jpg;179279.jpg;007421.jpg
100268.jpg;069680.jpg;181457.jpg
036544.jpg;133779.jpg;167942.jpg
072685.jpg;063883.jpg;054010.jpg
050984.jpg;041103.jpg;063914.jpg
004258.jpg;132680.jpg;109548.jpg
091347.jpg;028275.jpg;017004.jpg
042989.jpg;006143.jpg;163320.jpg
061414.jpg;014972.jpg;090143.jpg
140647.jpg;142885.jpg;108667.jpg
102987.jpg;020332.jpg;124146.jpg
004402.jpg;095615.jpg;035709.jpg
099315.jpg;027387.jpg;120526.jpg
076871.jpg;047328.jpg;023474.jpg
098940.jpg;084188.jpg;042569.jpg
142956.jpg;102720.jpg;123692.jpg
176247.jpg;167817.jpg;180923.jpg
021265.jpg;060218.jpg;004511.jpg
083905.jpg;036649.jpg;046099.jpg
069339.jpg;031526.jpg;160967.jpg
091131.jpg;097081.jpg;011513.jpg
115771.jpg;008896.jpg;194418.jpg
010552.jpg;096067.jpg;153089.jpg
078835.jpg;066676.jpg;078188.jpg
165222.jpg;180282.jpg;055486.jpg
023809.jpg;022873.jpg;108778.jpg
139464.jpg;070511.jpg;163052.jpg
130944.jpg;068232.jpg;151463.jpg
073997.jpg;112644.jpg;017627.jpg
149583.jpg;107564.jpg;020243.jpg
190811.jpg;199018.jpg;059125.jpg
116436.jpg;125185.jpg;122149.jpg
059539.jpg;101035.jpg;131937.jpg
048085.jpg;111232.jpg;176045.jpg
117994.jpg;106626.jpg;083266.jpg
010017.jpg;051490.jpg;180209.jpg
027797.jpg;039588.jpg;093221.jpg
133378.jpg;070710.jpg;163157.jpg
074660.jpg;097489.jpg;147005.jpg
055728.jpg;124436.jpg;153067.jpg
033480.jpg;161983.jpg;023125.jpg
083294.jpg;069301.jpg;111628.jpg
169265.jpg;179899.jpg;064893.jpg
142585.jpg;049129.jpg;134880.jpg
079647.jpg;135328.jpg;109708.jpg
053483.jpg;021240.jpg;097186.jpg
198964.jpg;190134.jpg;189873.jpg
083188.jpg;009744.jpg;000489.jpg
060817.jpg;020249.jpg;064018.jpg
163090.jpg;180902.jpg;162363.jpg
024844.jpg;134106.jpg;001992.jpg
002113.jpg;078769.jpg;000743.jpg
101324.jpg;103742.jpg;147863.jpg
131959.jpg;056485.jpg;058344.jpg
023238.jpg;025994.jpg;166739.jpg
062886.jpg;026508.jpg;166285.jpg
113488.jpg;020128.jpg;196223.jpg
167422.jpg;163955.jpg;173762.jpg
061379.jpg;059302.jpg;135546.jpg
106248.jpg;000307.jpg;058287.jpg
111900.jpg;023517.jpg;111935.jpg
009616.jpg;091207.jpg;029180.jpg
122081.jpg;065840.jpg;087915.jpg
187762.jpg;200533.jpg;185333.jpg
105196.jpg;079622.jpg;011054.jpg
009683.jpg;138736.jpg;004476.jpg
040128.jpg;045128.jpg;128702.jpg
089139.jpg;013279.jpg;153714.jpg
145576.jpg;046407.jpg;091326.jpg
059230.jpg;008758.jpg;048106.jpg
075945.jpg;053334.jpg;160699.jpg
112582.jpg;027490.jpg;102470.jpg
023585.jpg;111743.jpg;016740.jpg
176841.jpg;174744.jpg;198674.jpg
053814.jpg;109152.jpg;149722.jpg
136825.jpg;017286.jpg;198080.jpg
194565.jpg;199976.jpg;168684.jpg
141028.jpg;161829.jpg;177146.jpg
050811.jpg;050523.jpg;173551.jpg
042923.jpg;119093.jpg;026148.jpg
030330.jpg;023111.jpg;110571.jpg
087073.jpg;010292.jpg;106574.jpg
193503.jpg;202225.jpg;192800.jpg
014288.jpg;031961.jpg;074646.jpg
015023.jpg;026464.jpg;082048.jpg
068643.jpg;148520.jpg;124198.jpg
101038.jpg;162442.jpg;077876.jpg
146500.jpg;056190.jpg;068074.jpg
190470.jpg;196525.jpg;191478.jpg
016176.jpg;083703.jpg;118228.jpg
195051.jpg;191003.jpg;117255.jpg
129354.jpg;087187.jpg;136478.jpg
100512.jpg;122685.jpg;185962.jpg
041264.jpg;072639.jpg;192578.jpg
151521.jpg;008261.jpg;090493.jpg
154934.jpg;031083.jpg;042636.jpg
073108.jpg;142054.jpg;132266.jpg
024842.jpg;045152.jpg;095294.jpg
057694.jpg;097681.jpg;048528.jpg
171440.jpg;170737.jpg;141505.jpg
025982.jpg;140469.jpg;189942.jpg
061337.jpg;029556.jpg;175549.jpg
043285.jpg;079500.jpg;177375.jpg
023648.jpg;115132.jpg;136913.jpg
168308.jpg;172965.jpg;123495.jpg
120850.jpg;061206.jpg;165249.jpg
139697.jpg;043652.jpg;179437.jpg
086970.jpg;124682.jpg;056774.jpg
070052.jpg;092741.jpg;177659.jpg
032234.jpg;041151.jpg;071950.jpg
028685.jpg;029562.jpg;030651.jpg
120326.jpg;056489.jpg;097567.jpg
023975.jpg;031001.jpg;135294.jpg
140910.jpg;047338.jpg;091607.jpg
184424.jpg;192516.jpg;020553.jpg
090368.jpg;018358.jpg;077035.jpg
112122.jpg;152992.jpg;155572.jpg
088209.jpg;007881.jpg;101661.jpg
124089.jpg;049482.jpg;082492.jpg
020888.jpg;145047.jpg;156159.jpg
032069.jpg;091780.jpg;133749.jpg
194719.jpg;194600.jpg;012476.jpg
014083.jpg;141094.jpg;006924.jpg
151924.jpg;077723.jpg;055865.jpg
133132.jpg;144490.jpg;160213.jpg
094094.jpg;095896.jpg;032283.jpg
069385.jpg;105889.jpg;136017.jpg
010039.jpg;052729.jpg;116892.jpg
042639.jpg;028095.jpg;091020.jpg
037778.jpg;033021.jpg;112325.jpg
061512.jpg;051062.jpg;066930.jpg
024580.jpg;154519.jpg;162537.jpg
077341.jpg;117955.jpg;129259.jpg
030195.jpg;131600.jpg;026737.jpg
034013.jpg;099530.jpg;127705.jpg
032476.jpg;067210.jpg;127052.jpg
081212.jpg;073456.jpg;179757.jpg
180466.jpg;164841.jpg;184153.jpg
034238.jpg;157097.jpg;111571.jpg
029203.jpg;130262.jpg;177139.jpg
023989.jpg;021910.jpg;104890.jpg
050870.jpg;028260.jpg;041038.jpg
044137.jpg;053027.jpg;014414.jpg
074670.jpg;121332.jpg;033927.jpg
116296.jpg;126285.jpg;043199.jpg
084958.jpg;105636.jpg;174038.jpg
128649.jpg;152401.jpg;131887.jpg
083538.jpg;047024.jpg;197668.jpg
170721.jpg;167726.jpg;164340.jpg
174007.jpg;175616.jpg;004780.jpg
160057.jpg;057348.jpg;094594.jpg
103612.jpg;143587.jpg;013337.jpg
061349.jpg;159602.jpg;010058.jpg
121540.jpg;021689.jpg;033943.jpg
178969.jpg;180531.jpg;155437.jpg
151598.jpg;095223.jpg;120981.jpg
093926.jpg;035951.jpg;042021.jpg
058159.jpg;065163.jpg;126806.jpg
117929.jpg;088519.jpg;026970.jpg
160416.jpg;082141.jpg;077220.jpg
164434.jpg;170282.jpg;155810.jpg
168846.jpg;175122.jpg;145372.jpg
122707.jpg;010642.jpg;080853.jpg
100818.jpg;004369.jpg;057636.jpg
144836.jpg;030462.jpg;122479.jpg
132449.jpg;068110.jpg;098492.jpg
178809.jpg;167576.jpg;128576.jpg
022004.jpg;026560.jpg;102919.jpg
035376.jpg;110107.jpg;167754.jpg
102317.jpg;026420.jpg;170749.jpg
145707.jpg;040198.jpg;100251.jpg
084054.jpg;009676.jpg;090068.jpg
110422.jpg;072593.jpg;191731.jpg
118989.jpg;154200.jpg;136843.jpg
137368.jpg;136846.jpg;078005.jpg
122235.jpg;139821.jpg;062450.jpg
124583.jpg;106396.jpg;011541.jpg
200174.jpg;201969.jpg;195352.jpg
200276.jpg;199836.jpg;101644.jpg
093644.jpg;009120.jpg;038075.jpg
043585.jpg;113833.jpg;130929.jpg
099716.jpg;064911.jpg;158389.jpg
197453.jpg;187562.jpg;090867.jpg
066039.jpg;062422.jpg;096693.jpg
013038.jpg;019032.jpg;010507.jpg
035298.jpg;140289.jpg;032730.jpg
051357.jpg;040721.jpg;161104.jpg
116912.jpg;035542.jpg;027258.jpg
055462.jpg;055650.jpg;148019.jpg
124916.jpg;099802.jpg;051633.jpg
060314.jpg;128862.jpg;027236.jpg
050813.jpg;068562.jpg;070071.jpg
003834.jpg;135292.jpg;047914.jpg
177228.jpg;178327.jpg;027923.jpg
155925.jpg;031793.jpg;166738.jpg
004421.jpg;162505.jpg;199075.jpg
019606.jpg;114748.jpg;083215.jpg
109272.jpg;152263.jpg;019202.jpg
153659.jpg;128728.jpg;117509.jpg
161583.jpg;150540.jpg;148518.jpg
055353.jpg;106168.jpg;193457.jpg
178454.jpg;166756.jpg;144242.jpg
084427.jpg;020022.jpg;122563.jpg
029468.jpg;000750.jpg;077571.jpg
184458.jpg;188607.jpg;123160.jpg
083513.jpg;051243.jpg;185628.jpg
059515.jpg;133985.jpg;116195.jpg
048368.jpg;075842.jpg;088201.jpg
001421.jpg;020845.jpg;012455.jpg
168930.jpg;168922.jpg;195333.jpg
131938.jpg;001761.jpg;136545.jpg
106892.jpg;106399.jpg;009189.jpg
071359.jpg;080726.jpg;123709.jpg
119189.jpg;141057.jpg;164403.jpg
055167.jpg;023434.jpg;171517.jpg
163483.jpg;179443.jpg;172940.jpg
108131.jpg;159812.jpg;069556.jpg
141570.jpg;129942.jpg;068631.jpg
182196.jpg;171310.jpg;053790.jpg
086824.jpg;122072.jpg;197009.jpg
036543.jpg;021816.jpg;099749.jpg
069817.jpg;088864.jpg;081196.jpg
049086.jpg;119204.jpg;113972.jpg
020719.jpg;031983.jpg;028790.jpg
143161.jpg;110976.jpg;106094.jpg
081570.jpg;017257.jpg;046219.jpg
064989.jpg;107231.jpg;111362.jpg
171921.jpg;179894.jpg;138533.jpg
087171.jpg;015695.jpg;025029.jpg
009950.jpg;108910.jpg;105059.jpg
044286.jpg;072289.jpg;102993.jpg
088054.jpg;034307.jpg;195111.jpg
198859.jpg;184546.jpg;031652.jpg
172969.jpg;179273.jpg;198446.jpg
003152.jpg;048476.jpg;051642.jpg
146377.jpg;013853.jpg;066982.jpg
095932.jpg;124721.jpg;192774.jpg
174214.jpg;180931.jpg;042810.jpg
157233.jpg;126200.jpg;051501.jpg
078487.jpg;106440.jpg;039200.jpg
200261.jpg;193063.jpg;146583.jpg
198856.jpg;195878.jpg;098904.jpg
012388.jpg;042943.jpg;194557.jpg
181992.jpg;173846.jpg;179615.jpg
033185.jpg;081135.jpg;079019.jpg
111381.jpg;001821.jpg;110410.jpg
152621.jpg;116323.jpg;196895.jpg
022367.jpg;007403.jpg;070970.jpg
110121.jpg;143693.jpg;012383.jpg
163874.jpg;177947.jpg;185251.jpg
130502.jpg;083216.jpg;005914.jpg
165044.jpg;165531.jpg;044849.jpg
150428.jpg;116570.jpg;125938.jpg
117150.jpg;033490.jpg;023741.jpg
124238.jpg;162082.jpg;083139.jpg
034163.jpg;008348.jpg;092615.jpg
048003.jpg;135820.jpg;006067.jpg
173652.jpg;172790.jpg;044654.jpg
201067.jpg;200423.jpg;075532.jpg
156010.jpg;039870.jpg;086588.jpg
199432.jpg;195216.jpg;084896.jpg
045807.jpg;097784.jpg;124733.jpg
073038.jpg;036280.jpg;104903.jpg
101323.jpg;002617.jpg;074112.jpg
074741.jpg;045598.jpg;094796.jpg
067925.jpg;077810.jpg;171928.jpg
172353.jpg;176058.jpg;094286.jpg
056083.jpg;109196.jpg;028864.jpg
013357.jpg;070736.jpg;007548.jpg
057069.jpg;134399.jpg;055013.jpg
034300.jpg;140782.jpg;026717.jpg
157424.jpg;079179.jpg;060680.jpg
083369.jpg;037154.jpg;037722.jpg
031108.jpg;149624.jpg;113866.jpg
187241.jpg;194292.jpg;153958.jpg
137374.jpg;158234.jpg;155053.jpg
135263.jpg;149194.jpg;006077.jpg
125190.jpg;000215.jpg;197604.jpg
126188.jpg;142831.jpg;041479.jpg
078929.jpg;128584.jpg;030512.jpg
186174.jpg;190303.jpg;113309.jpg
108729.jpg;008740.jpg;156133.jpg
187310.jpg;195488.jpg;080015.jpg
153816.jpg;003539.jpg;172720.jpg
046749.jpg;031272.jpg;048723.jpg
008988.jpg;131245.jpg;035811.jpg
008670.jpg;154822.jpg;001135.jpg
080907.jpg;093789.jpg;064777.jpg
047324.jpg;031892.jpg;094058.jpg
182502.jpg;168770.jpg;061925.jpg
152194.jpg;078734.jpg;169937.jpg
201627.jpg;183532.jpg;181842.jpg
109047.jpg;159368.jpg;144073.jpg
127406.jpg;072310.jpg;094632.jpg
057351.jpg;098288.jpg;200165.jpg
164092.jpg;177259.jpg;110698.jpg
134203.jpg;050706.jpg;127951.jpg
033570.jpg;157113.jpg;047487.jpg
059542.jpg;116761.jpg;163374.jpg
043897.jpg;131073.jpg;171740.jpg
125752.jpg;054405.jpg;083812.jpg
010938.jpg;005564.jpg;085236.jpg
000035.jpg;010696.jpg;180841.jpg
012859.jpg;070253.jpg;008390.jpg
143617.jpg;119316.jpg;101899.jpg
010847.jpg;047921.jpg;120798.jpg
066781.jpg;012717.jpg;091167.jpg
159768.jpg;090564.jpg;173767.jpg
079713.jpg;114515.jpg;156684.jpg
154979.jpg;149862.jpg;079671.jpg
002336.jpg;004274.jpg;006482.jpg
132659.jpg;049135.jpg;166384.jpg
182307.jpg;171802.jpg;054332.jpg
147064.jpg;073205.jpg;009508.jpg
036979.jpg;017015.jpg;063273.jpg
198904.jpg;186916.jpg;107775.jpg
049980.jpg;051004.jpg;140838.jpg
080217.jpg;035419.jpg;188150.jpg
031103.jpg;070974.jpg;170944.jpg
121043.jpg;034827.jpg;038212.jpg
126047.jpg;031264.jpg;127917.jpg
089722.jpg;084497.jpg;152249.jpg
043213.jpg;103328.jpg;166164.jpg
099294.jpg;160055.jpg;035568.jpg
025357.jpg;003788.jpg;037083.jpg
100702.jpg;008570.jpg;135846.jpg
038595.jpg;011997.jpg;150699.jpg
006657.jpg;051716.jpg;159904.jpg
067632.jpg;024880.jpg;144926.jpg
148245.jpg;089960.jpg;026278.jpg
112690.jpg;075345.jpg;033523.jpg
161338.jpg;067859.jpg;196374.jpg
004125.jpg;101234.jpg;047764.jpg
189678.jpg;202094.jpg;160424.jpg
117036.jpg;098185.jpg;159817.jpg
158313.jpg;053149.jpg;065703.jpg
170994.jpg;174996.jpg;136133.jpg
081707.jpg;041435.jpg;009660.jpg
145984.jpg;051854.jpg;103174.jpg
139695.jpg;063103.jpg;101213.jpg
091941.jpg;008469.jpg;006241.jpg
064845.jpg;060804.jpg;063284.jpg
198095.jpg;184287.jpg;012455.jpg
096542.jpg;059443.jpg;085758.jpg
006957.jpg;154188.jpg;083387.jpg
121483.jpg;023807.jpg;143698.jpg
036387.jpg;039219.jpg;062498.jpg
149769.jpg;030705.jpg;095543.jpg
123812.jpg;104770.jpg;082805.jpg
137740.jpg;043362.jpg;114249.jpg
129142.jpg;077045.jpg;178947.jpg
029335.jpg;043922.jpg;160583.jpg
037368.jpg;042184.jpg;065333.jpg
133818.jpg;028123.jpg;107973.jpg
078843.jpg;078338.jpg;021489.jpg
110799.jpg;051297.jpg;048219.jpg
122810.jpg;056172.jpg;111957.jpg
009713.jpg;162515.jpg;182540.jpg
187309.jpg;188684.jpg;172266.jpg
075805.jpg;019797.jpg;096181.jpg
089919.jpg;115582.jpg;182694.jpg
041691.jpg;014905.jpg;187857.jpg
055339.jpg;160105.jpg;032367.jpg
089686.jpg;112752.jpg;079338.jpg
000303.jpg;105110.jpg;043208.jpg
035626.jpg;055794.jpg;123936.jpg
187320.jpg;195783.jpg;078189.jpg
131784.jpg;049037.jpg;095016.jpg
175203.jpg;174490.jpg;108653.jpg
095731.jpg;006140.jpg;145746.jpg
148274.jpg;102401.jpg;122538.jpg
195222.jpg;189177.jpg;032121.jpg
099694.jpg;024523.jpg;005225.jpg
094432.jpg;050153.jpg;016013.jpg
118838.jpg;010247.jpg;176593.jpg
179590.jpg;169217.jpg;190600.jpg
063425.jpg;129232.jpg;149783.jpg
186512.jpg;188591.jpg;039180.jpg
083339.jpg;034371.jpg;098524.jpg
004569.jpg;028178.jpg;093062.jpg
116400.jpg;075230.jpg;046410.jpg
178876.jpg;163971.jpg;175348.jpg
065279.jpg;127793.jpg;021577.jpg
018902.jpg;135022.jpg;050647.jpg
031084.jpg;024988.jpg;169904.jpg
192570.jpg;189479.jpg;163813.jpg
075200.jpg;023148.jpg;020660.jpg
031598.jpg;033389.jpg;090608.jpg
117638.jpg;113638.jpg;079782.jpg
124974.jpg;084701.jpg;033444.jpg
106950.jpg;067501.jpg;088950.jpg
107415.jpg;017211.jpg;106597.jpg
108701.jpg;087117.jpg;090190.jpg
118860.jpg;129166.jpg;185150.jpg
048864.jpg;046981.jpg;016901.jpg
045700.jpg;101322.jpg;009117.jpg
152979.jpg;114183.jpg;201160.jpg
153455.jpg;085567.jpg;187330.jpg
183912.jpg;194786.jpg;110206.jpg
104795.jpg;119730.jpg;141347.jpg
088169.jpg;135076.jpg;179367.jpg
157087.jpg;094978.jpg;201746.jpg
067426.jpg;123850.jpg;124291.jpg
158375.jpg;022836.jpg;195769.jpg
069654.jpg;042879.jpg;162147.jpg
117372.jpg;030270.jpg;133751.jpg
067951.jpg;123804.jpg;129865.jpg
105498.jpg;153818.jpg;087567.jpg
167518.jpg;181742.jpg;004549.jpg
009092.jpg;124753.jpg;186230.jpg
084143.jpg;042582.jpg;180999.jpg
122605.jpg;078158.jpg;001664.jpg
095561.jpg;033973.jpg;174363.jpg
156776.jpg;083517.jpg;068359.jpg
191147.jpg;182961.jpg;189771.jpg
022407.jpg;146511.jpg;066964.jpg
177247.jpg;164439.jpg;058197.jpg
134077.jpg;020431.jpg;026905.jpg
063829.jpg;080375.jpg;149133.jpg
099050.jpg;059630.jpg;192434.jpg
116329.jpg;019216.jpg;110514.jpg
134800.jpg;081705.jpg;176316.jpg
184842.jpg;192094.jpg;042997.jpg
056597.jpg;139353.jpg;102080.jpg
094817.jpg;108400.jpg;148126.jpg
096163.jpg;123123.jpg;063403.jpg
045947.jpg;092904.jpg;043617.jpg
157634.jpg;051856.jpg;179199.jpg
183604.jpg;184574.jpg;072367.jpg
092309.jpg;139133.jpg;187817.jpg
120499.jpg;161187.jpg;065896.jpg
036704.jpg;153433.jpg;173214.jpg
029268.jpg;095365.jpg;046829.jpg
201908.jpg;194384.jpg;152284.jpg
070206.jpg;020754.jpg;156468.jpg
144412.jpg;001664.jpg;059024.jpg
165047.jpg;177554.jpg;179664.jpg
124800.jpg;159592.jpg;022957.jpg
144834.jpg;042177.jpg;091675.jpg
004697.jpg;127103.jpg;130013.jpg
118785.jpg;110447.jpg;103908.jpg
194218.jpg;192984.jpg;002675.jpg
069857.jpg;159734.jpg;039724.jpg
142600.jpg;121163.jpg;163923.jpg
090963.jpg;039488.jpg;017792.jpg
019783.jpg;032221.jpg;199902.jpg
120331.jpg;036021.jpg;026033.jpg
030986.jpg;021028.jpg;103669.jpg
160718.jpg;161438.jpg;161813.jpg
081154.jpg;156784.jpg;066114.jpg
176392.jpg;164452.jpg;179999.jpg
062114.jpg;144926.jpg;005547.jpg
046203.jpg;151191.jpg;078122.jpg
163546.jpg;179906.jpg;162830.jpg
092296.jpg;116093.jpg;134592.jpg
023039.jpg;017055.jpg;035933.jpg
113193.jpg;084877.jpg;019589.jpg
161168.jpg;110096.jpg;107405.jpg
046911.jpg;018099.jpg;188319.jpg
103133.jpg;131100.jpg;071081.jpg
108880.jpg;062829.jpg;008315.jpg
070662.jpg;158226.jpg;174484.jpg
146078.jpg;093935.jpg;096718.jpg
115998.jpg;113937.jpg;033456.jpg
025453.jpg;028363.jpg;043340.jpg
190471.jpg;197895.jpg;072877.jpg
052963.jpg;000100.jpg;153362.jpg
170025.jpg;174449.jpg;098002.jpg
064896.jpg;013150.jpg;032724.jpg
132514.jpg;115610.jpg;018532.jpg
040504.jpg;056822.jpg;040186.jpg
177498.jpg;165055.jpg;124805.jpg
004789.jpg;011708.jpg;095316.jpg
115801.jpg;097615.jpg;171443.jpg
012134.jpg;068769.jpg;001996.jpg
136230.jpg;133298.jpg;171284.jpg
201186.jpg;200609.jpg;055369.jpg
098729.jpg;031116.jpg;183184.jpg
189598.jpg;193569.jpg;041656.jpg
188702.jpg;197204.jpg;068161.jpg
184583.jpg;189896.jpg;067216.jpg
186780.jpg;183308.jpg;131623.jpg
103645.jpg;019717.jpg;086170.jpg
100125.jpg;154897.jpg;069127.jpg
007133.jpg;125030.jpg;095267.jpg
194846.jpg;183745.jpg;132797.jpg
022211.jpg;004950.jpg;079467.jpg
001503.jpg;115776.jpg;020858.jpg
061294.jpg;086233.jpg;053520.jpg
122332.jpg;142375.jpg;019130.jpg
017575.jpg;076499.jpg;047552.jpg
136888.jpg;008685.jpg;123839.jpg
163187.jpg;166112.jpg;175699.jpg
110418.jpg;039097.jpg;092255.jpg
189352.jpg;182909.jpg;178269.jpg
168843.jpg;173961.jpg;178905.jpg
066771.jpg;125484.jpg;072887.jpg
012845.jpg;032385.jpg;150556.jpg
089022.jpg;094854.jpg;111155.jpg
160485.jpg;064772.jpg;076963.jpg
151651.jpg;111393.jpg;102200.jpg
108980.jpg;054675.jpg;033805.jpg
154384.jpg;147890.jpg;087409.jpg
041137.jpg;020425.jpg;130834.jpg
097718.jpg;048140.jpg;151781.jpg
031287.jpg;141242.jpg;019481.jpg
188362.jpg;200517.jpg;097134.jpg
111129.jpg;161949.jpg;202422.jpg
152257.jpg;079103.jpg;011906.jpg
082305.jpg;058487.jpg;118737.jpg
131035.jpg;063979.jpg;003649.jpg
094281.jpg;125781.jpg;193030.jpg
124874.jpg;043092.jpg;167267.jpg
022177.jpg;122398.jpg;046969.jpg
087674.jpg;084772.jpg;103034.jpg
178377.jpg;166337.jpg;009009.jpg
154343.jpg;076401.jpg;090622.jpg
172461.jpg;164576.jpg;001211.jpg
079679.jpg;112105.jpg;096110.jpg
070165.jpg;069139.jpg;141771.jpg
094264.jpg;089672.jpg;116512.jpg
000842.jpg;093453.jpg;045147.jpg
108006.jpg;067522.jpg;001685.jpg
099346.jpg;159959.jpg;097754.jpg
185829.jpg;186795.jpg;193320.jpg
115273.jpg;153773.jpg;197680.jpg
063229.jpg;069038.jpg;144164.jpg
011327.jpg;083645.jpg;030804.jpg
122119.jpg;101463.jpg;161846.jpg
050044.jpg;103072.jpg;065913.jpg
141919.jpg;113784.jpg;050737.jpg
075937.jpg;158982.jpg;063324.jpg
104062.jpg;027144.jpg;197995.jpg
024726.jpg;041855.jpg;015503.jpg
182170.jpg;164082.jpg;058698.jpg
063652.jpg;093111.jpg;181847.jpg
179101.jpg;181330.jpg;156032.jpg
135972.jpg;158790.jpg;031630.jpg
126725.jpg;093271.jpg;072675.jpg
103964.jpg;032251.jpg;002861.jpg
049183.jpg;145614.jpg;122089.jpg
124187.jpg;063924.jpg;166371.jpg
158815.jpg;031846.jpg;057498.jpg
059333.jpg;146864.jpg;101182.jpg
178096.jpg;177719.jpg;021314.jpg
022258.jpg;061154.jpg;198861.jpg
044640.jpg;120653.jpg;200785.jpg
072851.jpg;070491.jpg;126328.jpg
063985.jpg;007894.jpg;202496.jpg
046468.jpg;142656.jpg;021612.jpg
189276.jpg;190838.jpg;116111.jpg
037285.jpg;149669.jpg;175281.jpg
090916.jpg;160099.jpg;117298.jpg
190163.jpg;187026.jpg;135953.jpg
170136.jpg;164436.jpg;003074.jpg
049766.jpg;003364.jpg;095510.jpg
188235.jpg;200191.jpg;138439.jpg
126165.jpg;020254.jpg;137432.jpg
002917.jpg;030233.jpg;191096.jpg
039368.jpg;135938.jpg;048457.jpg
178691.jpg;174765.jpg;179530.jpg
035484.jpg;149269.jpg;064607.jpg
175763.jpg;174146.jpg;132832.jpg
053088.jpg;060571.jpg;042973.jpg
054067.jpg;145805.jpg;003111.jpg
168991.jpg;181329.jpg;027326.jpg
131619.jpg;137608.jpg;024607.jpg
130101.jpg;028865.jpg;037273.jpg
161287.jpg;045119.jpg;171680.jpg
175617.jpg;179440.jpg;106384.jpg
158667.jpg;145224.jpg;085443.jpg
093901.jpg;132192.jpg;084871.jpg
184843.jpg;192322.jpg;032847.jpg
068440.jpg;036961.jpg;134361.jpg
115916.jpg;040274.jpg;029970.jpg
032338.jpg;089732.jpg;184235.jpg
187372.jpg;194370.jpg;201122.jpg
179860.jpg;178255.jpg;132459.jpg
176599.jpg;172092.jpg;101590.jpg
092276.jpg;002072.jpg;048747.jpg
192521.jpg;190020.jpg;163844.jpg
134381.jpg;160322.jpg;184615.jpg
013171.jpg;024792.jpg;023002.jpg
069753.jpg;117766.jpg;151021.jpg
041880.jpg;074171.jpg;134361.jpg
012969.jpg;071901.jpg;055491.jpg
139821.jpg;098659.jpg;117852.jpg
147077.jpg;119274.jpg;061534.jpg
045827.jpg;122102.jpg;003905.jpg
034101.jpg;106350.jpg;026400.jpg
026062.jpg;057600.jpg;043346.jpg
132884.jpg;060995.jpg;178127.jpg
137924.jpg;041506.jpg;132793.jpg
038408.jpg;099704.jpg;020882.jpg
178094.jpg;164139.jpg;094358.jpg
198741.jpg;185959.jpg;118461.jpg
000746.jpg;093566.jpg;016991.jpg
033765.jpg;098279.jpg;040208.jpg
106578.jpg;068480.jpg;101906.jpg
020568.jpg;053200.jpg;178319.jpg
177875.jpg;175078.jpg;038588.jpg
124283.jpg;041864.jpg;171382.jpg
094572.jpg;005939.jpg;024264.jpg
043296.jpg;067244.jpg;013967.jpg
060904.jpg;042952.jpg;010360.jpg
132029.jpg;126710.jpg;037062.jpg
074368.jpg;080865.jpg;007225.jpg
138633.jpg;017598.jpg;148560.jpg
158189.jpg;076299.jpg;016302.jpg
112139.jpg;122428.jpg;035420.jpg
075655.jpg;017007.jpg;165154.jpg
030460.jpg;096075.jpg;200017.jpg
131700.jpg;118683.jpg;176771.jpg
009179.jpg;154205.jpg;001761.jpg
195194.jpg;198872.jpg;082447.jpg
079745.jpg;111635.jpg;007877.jpg
078969.jpg;035399.jpg;104870.jpg
101438.jpg;156447.jpg;125222.jpg
105657.jpg;119859.jpg;004430.jpg
190248.jpg;192909.jpg;117457.jpg
200120.jpg;201361.jpg;148215.jpg
079985.jpg;020187.jpg;063360.jpg
145184.jpg;115985.jpg;137984.jpg
115186.jpg;034609.jpg;012517.jpg
182075.jpg;167609.jpg;035141.jpg
002418.jpg;078387.jpg;033921.jpg
186491.jpg;198736.jpg;061295.jpg
050353.jpg;019436.jpg;073171.jpg
145514.jpg;053737.jpg;132013.jpg
080814.jpg;085703.jpg;172618.jpg
164358.jpg;171455.jpg;132964.jpg
201371.jpg;191046.jpg;050406.jpg
168305.jpg;165405.jpg;100765.jpg
149694.jpg;013371.jpg;014490.jpg
201450.jpg;201365.jpg;079324.jpg
092473.jpg;004446.jpg;198025.jpg
106059.jpg;140129.jpg;047620.jpg
023154.jpg;091550.jpg;157164.jpg
026505.jpg;039009.jpg;104807.jpg
152522.jpg;034340.jpg;000610.jpg
193010.jpg;192647.jpg;049524.jpg
150231.jpg;017299.jpg;130009.jpg
087970.jpg;095100.jpg;123594.jpg
133845.jpg;033760.jpg;073444.jpg
133784.jpg;086023.jpg;036370.jpg
125253.jpg;062428.jpg;112125.jpg
062331.jpg;125503.jpg;070171.jpg
034025.jpg;157164.jpg;104290.jpg
094343.jpg;161298.jpg;172820.jpg
061455.jpg;031961.jpg;045157.jpg
089947.jpg;016414.jpg;140889.jpg
158342.jpg;013128.jpg;200377.jpg
060764.jpg;131749.jpg;090153.jpg
130295.jpg;078706.jpg;004532.jpg
000049.jpg;006445.jpg;123601.jpg
101935.jpg;026723.jpg;090863.jpg
046743.jpg;154782.jpg;147870.jpg
006937.jpg;141910.jpg;053984.jpg
093149.jpg;091715.jpg;100044.jpg
172459.jpg;178702.jpg;180043.jpg
017917.jpg;118613.jpg;126370.jpg
061249.jpg;118215.jpg;099311.jpg
046252.jpg;061710.jpg;042638.jpg
167555.jpg;173108.jpg;014043.jpg
126229.jpg;063489.jpg;050425.jpg
057358.jpg;114135.jpg;185661.jpg
029586.jpg;084316.jpg;167169.jpg
106961.jpg;083670.jpg;144780.jpg
006180.jpg;081905.jpg;095947.jpg
091123.jpg;050697.jpg;055621.jpg
029240.jpg;106081.jpg;066617.jpg
085337.jpg;120409.jpg;202360.jpg
155723.jpg;061326.jpg;155620.jpg
106402.jpg;025867.jpg;172797.jpg
183853.jpg;199093.jpg;051165.jpg
105523.jpg;136694.jpg;137135.jpg
081256.jpg;069518.jpg;190391.jpg
147471.jpg;057595.jpg;019437.jpg
036557.jpg;079692.jpg;161460.jpg
181555.jpg;173181.jpg;089266.jpg
092197.jpg;059492.jpg;055687.jpg
185234.jpg;199135.jpg;194359.jpg
176084.jpg;166270.jpg;102946.jpg
004617.jpg;040826.jpg;058796.jpg
006024.jpg;027401.jpg;083976.jpg
070811.jpg;149720.jpg;003472.jpg
145026.jpg;137752.jpg;156847.jpg
087866.jpg;033156.jpg;019809.jpg
055056.jpg;107920.jpg;197306.jpg
013787.jpg;037825.jpg;059480.jpg
093787.jpg;061639.jpg;197189.jpg
110631.jpg;015503.jpg;118100.jpg
194159.jpg;186639.jpg;118940.jpg
163085.jpg;172663.jpg;173214.jpg
119930.jpg;056537.jpg;163768.jpg
034867.jpg;092316.jpg;171206.jpg
174672.jpg;173107.jpg;141965.jpg
140937.jpg;024803.jpg;103060.jpg
158697.jpg;019863.jpg;131661.jpg
038996.jpg;119160.jpg;184905.jpg
062306.jpg;100754.jpg;097168.jpg
075117.jpg;130452.jpg;128942.jpg
162838.jpg;176877.jpg;083494.jpg
112506.jpg;131722.jpg;110535.jpg
195024.jpg;190380.jpg;124156.jpg
086705.jpg;116210.jpg;085947.jpg
200526.jpg;191045.jpg;050387.jpg
161197.jpg;070626.jpg;064493.jpg
030596.jpg;161903.jpg;054719.jpg
142206.jpg;010039.jpg;131144.jpg
128959.jpg;153665.jpg;186791.jpg
100688.jpg;098936.jpg;190594.jpg
107638.jpg;023407.jpg;154647.jpg
152218.jpg;067477.jpg;039110.jpg
123280.jpg;010270.jpg;021192.jpg
137021.jpg;037175.jpg;121146.jpg
029140.jpg;148882.jpg;144225.jpg
068317.jpg;122710.jpg;051196.jpg
077879.jpg;124453.jpg;126766.jpg
185242.jpg;202161.jpg;132732.jpg
197783.jpg;192670.jpg;182471.jpg
159907.jpg;013054.jpg;104242.jpg
091047.jpg;157674.jpg;029125.jpg
008933.jpg;059618.jpg;168752.jpg
049264.jpg;040839.jpg;124620.jpg
104760.jpg;156909.jpg;009155.jpg
053124.jpg;086896.jpg;120951.jpg
167317.jpg;172448.jpg;152831.jpg
097030.jpg;153487.jpg;061067.jpg
075666.jpg;004803.jpg;073423.jpg
040395.jpg;022876.jpg;190702.jpg
068611.jpg;082839.jpg;016405.jpg
185607.jpg;188768.jpg;033686.jpg
177856.jpg;169487.jpg;015353.jpg
166170.jpg;170067.jpg;127950.jpg
020149.jpg;102594.jpg;109758.jpg
151858.jpg;091322.jpg;188747.jpg
017732.jpg;136129.jpg;201181.jpg
021700.jpg;020266.jpg;152212.jpg
189671.jpg;195736.jpg;023600.jpg
122801.jpg;054805.jpg;122991.jpg
076077.jpg;120222.jpg;066112.jpg
131684.jpg;027091.jpg;047403.jpg
056567.jpg;094584.jpg;009850.jpg
177240.jpg;165116.jpg;170307.jpg
170332.jpg;171221.jpg;107388.jpg
164802.jpg;165799.jpg;185527.jpg
034520.jpg;093228.jpg;106240.jpg
199540.jpg;191521.jpg;045570.jpg
008976.jpg;096683.jpg;053650.jpg
200633.jpg;201526.jpg;088852.jpg
017011.jpg;120051.jpg;031761.jpg
167122.jpg;169769.jpg;152519.jpg
003998.jpg;056571.jpg;148012.jpg
180192.jpg;168114.jpg;105690.jpg
050994.jpg;156578.jpg;002553.jpg
080673.jpg;113802.jpg;129673.jpg
129716.jpg;025810.jpg;044248.jpg
000547.jpg;122386.jpg;117264.jpg
060807.jpg;060068.jpg;109303.jpg
040861.jpg;123991.jpg;005411.jpg
183881.jpg;194001.jpg;005697.jpg
076464.jpg;147390.jpg;003084.jpg
019732.jpg;131970.jpg;187954.jpg
123415.jpg;122168.jpg;101623.jpg
148048.jpg;024165.jpg;000826.jpg
182322.jpg;181743.jpg;024001.jpg
081019.jpg;150824.jpg;090144.jpg
118413.jpg;001129.jpg;168489.jpg
006794.jpg;159587.jpg;015115.jpg
029137.jpg;084471.jpg;008015.jpg
090216.jpg;126835.jpg;112179.jpg
148389.jpg;138362.jpg;116712.jpg
032459.jpg;042641.jpg;057845.jpg
136383.jpg;054568.jpg;060630.jpg
190893.jpg;185255.jpg;007288.jpg
050266.jpg;148326.jpg;185227.jpg
013551.jpg;133709.jpg;129463.jpg
045815.jpg;090434.jpg;136678.jpg
073497.jpg;116520.jpg;111153.jpg
105962.jpg;096417.jpg;072906.jpg
179813.jpg;177923.jpg;151867.jpg
013151.jpg;148044.jpg;062377.jpg
103018.jpg;044162.jpg;077563.jpg
178389.jpg;176351.jpg;004230.jpg
178127.jpg;176954.jpg;041695.jpg
083719.jpg;030690.jpg;089582.jpg
123861.jpg;103838.jpg;187402.jpg
159587.jpg;151180.jpg;095418.jpg
032097.jpg;119471.jpg;055604.jpg
110329.jpg;027101.jpg;038339.jpg
185519.jpg;196372.jpg;092595.jpg
148622.jpg;047713.jpg;082892.jpg
043607.jpg;143956.jpg;058949.jpg
048877.jpg;068787.jpg;139244.jpg
103028.jpg;141623.jpg;020390.jpg
137677.jpg;102679.jpg;173469.jpg
115548.jpg;137770.jpg;048883.jpg
163790.jpg;169914.jpg;023177.jpg
100054.jpg;017649.jpg;007158.jpg
093671.jpg;019003.jpg;166489.jpg
076224.jpg;066035.jpg;033708.jpg
071263.jpg;048270.jpg;193278.jpg
083789.jpg;091293.jpg;113373.jpg
137314.jpg;027665.jpg;063112.jpg
167444.jpg;166000.jpg;192405.jpg
150564.jpg;056093.jpg;101024.jpg
149454.jpg;101243.jpg;160614.jpg
069649.jpg;026700.jpg;084344.jpg
030642.jpg;015509.jpg;062436.jpg
091598.jpg;085037.jpg;010103.jpg
093104.jpg;142345.jpg;095853.jpg
070246.jpg;045079.jpg;164688.jpg
159686.jpg;088775.jpg;088665.jpg
168491.jpg;177846.jpg;045314.jpg
179442.jpg;171135.jpg;054108.jpg
078073.jpg;088925.jpg;142961.jpg
082086.jpg;148695.jpg;074897.jpg
008157.jpg;045297.jpg;054139.jpg
109973.jpg;052093.jpg;002350.jpg
111593.jpg;115616.jpg;080453.jpg
181169.jpg;178395.jpg;032924.jpg
101178.jpg;056171.jpg;093047.jpg
004719.jpg;025804.jpg;080466.jpg
142803.jpg;089158.jpg;177844.jpg
160896.jpg;068886.jpg;093966.jpg
158187.jpg;102351.jpg;136684.jpg
081225.jpg;055672.jpg;138063.jpg
144975.jpg;064575.jpg;133616.jpg
128526.jpg;114758.jpg;162693.jpg
186977.jpg;192050.jpg;130975.jpg
001179.jpg;129503.jpg;152138.jpg
082102.jpg;065968.jpg;096382.jpg
030432.jpg;113751.jpg;138672.jpg
052319.jpg;044321.jpg;151919.jpg
123914.jpg;032537.jpg;087100.jpg
050372.jpg;094289.jpg;154011.jpg
103208.jpg;136259.jpg;105658.jpg
153426.jpg;101821.jpg;067531.jpg
154004.jpg;076416.jpg;167603.jpg
116685.jpg;060230.jpg;188098.jpg
133209.jpg;031866.jpg;152869.jpg
144008.jpg;010329.jpg;193641.jpg
179250.jpg;168737.jpg;063976.jpg
081866.jpg;145403.jpg;029913.jpg
143902.jpg;003288.jpg;088141.jpg
158718.jpg;020628.jpg;188621.jpg
164470.jpg;168966.jpg;052360.jpg
070437.jpg;085782.jpg;125726.jpg
184107.jpg;190315.jpg;130889.jpg
164631.jpg;168007.jpg;092900.jpg
026266.jpg;042137.jpg;172862.jpg
005506.jpg;032432.jpg;088742.jpg
037769.jpg;022485.jpg;197164.jpg
120566.jpg;047987.jpg;146162.jpg
010254.jpg;045142.jpg;025179.jpg
045672.jpg;009375.jpg;165433.jpg
114496.jpg;060808.jpg;148397.jpg
146383.jpg;127529.jpg;055336.jpg
115351.jpg;100501.jpg;050121.jpg
012250.jpg;134535.jpg;112592.jpg
194241.jpg;192633.jpg;166793.jpg
081290.jpg;123958.jpg;058660.jpg
104239.jpg;038597.jpg;047253.jpg
172406.jpg;174072.jpg;008243.jpg
087596.jpg;156200.jpg;141559.jpg
003162.jpg;020826.jpg;159826.jpg
001969.jpg;099786.jpg;128303.jpg
021242.jpg;126329.jpg;114194.jpg
014770.jpg;016029.jpg;148715.jpg
016588.jpg;092971.jpg;040363.jpg
046038.jpg;057734.jpg;168602.jpg
034930.jpg;058484.jpg;041515.jpg
067037.jpg;089328.jpg;017973.jpg
112950.jpg;091356.jpg;001525.jpg
120258.jpg;007694.jpg;081590.jpg
148767.jpg;026227.jpg;183824.jpg
024668.jpg;050528.jpg;067528.jpg
072772.jpg;148081.jpg;062199.jpg
100694.jpg;109354.jpg;114861.jpg
008500.jpg;154809.jpg;201349.jpg
150128.jpg;039481.jpg;116648.jpg
101739.jpg;155194.jpg;126914.jpg
034415.jpg;090630.jpg;077887.jpg
174961.jpg;169440.jpg;162382.jpg
121348.jpg;055188.jpg;158836.jpg
007081.jpg;001384.jpg;129454.jpg
058636.jpg;012534.jpg;035232.jpg
083948.jpg;118171.jpg;084233.jpg
125214.jpg;056495.jpg;017002.jpg
000173.jpg;154957.jpg;199496.jpg
032806.jpg;092249.jpg;130145.jpg
073140.jpg;091898.jpg;177068.jpg
183255.jpg;192821.jpg;083814.jpg
187394.jpg;184996.jpg;111971.jpg
103685.jpg;026944.jpg;099706.jpg
052798.jpg;068624.jpg;169911.jpg
131246.jpg;087273.jpg;080189.jpg
187796.jpg;185620.jpg;078966.jpg
094571.jpg;136689.jpg;073913.jpg
033763.jpg;095361.jpg;130644.jpg
199326.jpg;183032.jpg;156428.jpg
091721.jpg;051377.jpg;008621.jpg
179114.jpg;166743.jpg;174407.jpg
161207.jpg;161954.jpg;064109.jpg
087927.jpg;014947.jpg;128793.jpg
113470.jpg;105992.jpg;195114.jpg
197202.jpg;185266.jpg;049384.jpg
173629.jpg;176666.jpg;163311.jpg
070780.jpg;055084.jpg;095162.jpg
002981.jpg;093075.jpg;193207.jpg
143630.jpg;103463.jpg;159514.jpg
020620.jpg;104033.jpg;176126.jpg
162618.jpg;060949.jpg;162387.jpg
180848.jpg;178756.jpg;088456.jpg
006125.jpg;002964.jpg;066269.jpg
046586.jpg;091642.jpg;061855.jpg
103671.jpg;084449.jpg;168543.jpg
046237.jpg;082358.jpg;201967.jpg
087488.jpg;072808.jpg;049402.jpg
031704.jpg;093377.jpg;139186.jpg
018389.jpg;137797.jpg;092467.jpg
053922.jpg;044566.jpg;180010.jpg
172028.jpg;169194.jpg;050068.jpg
192880.jpg;191215.jpg;096827.jpg
142505.jpg;043769.jpg;047600.jpg
058092.jpg;056396.jpg;066277.jpg
028321.jpg;004551.jpg;032095.jpg
080033.jpg;077011.jpg;141640.jpg
087108.jpg;087476.jpg;066709.jpg
184296.jpg;199526.jpg;023961.jpg
139410.jpg;061659.jpg;001971.jpg
167947.jpg;165490.jpg;196411.jpg
186466.jpg;190916.jpg;125244.jpg
125926.jpg;004578.jpg;164787.jpg
111095.jpg;051470.jpg;133766.jpg
112423.jpg;059967.jpg;111715.jpg
069184.jpg;096790.jpg;015255.jpg
009113.jpg;013906.jpg;052126.jpg
139805.jpg;034553.jpg;092980.jpg
198710.jpg;188605.jpg;143563.jpg
080588.jpg;085431.jpg;025543.jpg
016872.jpg;087349.jpg;105862.jpg
127454.jpg;011031.jpg;067811.jpg
047106.jpg;075783.jpg;017569.jpg
019560.jpg;121865.jpg;106573.jpg
191256.jpg;197507.jpg;196325.jpg
088651.jpg;037799.jpg;019525.jpg
019122.jpg;085480.jpg;178813.jpg
082502.jpg;022366.jpg;181061.jpg
005728.jpg;009845.jpg;026210.jpg
008834.jpg;043461.jpg;064756.jpg
085840.jpg;125011.jpg;054545.jpg
175515.jpg;176706.jpg;137944.jpg
131389.jpg;086041.jpg;043482.jpg
186341.jpg;198691.jpg;143295.jpg
070540.jpg;111069.jpg;185072.jpg
191790.jpg;192908.jpg;176974.jpg
140277.jpg;034128.jpg;070437.jpg
201795.jpg;196399.jpg;084914.jpg
152000.jpg;073076.jpg;132577.jpg
040382.jpg;132673.jpg;018766.jpg
045083.jpg;099953.jpg;036823.jpg
064463.jpg;126041.jpg;155842.jpg
155732.jpg;141377.jpg;163881.jpg
061522.jpg;103697.jpg;084614.jpg
066751.jpg;140013.jpg;058758.jpg
131839.jpg;097345.jpg;135835.jpg
128752.jpg;081854.jpg;111537.jpg
169664.jpg;178642.jpg;100531.jpg
201566.jpg;198032.jpg;077406.jpg
088149.jpg;028684.jpg;081657.jpg
180964.jpg;179337.jpg;001471.jpg
186991.jpg;188843.jpg;066018.jpg
105626.jpg;157538.jpg;011632.jpg
146344.jpg;097938.jpg;172555.jpg
109431.jpg;098264.jpg;030083.jpg
201780.jpg;200409.jpg;141962.jpg
103461.jpg;001432.jpg;196755.jpg
133359.jpg;075289.jpg;105621.jpg
122165.jpg;027067.jpg;143426.jpg
062727.jpg;060097.jpg;134427.jpg
170251.jpg;182630.jpg;198518.jpg
009900.jpg;003421.jpg;135963.jpg
160249.jpg;086180.jpg;073454.jpg
039657.jpg;034231.jpg;123650.jpg
023687.jpg;102396.jpg;071027.jpg
149336.jpg;013120.jpg;091920.jpg
117306.jpg;102602.jpg;188495.jpg
072203.jpg;063940.jpg;113693.jpg
095515.jpg;147990.jpg;171689.jpg
011861.jpg;155449.jpg;145248.jpg
179519.jpg;166061.jpg;000440.jpg
042325.jpg;162763.jpg;035819.jpg
055113.jpg;162648.jpg;201081.jpg
059613.jpg;089868.jpg;134573.jpg
068206.jpg;071949.jpg;065247.jpg
093412.jpg;016350.jpg;176856.jpg
118596.jpg;152412.jpg;146912.jpg
012050.jpg;006155.jpg;024748.jpg
056357.jpg;160066.jpg;082336.jpg
120149.jpg;033636.jpg;149133.jpg
039847.jpg;007161.jpg;058091.jpg
009519.jpg;082953.jpg;198057.jpg
139113.jpg;026873.jpg;064312.jpg
187080.jpg;200106.jpg;091681.jpg
019708.jpg;138435.jpg;066797.jpg
110359.jpg;003831.jpg;014840.jpg
057407.jpg;139680.jpg;088477.jpg
182427.jpg;178188.jpg;063987.jpg
156139.jpg;069522.jpg;091854.jpg
046042.jpg;110151.jpg;131992.jpg
150036.jpg;095714.jpg;110434.jpg
013272.jpg;031433.jpg;139579.jpg
047311.jpg;077242.jpg;050632.jpg
061187.jpg;009184.jpg;140047.jpg
188382.jpg;193732.jpg;170897.jpg
171766.jpg;181679.jpg;105108.jpg
104919.jpg;008259.jpg;056152.jpg
101497.jpg;050746.jpg;084227.jpg
183254.jpg;190234.jpg;141700.jpg
147204.jpg;116246.jpg;102225.jpg
052528.jpg;088345.jpg;003178.jpg
044329.jpg;129772.jpg;110931.jpg
167293.jpg;178017.jpg;064910.jpg
122590.jpg;050267.jpg;069005.jpg
033618.jpg;133245.jpg;048491.jpg
201552.jpg;194484.jpg;053295.jpg
166724.jpg;181505.jpg;073851.jpg
003430.jpg;044406.jpg;044888.jpg
053610.jpg;003142.jpg;170463.jpg
101082.jpg;037557.jpg;102932.jpg
084868.jpg;124594.jpg;119774.jpg
166018.jpg;166165.jpg;101218.jpg
200102.jpg;194741.jpg;030910.jpg
156711.jpg;159012.jpg;123757.jpg
073316.jpg;155723.jpg;000823.jpg
053093.jpg;121880.jpg;028640.jpg
134468.jpg;072562.jpg;114636.jpg
119910.jpg;103490.jpg;032306.jpg
078451.jpg;056673.jpg;193234.jpg
015589.jpg;049202.jpg;138116.jpg
155390.jpg;128899.jpg;076325.jpg
002577.jpg;125235.jpg;073332.jpg
192928.jpg;187595.jpg;150081.jpg
158606.jpg;145174.jpg;072139.jpg
041367.jpg;088398.jpg;069558.jpg
192378.jpg;182660.jpg;006199.jpg
005465.jpg;147008.jpg;096777.jpg
084932.jpg;068925.jpg;075645.jpg
158238.jpg;076985.jpg;089467.jpg
189855.jpg;187199.jpg;087699.jpg
027076.jpg;012836.jpg;098762.jpg
079589.jpg;063103.jpg;086990.jpg
071636.jpg;023416.jpg;174888.jpg
086346.jpg;059715.jpg;156262.jpg
118483.jpg;036076.jpg;167380.jpg
049454.jpg;015568.jpg;181835.jpg
175011.jpg;177288.jpg;155647.jpg
011128.jpg;057861.jpg;045736.jpg
094761.jpg;036617.jpg;035208.jpg
021540.jpg;025096.jpg;189731.jpg
053059.jpg;144415.jpg;174589.jpg
165941.jpg;162871.jpg;005455.jpg
000287.jpg;070812.jpg;048637.jpg
091076.jpg;025898.jpg;055063.jpg
185218.jpg;184910.jpg;064400.jpg
006181.jpg;129620.jpg;078208.jpg
102540.jpg;161980.jpg;100560.jpg
094807.jpg;044399.jpg;064613.jpg
062813.jpg;115023.jpg;124449.jpg
017122.jpg;052185.jpg;024720.jpg
056073.jpg;133749.jpg;182088.jpg
030592.jpg;027955.jpg;115818.jpg
127474.jpg;056621.jpg;162178.jpg
042145.jpg;061279.jpg;032316.jpg
185943.jpg;189086.jpg;149882.jpg
182754.jpg;202591.jpg;144007.jpg
085934.jpg;051693.jpg;063515.jpg
137067.jpg;013506.jpg;142273.jpg
132832.jpg;037116.jpg;188847.jpg
058350.jpg;013691.jpg;196678.jpg
185685.jpg;196946.jpg;103916.jpg
058835.jpg;151519.jpg;130551.jpg
144399.jpg;104904.jpg;158934.jpg
157678.jpg;117426.jpg;079859.jpg
075519.jpg;031686.jpg;025112.jpg
066273.jpg;103929.jpg;102168.jpg
169026.jpg;166814.jpg;008575.jpg
092713.jpg;127596.jpg;169884.jpg
194579.jpg;201829.jpg;171737.jpg
032492.jpg;076607.jpg;122086.jpg
048312.jpg;050862.jpg;009313.jpg
125276.jpg;119506.jpg;011129.jpg
013349.jpg;080113.jpg;033074.jpg
105497.jpg;118141.jpg;049118.jpg
053784.jpg;127705.jpg;177543.jpg
192802.jpg;187141.jpg;030463.jpg
098126.jpg;105001.jpg;196754.jpg
009619.jpg;100714.jpg;186614.jpg
051576.jpg;133092.jpg;135233.jpg
125251.jpg;102129.jpg;089466.jpg
083759.jpg;044667.jpg;028361.jpg
044940.jpg;082013.jpg;143427.jpg
169310.jpg;178113.jpg;071908.jpg
036181.jpg;011677.jpg;052320.jpg
001624.jpg;145133.jpg;101240.jpg
043218.jpg;029256.jpg;094905.jpg
099697.jpg;011521.jpg;105347.jpg
189005.jpg;184932.jpg;161305.jpg
128296.jpg;110216.jpg;131037.jpg
159461.jpg;062028.jpg;195189.jpg
100972.jpg;134729.jpg;104962.jpg
142110.jpg;054683.jpg;140984.jpg
095849.jpg;031412.jpg;110311.jpg
191396.jpg;198572.jpg;164698.jpg
099401.jpg;136882.jpg;008223.jpg
079581.jpg;066542.jpg;050631.jpg
146677.jpg;018850.jpg;106510.jpg
159931.jpg;042483.jpg;147571.jpg
003769.jpg;024005.jpg;048328.jpg
047322.jpg;025304.jpg;173855.jpg
201937.jpg;193213.jpg;175872.jpg
188991.jpg;182862.jpg;147228.jpg
061717.jpg;147228.jpg;189286.jpg
068383.jpg;083681.jpg;090478.jpg
134952.jpg;120404.jpg;011661.jpg
058158.jpg;035145.jpg;154936.jpg
103425.jpg;080240.jpg;179180.jpg
046062.jpg;070607.jpg;147135.jpg
129315.jpg;036934.jpg;054086.jpg
028963.jpg;143647.jpg;193395.jpg
070744.jpg;050984.jpg;116520.jpg
115840.jpg;109988.jpg;014463.jpg
096733.jpg;041571.jpg;104800.jpg
160185.jpg;141158.jpg;046552.jpg
031034.jpg;003678.jpg;179625.jpg
157531.jpg;071093.jpg;048911.jpg
191564.jpg;192697.jpg;091102.jpg
063761.jpg;114624.jpg;188929.jpg
005818.jpg;003673.jpg;054023.jpg
001762.jpg;026288.jpg;096115.jpg
045501.jpg;096702.jpg;137118.jpg
088068.jpg;146937.jpg;104297.jpg
191964.jpg;201701.jpg;133967.jpg
161564.jpg;161486.jpg;049108.jpg
191194.jpg;201537.jpg;135766.jpg
168258.jpg;176831.jpg;092224.jpg
089069.jpg;117568.jpg;011264.jpg
124110.jpg;014959.jpg;155533.jpg
140929.jpg;087203.jpg;162110.jpg
028572.jpg;096422.jpg;180187.jpg
088274.jpg;089719.jpg;017822.jpg
035619.jpg;149585.jpg;040650.jpg
017574.jpg;143636.jpg;165103.jpg
067306.jpg;080520.jpg;104377.jpg
032393.jpg;131576.jpg;081530.jpg
149679.jpg;034005.jpg;182892.jpg
012110.jpg;041096.jpg;073778.jpg
100935.jpg;134561.jpg;136705.jpg
006649.jpg;014721.jpg;174969.jpg
108442.jpg;018815.jpg;151066.jpg
076362.jpg;134571.jpg;045611.jpg
063031.jpg;139262.jpg;163991.jpg
166140.jpg;173795.jpg;068472.jpg
158501.jpg;042056.jpg;168455.jpg
087544.jpg;037687.jpg;148270.jpg
097526.jpg;060222.jpg;055511.jpg
070104.jpg;020352.jpg;141110.jpg
093750.jpg;047369.jpg;115999.jpg
057969.jpg;147780.jpg;057434.jpg
165118.jpg;169465.jpg;107644.jpg
111946.jpg;018039.jpg;004300.jpg
030645.jpg;056357.jpg;198930.jpg
047431.jpg;160438.jpg;013207.jpg
161908.jpg;015745.jpg;004910.jpg
000361.jpg;010435.jpg;076234.jpg
037114.jpg;143910.jpg;033524.jpg
009638.jpg;113133.jpg;104331.jpg
162949.jpg;180349.jpg;010751.jpg
152474.jpg;078443.jpg;146824.jpg
058721.jpg;064066.jpg;138496.jpg
160511.jpg;135207.jpg;082733.jpg
149234.jpg;106547.jpg;046761.jpg
134673.jpg;024615.jpg;142489.jpg
154467.jpg;025171.jpg;054609.jpg
015864.jpg;078741.jpg;054939.jpg
003661.jpg;070685.jpg;057590.jpg
159105.jpg;069054.jpg;153497.jpg
054311.jpg;100559.jpg;182875.jpg
090176.jpg;140714.jpg;097293.jpg
051135.jpg;033469.jpg;078073.jpg
089419.jpg;142886.jpg;060624.jpg
139402.jpg;001865.jpg;070685.jpg
127343.jpg;045447.jpg;176148.jpg
014847.jpg;088964.jpg;143760.jpg
180052.jpg;179781.jpg;053023.jpg
178520.jpg;169613.jpg;149490.jpg
169597.jpg;167957.jpg;174941.jpg
171962.jpg;176419.jpg;001071.jpg
195843.jpg;193512.jpg;186669.jpg
113455.jpg;032438.jpg;090657.jpg
065141.jpg;128672.jpg;030878.jpg
157312.jpg;041223.jpg;065940.jpg
000781.jpg;158486.jpg;152943.jpg
010896.jpg;062608.jpg;020338.jpg
075730.jpg;077890.jpg;128136.jpg
135619.jpg;061931.jpg;124041.jpg
140051.jpg;129636.jpg;170108.jpg
075674.jpg;029876.jpg;043212.jpg
109850.jpg;143447.jpg;031346.jpg
008064.jpg;021086.jpg;156580.jpg
126155.jpg;023726.jpg;129896.jpg
190633.jpg;202133.jpg;053165.jpg
028759.jpg;065095.jpg;013275.jpg
117655.jpg;077738.jpg;144757.jpg
007908.jpg;097905.jpg;073011.jpg
025904.jpg;058028.jpg;007064.jpg
104909.jpg;159487.jpg;005128.jpg
020796.jpg;119448.jpg;078671.jpg
121197.jpg;053302.jpg;081495.jpg
146131.jpg;059697.jpg;047948.jpg
178586.jpg;170190.jpg;066962.jpg
160745.jpg;119671.jpg;169273.jpg
172626.jpg;170261.jpg;129889.jpg
051987.jpg;072992.jpg;171513.jpg
115548.jpg;061449.jpg;201650.jpg
117738.jpg;040345.jpg;026297.jpg
150211.jpg;103860.jpg;019580.jpg
100434.jpg;074404.jpg;058472.jpg
042505.jpg;138637.jpg;153314.jpg
096207.jpg;117025.jpg;001996.jpg
146058.jpg;124904.jpg;081461.jpg
152573.jpg;035748.jpg;005487.jpg
064379.jpg;142516.jpg;053288.jpg
128589.jpg;157952.jpg;046005.jpg
043472.jpg;015997.jpg;199211.jpg
178865.jpg;181700.jpg;014611.jpg
176382.jpg;175077.jpg;126619.jpg
106737.jpg;064842.jpg;161930.jpg
057517.jpg;097313.jpg;116042.jpg
080480.jpg;056037.jpg;157749.jpg
043569.jpg;004397.jpg;176712.jpg
144679.jpg;032032.jpg;148875.jpg
047225.jpg;158560.jpg;134805.jpg
039613.jpg;120677.jpg;105808.jpg
105526.jpg;116037.jpg;168239.jpg
182763.jpg;202127.jpg;046861.jpg
119555.jpg;140546.jpg;003250.jpg
158342.jpg;098446.jpg;143484.jpg
110200.jpg;067294.jpg;043718.jpg
020886.jpg;014226.jpg;070261.jpg
136144.jpg;059453.jpg;186208.jpg
198565.jpg;195081.jpg;111427.jpg
046283.jpg;067929.jpg;164952.jpg
126475.jpg;118136.jpg;184783.jpg
115581.jpg;153324.jpg;096302.jpg
170986.jpg;167848.jpg;096040.jpg
113364.jpg;162647.jpg;046655.jpg
161586.jpg;070780.jpg;081953.jpg
094747.jpg;134011.jpg;120105.jpg
149812.jpg;124662.jpg;097395.jpg
066625.jpg;010171.jpg;092681.jpg
110716.jpg;150634.jpg;130201.jpg
007538.jpg;134655.jpg;033606.jpg
022584.jpg;087403.jpg;069636.jpg
086752.jpg;063572.jpg;009116.jpg
112946.jpg;059422.jpg;185331.jpg
184270.jpg;202141.jpg;063377.jpg
103616.jpg;115951.jpg;001802.jpg
046336.jpg;015681.jpg;004053.jpg
156195.jpg;021521.jpg;047443.jpg
150464.jpg;111495.jpg;102812.jpg
187447.jpg;198686.jpg;047023.jpg
129638.jpg;069935.jpg;065964.jpg
146888.jpg;044118.jpg;114162.jpg
105765.jpg;033008.jpg;129399.jpg
112005.jpg;157013.jpg;037010.jpg
011660.jpg;081369.jpg;148226.jpg
102498.jpg;089207.jpg;101877.jpg
170905.jpg;181564.jpg;163473.jpg
196278.jpg;191040.jpg;181811.jpg
104001.jpg;095147.jpg;095436.jpg
079023.jpg;109220.jpg;032032.jpg
034235.jpg;081158.jpg;057038.jpg
167932.jpg;164327.jpg;135279.jpg
148720.jpg;049905.jpg;012181.jpg
161092.jpg;048385.jpg;029081.jpg
052780.jpg;116109.jpg;060430.jpg
051653.jpg;112015.jpg;087773.jpg
136752.jpg;150276.jpg;139590.jpg
181837.jpg;174641.jpg;178592.jpg
042825.jpg;036326.jpg;130329.jpg
018266.jpg;044966.jpg;067822.jpg
015244.jpg;108018.jpg;011629.jpg
041027.jpg;026405.jpg;125827.jpg
183162.jpg;195594.jpg;147034.jpg
202440.jpg;200852.jpg;017170.jpg
067896.jpg;013725.jpg;141154.jpg
189688.jpg;193404.jpg;023813.jpg
018886.jpg;126865.jpg;060531.jpg
090311.jpg;067914.jpg;163279.jpg
133008.jpg;130697.jpg;070439.jpg
086190.jpg;122461.jpg;147261.jpg
063438.jpg;071086.jpg;183702.jpg
184643.jpg;187132.jpg;012776.jpg
154643.jpg;139958.jpg;116025.jpg
145844.jpg;149626.jpg;064205.jpg
026861.jpg;110060.jpg;149113.jpg
079875.jpg;105235.jpg;069516.jpg
140641.jpg;118031.jpg;103092.jpg
031813.jpg;133574.jpg;127832.jpg
187274.jpg;195929.jpg;101410.jpg
158714.jpg;087194.jpg;136139.jpg
160286.jpg;120851.jpg;037811.jpg
040544.jpg;149423.jpg;062257.jpg
196358.jpg;197971.jpg;111890.jpg
031147.jpg;121475.jpg;037016.jpg
037428.jpg;084190.jpg;201885.jpg
163085.jpg;165725.jpg;003977.jpg
114866.jpg;113996.jpg;192847.jpg
200394.jpg;200448.jpg;171648.jpg
170977.jpg;174106.jpg;004452.jpg
091460.jpg;085017.jpg;166826.jpg
107753.jpg;155787.jpg;196367.jpg
190746.jpg;185093.jpg;026614.jpg
187388.jpg;195198.jpg;148403.jpg
088964.jpg;090656.jpg;020733.jpg
109734.jpg;148046.jpg;014996.jpg
059117.jpg;058902.jpg;141201.jpg
081077.jpg;000780.jpg;196240.jpg
175089.jpg;167481.jpg;102332.jpg
146413.jpg;136065.jpg;179733.jpg
126909.jpg;001160.jpg;164874.jpg
115421.jpg;092784.jpg;166144.jpg
066904.jpg;025983.jpg;096621.jpg
127339.jpg;102221.jpg;189381.jpg
013677.jpg;118872.jpg;111010.jpg
062590.jpg;081113.jpg;144101.jpg
034452.jpg;071768.jpg;120030.jpg
165951.jpg;164492.jpg;101430.jpg
106826.jpg;015615.jpg;033315.jpg
152172.jpg;036935.jpg;042420.jpg
122307.jpg;138961.jpg;111262.jpg
198954.jpg;189752.jpg;036049.jpg
139742.jpg;079126.jpg;131917.jpg
076791.jpg;008001.jpg;153481.jpg
041129.jpg;143226.jpg;184734.jpg
100879.jpg;049843.jpg;012506.jpg
155247.jpg;079877.jpg;093848.jpg
092862.jpg;015376.jpg;061561.jpg
186455.jpg;184186.jpg;138731.jpg
011996.jpg;030868.jpg;202547.jpg
160049.jpg;032179.jpg;125291.jpg
099345.jpg;146529.jpg;027404.jpg
162257.jpg;098682.jpg;047111.jpg
191091.jpg;199115.jpg;010148.jpg
180832.jpg;169884.jpg;050939.jpg
034656.jpg;081749.jpg;111451.jpg
191384.jpg;190724.jpg;054396.jpg
019398.jpg;053510.jpg;149265.jpg
160102.jpg;136392.jpg;008413.jpg
127167.jpg;083069.jpg;014239.jpg
067070.jpg;068528.jpg;064970.jpg
104032.jpg;025756.jpg;144236.jpg
190104.jpg;191751.jpg;007082.jpg
004302.jpg;041140.jpg;132716.jpg
137594.jpg;136330.jpg;155335.jpg
135155.jpg;160419.jpg;020259.jpg
199269.jpg;195443.jpg;199749.jpg
139915.jpg;087081.jpg;125456.jpg
061625.jpg;155646.jpg;097244.jpg
015392.jpg;140306.jpg;151075.jpg
093225.jpg;026681.jpg;005912.jpg
156398.jpg;122017.jpg;036722.jpg
154793.jpg;073532.jpg;143342.jpg
132717.jpg;140009.jpg;026711.jpg
165218.jpg;168951.jpg;051633.jpg
063028.jpg;136650.jpg;200065.jpg
002577.jpg;067502.jpg;132585.jpg
160579.jpg;080153.jpg;179064.jpg
019492.jpg;126764.jpg;137597.jpg
197196.jpg;195579.jpg;132416.jpg
010303.jpg;128333.jpg;101129.jpg
093044.jpg;023324.jpg;134935.jpg
109045.jpg;035063.jpg;067639.jpg
187222.jpg;197864.jpg;115528.jpg
190793.jpg;197231.jpg;136243.jpg
175786.jpg;170179.jpg;146523.jpg
143025.jpg;055627.jpg;139573.jpg
133882.jpg;026566.jpg;044298.jpg
118625.jpg;096507.jpg;147268.jpg
012227.jpg;010649.jpg;198578.jpg
186557.jpg;196486.jpg;078653.jpg
200752.jpg;192697.jpg;160400.jpg
091142.jpg;010495.jpg;148614.jpg
048252.jpg;144315.jpg;190326.jpg
145836.jpg;104951.jpg;137949.jpg
156734.jpg;062961.jpg;041169.jpg
195463.jpg;190314.jpg;197953.jpg
074493.jpg;033149.jpg;151188.jpg
034984.jpg;043296.jpg;034894.jpg
134327.jpg;160820.jpg;114226.jpg
150573.jpg;038977.jpg;111940.jpg
071127.jpg;025699.jpg;017542.jpg
103621.jpg;063555.jpg;036912.jpg
105914.jpg;119593.jpg;064128.jpg
043998.jpg;082047.jpg;151823.jpg
073758.jpg;115175.jpg;174731.jpg
091599.jpg;036510.jpg;019215.jpg
014148.jpg;012474.jpg;064375.jpg
191467.jpg;191872.jpg;143911.jpg
002105.jpg;032202.jpg;000869.jpg
093707.jpg;159655.jpg;141717.jpg
073710.jpg;061972.jpg;062439.jpg
126919.jpg;141882.jpg;006194.jpg
155128.jpg;061890.jpg;195858.jpg
033131.jpg;149112.jpg;091207.jpg
005347.jpg;108335.jpg;180118.jpg
076509.jpg;142231.jpg;082068.jpg
009720.jpg;057346.jpg;048018.jpg
053197.jpg;075357.jpg;001299.jpg
132456.jpg;115003.jpg;189188.jpg
157585.jpg;059781.jpg;130608.jpg
122955.jpg;023039.jpg;107018.jpg
184078.jpg;190435.jpg;079405.jpg
066527.jpg;091506.jpg;139422.jpg
021055.jpg;153207.jpg;127161.jpg
096115.jpg;046589.jpg;162013.jpg
019243.jpg;018581.jpg;046036.jpg
085781.jpg;134438.jpg;043815.jpg
128139.jpg;006822.jpg;034415.jpg
031073.jpg;118358.jpg;130054.jpg
118227.jpg;011910.jpg;136726.jpg
028163.jpg;091515.jpg;126562.jpg
009241.jpg;131243.jpg;177323.jpg
095101.jpg;091210.jpg;160541.jpg
173101.jpg;165180.jpg;166081.jpg
001573.jpg;112802.jpg;172701.jpg
108360.jpg;160129.jpg;110495.jpg
018490.jpg;019632.jpg;041640.jpg
045617.jpg;053759.jpg;102340.jpg
197357.jpg;198316.jpg;018874.jpg
016751.jpg;128558.jpg;085007.jpg
141677.jpg;005244.jpg;125946.jpg
119130.jpg;148927.jpg;157734.jpg
111219.jpg;115070.jpg;174888.jpg
035489.jpg;062212.jpg;039944.jpg
000882.jpg;157342.jpg;107426.jpg
041442.jpg;009114.jpg;090460.jpg
178372.jpg;171273.jpg;149877.jpg
068422.jpg;089348.jpg;184848.jpg
015570.jpg;060021.jpg;094874.jpg
031056.jpg;152002.jpg;082600.jpg
089211.jpg;029878.jpg;108775.jpg
030976.jpg;054098.jpg;097298.jpg
008551.jpg;044929.jpg;108151.jpg
105690.jpg;006564.jpg;084373.jpg
046112.jpg;063798.jpg;084260.jpg
087874.jpg;069720.jpg;180485.jpg
003551.jpg;009824.jpg;106965.jpg
039471.jpg;128038.jpg;006174.jpg
147817.jpg;069454.jpg;132153.jpg
030729.jpg;103695.jpg;002838.jpg
167283.jpg;180606.jpg;178099.jpg
148167.jpg;004947.jpg;195016.jpg
021860.jpg;076027.jpg;191015.jpg
182166.jpg;181601.jpg;079128.jpg
179896.jpg;163614.jpg;121229.jpg
055325.jpg;073885.jpg;175737.jpg
000649.jpg;137771.jpg;054440.jpg
069305.jpg;065836.jpg;108782.jpg
083672.jpg;047365.jpg;076526.jpg
131599.jpg;011177.jpg;140198.jpg
175360.jpg;182136.jpg;162009.jpg
069738.jpg;147273.jpg;025280.jpg
129086.jpg;016569.jpg;144772.jpg
034213.jpg;087556.jpg;008934.jpg
188189.jpg;183787.jpg;132052.jpg
179220.jpg;182592.jpg;198062.jpg
020390.jpg;003588.jpg;099223.jpg
197615.jpg;193287.jpg;025751.jpg
063021.jpg;162202.jpg;156717.jpg
019491.jpg;030212.jpg;020777.jpg
057619.jpg;083624.jpg;122380.jpg
096354.jpg;090589.jpg;157837.jpg
026409.jpg;037003.jpg;050467.jpg
053246.jpg;124664.jpg;071337.jpg
088441.jpg;039463.jpg;045365.jpg
073182.jpg;139998.jpg;090290.jpg
143563.jpg;157109.jpg;057352.jpg
025771.jpg;055926.jpg;086792.jpg
063235.jpg;126692.jpg;103190.jpg
094409.jpg;141953.jpg;180124.jpg
185226.jpg;187207.jpg;112145.jpg
123690.jpg;129477.jpg;109273.jpg
178549.jpg;181074.jpg;192020.jpg
093343.jpg;013611.jpg;187962.jpg
021594.jpg;041620.jpg;113526.jpg
091332.jpg;142761.jpg;097605.jpg
084057.jpg;040378.jpg;002851.jpg
083153.jpg;064939.jpg;172594.jpg
188844.jpg;198278.jpg;035279.jpg
107661.jpg;120855.jpg;022780.jpg
099035.jpg;006852.jpg;124611.jpg
024768.jpg;145645.jpg;181787.jpg
083190.jpg;004357.jpg;033179.jpg
057067.jpg;140789.jpg;103507.jpg
033763.jpg;144186.jpg;065087.jpg
152105.jpg;010513.jpg;035588.jpg
098966.jpg;040027.jpg;118910.jpg
151405.jpg;096376.jpg;126237.jpg
065597.jpg;119146.jpg;132726.jpg
045985.jpg;138393.jpg;091600.jpg
160156.jpg;040570.jpg;087379.jpg
086612.jpg;055551.jpg;020885.jpg
092974.jpg;058268.jpg;020314.jpg
035020.jpg;132523.jpg;140264.jpg
058492.jpg;159699.jpg;127409.jpg
011817.jpg;075298.jpg;194161.jpg
130915.jpg;137668.jpg;164424.jpg
029917.jpg;018203.jpg;007291.jpg
137396.jpg;024784.jpg;011797.jpg
156796.jpg;068373.jpg;168490.jpg
106451.jpg;096039.jpg;004209.jpg
127687.jpg;138325.jpg;111260.jpg
146015.jpg;044940.jpg;108928.jpg
129920.jpg;089638.jpg;036202.jpg
163902.jpg;180145.jpg;095886.jpg
054478.jpg;031855.jpg;000881.jpg
068169.jpg;006439.jpg;165306.jpg
172507.jpg;180047.jpg;090197.jpg
174416.jpg;166894.jpg;152483.jpg
147825.jpg;143858.jpg;020926.jpg
071902.jpg;114879.jpg;003337.jpg
194858.jpg;195849.jpg;054092.jpg
122770.jpg;162238.jpg;058924.jpg
103607.jpg;070864.jpg;170652.jpg
193274.jpg;185240.jpg;003946.jpg
018418.jpg;125763.jpg;185279.jpg
131444.jpg;158950.jpg;161121.jpg
147633.jpg;007237.jpg;038857.jpg
191819.jpg;197259.jpg;034249.jpg
107731.jpg;119507.jpg;065157.jpg
164686.jpg;163624.jpg;069291.jpg
122321.jpg;085839.jpg;060822.jpg
146618.jpg;114890.jpg;025331.jpg
119046.jpg;131219.jpg;038756.jpg
071154.jpg;107556.jpg;122680.jpg
114441.jpg;069023.jpg;046960.jpg
027815.jpg;145863.jpg;051686.jpg
075318.jpg;023981.jpg;129233.jpg
157943.jpg;051764.jpg;131628.jpg
178993.jpg;166035.jpg;025532.jpg
194461.jpg;188083.jpg;170229.jpg
135893.jpg;121544.jpg;088938.jpg
151120.jpg;152728.jpg;050696.jpg
181789.jpg;177491.jpg;175981.jpg
178682.jpg;172938.jpg;160382.jpg
028500.jpg;103459.jpg;179345.jpg
077754.jpg;114887.jpg;034740.jpg
009815.jpg;029276.jpg;160871.jpg
016000.jpg;063849.jpg;129871.jpg
154690.jpg;086260.jpg;128384.jpg
179413.jpg;164100.jpg;089729.jpg
157319.jpg;107131.jpg;155241.jpg
003734.jpg;112969.jpg;128819.jpg
187622.jpg;195486.jpg;112995.jpg
191956.jpg;198465.jpg;067636.jpg
198715.jpg;191981.jpg;036096.jpg
170312.jpg;176794.jpg;167459.jpg
102360.jpg;134627.jpg;045191.jpg
079794.jpg;157484.jpg;007329.jpg
046015.jpg;148601.jpg;062370.jpg
137919.jpg;144866.jpg;063698.jpg
046515.jpg;061548.jpg;045808.jpg
058498.jpg;073528.jpg;141068.jpg
106091.jpg;007291.jpg;022042.jpg
018998.jpg;047689.jpg;033106.jpg
025367.jpg;005522.jpg;123007.jpg
201954.jpg;196789.jpg;021899.jpg
004429.jpg;156454.jpg;196182.jpg
148190.jpg;006592.jpg;123461.jpg
100663.jpg;104004.jpg;043762.jpg
201860.jpg;195789.jpg;085873.jpg
194492.jpg;195867.jpg;036487.jpg
119903.jpg;098583.jpg;177544.jpg
006837.jpg;010035.jpg;161047.jpg
122458.jpg;086213.jpg;037662.jpg
124064.jpg;070587.jpg;070878.jpg
111591.jpg;116086.jpg;090311.jpg
097689.jpg;098493.jpg;064160.jpg
168346.jpg;181958.jpg;050395.jpg
049759.jpg;095841.jpg;033080.jpg
190526.jpg;201725.jpg;093659.jpg
010315.jpg;002816.jpg;020059.jpg
048592.jpg;152494.jpg;075414.jpg
102604.jpg;004599.jpg;098825.jpg
023217.jpg;130026.jpg;042367.jpg
176727.jpg;171496.jpg;030374.jpg
173100.jpg;175274.jpg;110537.jpg
195503.jpg;184202.jpg;032521.jpg
057154.jpg;058596.jpg;171844.jpg
039173.jpg;023031.jpg;045209.jpg
196014.jpg;195972.jpg;062540.jpg
019152.jpg;129820.jpg;154592.jpg
152294.jpg;142111.jpg;032364.jpg
007398.jpg;120531.jpg;085844.jpg
191761.jpg;188838.jpg;071713.jpg
024912.jpg;092267.jpg;148994.jpg
098128.jpg;081864.jpg;040351.jpg
117792.jpg;095006.jpg;078212.jpg
094377.jpg;134717.jpg;146374.jpg
175186.jpg;163735.jpg;045731.jpg
054176.jpg;161399.jpg;056732.jpg
080507.jpg;033267.jpg;136495.jpg
029852.jpg;014063.jpg;032044.jpg
172602.jpg;170933.jpg;134877.jpg
033029.jpg;054121.jpg;076112.jpg
101548.jpg;009823.jpg;147137.jpg
192215.jpg;187949.jpg;187432.jpg
052539.jpg;064052.jpg;105221.jpg
044245.jpg;085242.jpg;176113.jpg
029091.jpg;105251.jpg;097637.jpg
036750.jpg;090795.jpg;153825.jpg
040101.jpg;142614.jpg;120460.jpg
054893.jpg;117599.jpg;108579.jpg
120674.jpg;052613.jpg;029050.jpg
012559.jpg;138375.jpg;063104.jpg
128629.jpg;131978.jpg;157421.jpg
000065.jpg;071752.jpg;148697.jpg
157460.jpg;143486.jpg;132378.jpg
091888.jpg;120832.jpg;028190.jpg
041429.jpg;071554.jpg;057583.jpg
135590.jpg;144221.jpg;129550.jpg
159880.jpg;021389.jpg;045951.jpg
079451.jpg;064552.jpg;016127.jpg
035288.jpg;121808.jpg;117673.jpg
154299.jpg;034760.jpg;055795.jpg
000770.jpg;161522.jpg;173595.jpg
107196.jpg;040271.jpg;092545.jpg
127416.jpg;091165.jpg;199172.jpg
175962.jpg;177215.jpg;190381.jpg
094096.jpg;004475.jpg;152874.jpg
082491.jpg;089387.jpg;179983.jpg
135393.jpg;043519.jpg;075130.jpg
174731.jpg;171945.jpg;147283.jpg
140553.jpg;133074.jpg;177881.jpg
072821.jpg;136898.jpg;111147.jpg
004232.jpg;061830.jpg;054140.jpg
071729.jpg;059448.jpg;098321.jpg
046862.jpg;096398.jpg;042471.jpg
078523.jpg;112472.jpg;004345.jpg
059420.jpg;080028.jpg;186042.jpg
053053.jpg;151701.jpg;182769.jpg
099705.jpg;102219.jpg;002404.jpg
052159.jpg;072128.jpg;023728.jpg
084537.jpg;044598.jpg;046765.jpg
141353.jpg;117799.jpg;122648.jpg
176499.jpg;168896.jpg;018125.jpg
115100.jpg;078679.jpg;007221.jpg
135420.jpg;069473.jpg;090052.jpg
188708.jpg;195813.jpg;195374.jpg
045845.jpg;022232.jpg;143214.jpg
154529.jpg;125658.jpg;096568.jpg
174761.jpg;178346.jpg;173365.jpg
081110.jpg;094298.jpg;084104.jpg
078824.jpg;114070.jpg;126542.jpg
134751.jpg;033675.jpg;176585.jpg
189244.jpg;198733.jpg;016852.jpg
141328.jpg;115902.jpg;009682.jpg
143827.jpg;141090.jpg;013683.jpg
199098.jpg;187872.jpg;140255.jpg
028293.jpg;066482.jpg;075488.jpg
152550.jpg;081482.jpg;188519.jpg
166319.jpg;167347.jpg;174166.jpg
074808.jpg;007341.jpg;155572.jpg
161767.jpg;002928.jpg;152793.jpg
191747.jpg;198233.jpg;067961.jpg
119537.jpg;106110.jpg;023087.jpg
013547.jpg;063392.jpg;109164.jpg
193824.jpg;200994.jpg;029731.jpg
168983.jpg;164367.jpg;001306.jpg
076463.jpg;077660.jpg;083623.jpg
004532.jpg;161008.jpg;029654.jpg
021436.jpg;111206.jpg;075115.jpg
154338.jpg;080392.jpg;104852.jpg
098211.jpg;142733.jpg;000910.jpg
103363.jpg;111646.jpg;095984.jpg
163956.jpg;167227.jpg;184209.jpg
160247.jpg;013641.jpg;036255.jpg
146137.jpg;029016.jpg;140110.jpg
148694.jpg;110040.jpg;113373.jpg
094142.jpg;158906.jpg;051009.jpg
093181.jpg;043347.jpg;012084.jpg
055715.jpg;073016.jpg;170759.jpg
087558.jpg;065821.jpg;197258.jpg
092308.jpg;076795.jpg;052303.jpg
201138.jpg;193160.jpg;184796.jpg
044609.jpg;118004.jpg;041976.jpg
104153.jpg;053768.jpg;116342.jpg
010366.jpg;079265.jpg;108321.jpg
029797.jpg;135062.jpg;059180.jpg
162987.jpg;164754.jpg;125137.jpg
056694.jpg;075268.jpg;093161.jpg
179310.jpg;179249.jpg;187981.jpg
138497.jpg;118857.jpg;088293.jpg
095600.jpg;112983.jpg;027903.jpg
044875.jpg;112078.jpg;043193.jpg
129856.jpg;124091.jpg;106495.jpg
070097.jpg;042772.jpg;109025.jpg
045134.jpg;054581.jpg;134167.jpg
169735.jpg;162820.jpg;186813.jpg
105413.jpg;101989.jpg;177866.jpg
137203.jpg;036473.jpg;154740.jpg
144304.jpg;088929.jpg;124861.jpg
154333.jpg;113836.jpg;151403.jpg
056970.jpg;047828.jpg;033792.jpg
140074.jpg;045965.jpg;174463.jpg
182820.jpg;192457.jpg;076467.jpg
150567.jpg;142638.jpg;030199.jpg
152086.jpg;053943.jpg;193462.jpg
084571.jpg;107593.jpg;179499.jpg
101113.jpg;133396.jpg;119002.jpg
130905.jpg;001137.jpg;017311.jpg
029043.jpg;154991.jpg;167036.jpg
136418.jpg;093104.jpg;086477.jpg
027851.jpg;079345.jpg;051562.jpg
192116.jpg;195004.jpg;164360.jpg
079174.jpg;112168.jpg;112665.jpg
082246.jpg;011093.jpg;161456.jpg
026187.jpg;063091.jpg;197217.jpg
115827.jpg;162474.jpg;064111.jpg
132778.jpg;063092.jpg;017085.jpg
162662.jpg;139430.jpg;082460.jpg
058690.jpg;096246.jpg;184831.jpg
135035.jpg;103757.jpg;082910.jpg
054835.jpg;056191.jpg;190170.jpg
183811.jpg;184843.jpg;060351.jpg
056938.jpg;133007.jpg;079005.jpg
107239.jpg;095718.jpg;028952.jpg
189552.jpg;188037.jpg;145516.jpg
041182.jpg;091335.jpg;109947.jpg
047705.jpg;127390.jpg;073388.jpg
113816.jpg;143658.jpg;084717.jpg
048620.jpg;122591.jpg;038395.jpg
182176.jpg;163589.jpg;097890.jpg
198585.jpg;188611.jpg;181334.jpg
061174.jpg;102215.jpg;183840.jpg
003182.jpg;013618.jpg;116681.jpg
177012.jpg;177406.jpg;028155.jpg
078077.jpg;117862.jpg;192235.jpg
144773.jpg;140474.jpg;000335.jpg
122274.jpg;132214.jpg;202202.jpg
192875.jpg;186063.jpg;006481.jpg
035772.jpg;115811.jpg;040968.jpg
044127.jpg;054028.jpg;031754.jpg
071225.jpg;061936.jpg;170376.jpg
194970.jpg;200406.jpg;167865.jpg
188052.jpg;193582.jpg;076826.jpg
193028.jpg;192306.jpg;040909.jpg
096557.jpg;144163.jpg;150352.jpg
051722.jpg;072878.jpg;023767.jpg
122918.jpg;059723.jpg;181289.jpg
154274.jpg;134594.jpg;088349.jpg
058692.jpg;066979.jpg;136011.jpg
176515.jpg;179437.jpg;064452.jpg
134803.jpg;096029.jpg;126593.jpg
075303.jpg;157892.jpg;046193.jpg
017168.jpg;115062.jpg;154261.jpg
047324.jpg;069523.jpg;012922.jpg
175244.jpg;164030.jpg;151843.jpg
051796.jpg;138657.jpg;015205.jpg
159451.jpg;046120.jpg;068278.jpg
147600.jpg;090099.jpg;092312.jpg
105105.jpg;087260.jpg;200716.jpg
155747.jpg;117406.jpg;053190.jpg
080656.jpg;100885.jpg;199028.jpg
143184.jpg;034040.jpg;145631.jpg
020262.jpg;113524.jpg;131998.jpg
014034.jpg;124329.jpg;181158.jpg
086591.jpg;015484.jpg;055111.jpg
046645.jpg;046877.jpg;055924.jpg
190496.jpg;186382.jpg;124132.jpg
053782.jpg;102760.jpg;034828.jpg
003269.jpg;107914.jpg;181615.jpg
088724.jpg;083974.jpg;160787.jpg
047325.jpg;092379.jpg;141105.jpg
169631.jpg;181246.jpg;112979.jpg
116524.jpg;059863.jpg;071886.jpg
150229.jpg;122676.jpg;187622.jpg
192719.jpg;183387.jpg;140436.jpg
156243.jpg;111194.jpg;088250.jpg
145557.jpg;068646.jpg;100927.jpg
094699.jpg;016971.jpg;141871.jpg
077667.jpg;106702.jpg;155593.jpg
119310.jpg;127245.jpg;121703.jpg
145476.jpg;103183.jpg;048004.jpg
020805.jpg;085228.jpg;094945.jpg
051839.jpg;069112.jpg;180807.jpg
140144.jpg;129903.jpg;166903.jpg
001797.jpg;103852.jpg;056082.jpg
172247.jpg;164964.jpg;100733.jpg
027162.jpg;122653.jpg;192932.jpg
142080.jpg;064025.jpg;128643.jpg
035257.jpg;033652.jpg;096015.jpg
046121.jpg;149359.jpg;025797.jpg
162326.jpg;126720.jpg;075069.jpg
038415.jpg;088215.jpg;022366.jpg
160191.jpg;061775.jpg;163674.jpg
174727.jpg;165803.jpg;049079.jpg
091709.jpg;029338.jpg;114815.jpg
168378.jpg;168165.jpg;048007.jpg
108433.jpg;103013.jpg;032730.jpg
193505.jpg;199429.jpg;107918.jpg
125378.jpg;074269.jpg;148894.jpg
020748.jpg;112832.jpg;036285.jpg
168097.jpg;169478.jpg;008216.jpg
025195.jpg;024778.jpg;082950.jpg
127647.jpg;013983.jpg;070629.jpg
190108.jpg;193273.jpg;090291.jpg
085988.jpg;080599.jpg;118418.jpg
183360.jpg;195038.jpg;030296.jpg
103927.jpg;083696.jpg;092814.jpg
119448.jpg;020796.jpg;158100.jpg
066212.jpg;088175.jpg;183865.jpg
046278.jpg;040640.jpg;178051.jpg
111237.jpg;156459.jpg;176997.jpg
175952.jpg;176806.jpg;151034.jpg
083548.jpg;068907.jpg;118004.jpg
181943.jpg;175332.jpg;102870.jpg
044536.jpg;136326.jpg;168211.jpg
010976.jpg;129269.jpg;138938.jpg
047146.jpg;048450.jpg;139460.jpg
164285.jpg;171622.jpg;148959.jpg
125394.jpg;057160.jpg;147630.jpg
152580.jpg;044823.jpg;054764.jpg
064649.jpg;016116.jpg;137146.jpg
186443.jpg;196971.jpg;096179.jpg
110140.jpg;154011.jpg;197174.jpg
071747.jpg;014706.jpg;168564.jpg
123670.jpg;126019.jpg;190653.jpg
097051.jpg;141386.jpg;142577.jpg
095606.jpg;100064.jpg;059086.jpg
108912.jpg;151303.jpg;144038.jpg
082910.jpg;161601.jpg;175562.jpg
156658.jpg;024077.jpg;085436.jpg
031017.jpg;150000.jpg;050187.jpg
134417.jpg;056968.jpg;158562.jpg
098175.jpg;022865.jpg;136592.jpg
167123.jpg;173545.jpg;157742.jpg
118301.jpg;059314.jpg;046374.jpg
012404.jpg;085962.jpg;195017.jpg
077032.jpg;147625.jpg;011505.jpg
187114.jpg;183589.jpg;110894.jpg
123985.jpg;095317.jpg;127460.jpg
132180.jpg;156316.jpg;079536.jpg
054396.jpg;081745.jpg;127359.jpg
132481.jpg;128977.jpg;043649.jpg
199516.jpg;188929.jpg;061747.jpg
199142.jpg;193409.jpg;147552.jpg
120896.jpg;106745.jpg;159012.jpg
108999.jpg;112309.jpg;024057.jpg
009207.jpg;101979.jpg;048321.jpg
177700.jpg;169583.jpg;103093.jpg
106433.jpg;147392.jpg;196023.jpg
093499.jpg;050325.jpg;009659.jpg
180269.jpg;181163.jpg;024995.jpg
116964.jpg;124609.jpg;043605.jpg
120586.jpg;065430.jpg;015989.jpg
072660.jpg;049949.jpg;022570.jpg
032108.jpg;059894.jpg;015563.jpg
160549.jpg;062947.jpg;180530.jpg
178461.jpg;164591.jpg;199172.jpg
131016.jpg;139867.jpg;192658.jpg
062599.jpg;157850.jpg;194191.jpg
171964.jpg;173940.jpg;153446.jpg
153365.jpg;062877.jpg;018464.jpg
115366.jpg;109723.jpg;109045.jpg
162446.jpg;013799.jpg;011192.jpg
148831.jpg;006801.jpg;092026.jpg
138068.jpg;108678.jpg;034306.jpg
156141.jpg;034824.jpg;200474.jpg
154209.jpg;155762.jpg;031902.jpg
045243.jpg;089973.jpg;191516.jpg
101181.jpg;063948.jpg;080210.jpg
047583.jpg;019311.jpg;013933.jpg
071457.jpg;086699.jpg;171830.jpg
073912.jpg;073181.jpg;005529.jpg
123401.jpg;010968.jpg;019046.jpg
006294.jpg;139732.jpg;107882.jpg
007555.jpg;077709.jpg;086446.jpg
070248.jpg;053601.jpg;124424.jpg
097699.jpg;159398.jpg;137932.jpg
198960.jpg;189257.jpg;127177.jpg
149855.jpg;140679.jpg;036172.jpg
040992.jpg;088014.jpg;035636.jpg
165505.jpg;172715.jpg;050547.jpg
190951.jpg;192711.jpg;108416.jpg
163831.jpg;172774.jpg;016536.jpg
141453.jpg;004464.jpg;102683.jpg
186877.jpg;196023.jpg;066081.jpg
197583.jpg;200672.jpg;101844.jpg
137258.jpg;001125.jpg;166846.jpg
170235.jpg;164101.jpg;123257.jpg
162499.jpg;022914.jpg;022641.jpg
066247.jpg;008556.jpg;124119.jpg
037164.jpg;003355.jpg;147734.jpg
133515.jpg;136709.jpg;001087.jpg
201222.jpg;189683.jpg;105688.jpg
081741.jpg;136803.jpg;127126.jpg
019301.jpg;019527.jpg;167316.jpg
083188.jpg;092142.jpg;101462.jpg
107226.jpg;156095.jpg;184864.jpg
115741.jpg;018357.jpg;020551.jpg
161396.jpg;027372.jpg;144434.jpg
192943.jpg;195992.jpg;022227.jpg
046417.jpg;072927.jpg;150385.jpg
137240.jpg;092151.jpg;004092.jpg
102872.jpg;011298.jpg;064876.jpg
078732.jpg;061888.jpg;168186.jpg
044698.jpg;094678.jpg;179075.jpg
137692.jpg;157798.jpg;070812.jpg
158309.jpg;129372.jpg;076696.jpg
129352.jpg;012479.jpg;120574.jpg
201856.jpg;184575.jpg;130042.jpg
042574.jpg;100939.jpg;201558.jpg
051539.jpg;063643.jpg;038046.jpg
161711.jpg;000368.jpg;153502.jpg
196325.jpg;198283.jpg;166269.jpg
127676.jpg;107567.jpg;056459.jpg
186854.jpg;188616.jpg;196150.jpg
116176.jpg;030845.jpg;060232.jpg
021664.jpg;056713.jpg;049597.jpg
202339.jpg;193849.jpg;167380.jpg
184671.jpg;202525.jpg;036360.jpg
092352.jpg;084034.jpg;068218.jpg
100742.jpg;004463.jpg;147715.jpg
188431.jpg;195972.jpg;186279.jpg
135948.jpg;133623.jpg;083607.jpg
146830.jpg;012575.jpg;155084.jpg
202164.jpg;197557.jpg;076751.jpg
078109.jpg;108589.jpg;142050.jpg
071798.jpg;132430.jpg;068522.jpg
129078.jpg;036342.jpg;063028.jpg
005444.jpg;152215.jpg;041182.jpg
135503.jpg;017737.jpg;122663.jpg
026134.jpg;078911.jpg;076006.jpg
085273.jpg;063753.jpg;098971.jpg
183367.jpg;192213.jpg;090755.jpg
105883.jpg;153170.jpg;116506.jpg
097858.jpg;113113.jpg;160620.jpg
158847.jpg;008368.jpg;131828.jpg
200517.jpg;187322.jpg;158481.jpg
034413.jpg;140889.jpg;054702.jpg
187928.jpg;198666.jpg;073633.jpg
159337.jpg;093945.jpg;172486.jpg
135098.jpg;125182.jpg;185003.jpg
022647.jpg;055082.jpg;089667.jpg
061523.jpg;162082.jpg;036541.jpg
199332.jpg;193098.jpg;023580.jpg
058543.jpg;112438.jpg;067540.jpg
086058.jpg;076697.jpg;067828.jpg
123961.jpg;157409.jpg;176201.jpg
155236.jpg;026787.jpg;098785.jpg
006410.jpg;033134.jpg;095114.jpg
069304.jpg;093107.jpg;104591.jpg
048427.jpg;101995.jpg;043097.jpg
168493.jpg;165348.jpg;128030.jpg
021554.jpg;043101.jpg;025860.jpg
133722.jpg;065210.jpg;019865.jpg
102504.jpg;135232.jpg;063243.jpg
044920.jpg;005774.jpg;050223.jpg
057839.jpg;008571.jpg;095945.jpg
011931.jpg;138252.jpg;068325.jpg
114165.jpg;020977.jpg;085637.jpg
179436.jpg;168902.jpg;029781.jpg
183365.jpg;192562.jpg;042349.jpg
167345.jpg;175905.jpg;068170.jpg
088387.jpg;038330.jpg;108258.jpg
144722.jpg;153285.jpg;026652.jpg
073531.jpg;082144.jpg;041617.jpg
039236.jpg;011441.jpg;150152.jpg
115499.jpg;130353.jpg;152279.jpg
104970.jpg;035518.jpg;187753.jpg
044403.jpg;156465.jpg;112828.jpg
140583.jpg;102396.jpg;168830.jpg
073843.jpg;098699.jpg;125474.jpg
122831.jpg;004339.jpg;100902.jpg
043354.jpg;018306.jpg;190176.jpg
076385.jpg;004552.jpg;102515.jpg
046329.jpg;055106.jpg;134111.jpg
110460.jpg;078092.jpg;173997.jpg
156517.jpg;098260.jpg;185135.jpg
010013.jpg;117994.jpg;179743.jpg
113770.jpg;125085.jpg;094046.jpg
159406.jpg;114379.jpg;018389.jpg
065913.jpg;150268.jpg;052240.jpg
098702.jpg;047183.jpg;117775.jpg
076918.jpg;077446.jpg;171635.jpg
052081.jpg;017937.jpg;104264.jpg
179616.jpg;178804.jpg;042818.jpg
123023.jpg;158242.jpg;111028.jpg
170791.jpg;181057.jpg;127449.jpg
127312.jpg;004635.jpg;090519.jpg
142134.jpg;018010.jpg;098356.jpg
115632.jpg;058197.jpg;058324.jpg
115261.jpg;127215.jpg;173401.jpg
068694.jpg;013351.jpg;017027.jpg
075742.jpg;014863.jpg;164806.jpg
062472.jpg;066329.jpg;080638.jpg
181556.jpg;175610.jpg;172156.jpg
157716.jpg;075138.jpg;050939.jpg
175560.jpg;172767.jpg;080529.jpg
050216.jpg;088943.jpg;053190.jpg
104040.jpg;115828.jpg;123218.jpg
198042.jpg;182687.jpg;034288.jpg
044144.jpg;017470.jpg;040451.jpg
089715.jpg;109178.jpg;026713.jpg
009704.jpg;004018.jpg;087159.jpg
090116.jpg;113565.jpg;063318.jpg
095724.jpg;014853.jpg;058240.jpg
042138.jpg;003532.jpg;194343.jpg
120021.jpg;009371.jpg;089061.jpg
084061.jpg;071754.jpg;022867.jpg
022434.jpg;057070.jpg;122152.jpg
114646.jpg;136255.jpg;041819.jpg
042133.jpg;025565.jpg;131318.jpg
186109.jpg;200526.jpg;039971.jpg
143986.jpg;145548.jpg;058716.jpg
154162.jpg;046138.jpg;196066.jpg
038513.jpg;044400.jpg;173138.jpg
092361.jpg;094177.jpg;163259.jpg
183942.jpg;189908.jpg;003872.jpg
065924.jpg;022689.jpg;147418.jpg
045639.jpg;037089.jpg;020561.jpg
156757.jpg;098110.jpg;062643.jpg
182550.jpg;166037.jpg;033288.jpg
113916.jpg;039215.jpg;114971.jpg
133122.jpg;105690.jpg;094582.jpg
043234.jpg;078452.jpg;123791.jpg
033956.jpg;007830.jpg;089791.jpg
090455.jpg;119067.jpg;111470.jpg
182726.jpg;199844.jpg;010610.jpg
110378.jpg;118347.jpg;073511.jpg
156744.jpg;149184.jpg;037138.jpg
184795.jpg;197499.jpg;079033.jpg
107530.jpg;067300.jpg;091073.jpg
194355.jpg;189939.jpg;181439.jpg
140009.jpg;035739.jpg;065628.jpg
173517.jpg;165878.jpg;083736.jpg
055461.jpg;159697.jpg;088722.jpg
076551.jpg;084004.jpg;172373.jpg
162508.jpg;016654.jpg;018409.jpg
187420.jpg;183471.jpg;144076.jpg
058209.jpg;058400.jpg;054031.jpg
132133.jpg;112627.jpg;117733.jpg
127452.jpg;021597.jpg;192193.jpg
191897.jpg;185177.jpg;054340.jpg
025700.jpg;035983.jpg;200052.jpg
137394.jpg;106688.jpg;104196.jpg
007591.jpg;122376.jpg;043224.jpg
124258.jpg;106237.jpg;127962.jpg
125723.jpg;148789.jpg;017809.jpg
149618.jpg;120421.jpg;040697.jpg
049744.jpg;023173.jpg;023445.jpg
093928.jpg;077889.jpg;162532.jpg
126227.jpg;089080.jpg;153868.jpg
182134.jpg;173838.jpg;147354.jpg
047545.jpg;154206.jpg;198935.jpg
118836.jpg;065119.jpg;098561.jpg
008284.jpg;024941.jpg;097613.jpg
000068.jpg;011323.jpg;094335.jpg
045067.jpg;088608.jpg;159528.jpg
021644.jpg;011802.jpg;134916.jpg
003108.jpg;088545.jpg;027981.jpg
072156.jpg;046994.jpg;022045.jpg
147418.jpg;132005.jpg;097735.jpg
009340.jpg;063848.jpg;040485.jpg
027342.jpg;125004.jpg;162424.jpg
063139.jpg;009668.jpg;118434.jpg
061691.jpg;094118.jpg;129346.jpg
037499.jpg;010225.jpg;171396.jpg
034098.jpg;089093.jpg;004109.jpg
149219.jpg;037243.jpg;089415.jpg
130567.jpg;040848.jpg;169206.jpg
192400.jpg;191103.jpg;110985.jpg
010239.jpg;156281.jpg;009093.jpg
066762.jpg;039155.jpg;013674.jpg
024907.jpg;122548.jpg;177404.jpg
065182.jpg;119618.jpg;026198.jpg
112407.jpg;112382.jpg;155120.jpg
160081.jpg;099906.jpg;085724.jpg
141244.jpg;150649.jpg;140362.jpg
021337.jpg;062840.jpg;129388.jpg
173480.jpg;178383.jpg;052780.jpg
064359.jpg;067032.jpg;130888.jpg
176885.jpg;180246.jpg;033223.jpg
173979.jpg;166953.jpg;055460.jpg
098122.jpg;017450.jpg;027837.jpg
060494.jpg;072890.jpg;097745.jpg
108210.jpg;076182.jpg;152614.jpg
173449.jpg;170902.jpg;170716.jpg
019373.jpg;128617.jpg;174555.jpg
135834.jpg;001127.jpg;010057.jpg
103167.jpg;004697.jpg;076242.jpg
071835.jpg;118565.jpg;082800.jpg
117669.jpg;108946.jpg;187036.jpg
037695.jpg;149392.jpg;178415.jpg
023291.jpg;119134.jpg;182766.jpg
199587.jpg;185944.jpg;000790.jpg
025731.jpg;134897.jpg;014962.jpg
131434.jpg;076359.jpg;133264.jpg
158831.jpg;123321.jpg;123928.jpg
064428.jpg;055513.jpg;075462.jpg
128169.jpg;162289.jpg;201995.jpg
165674.jpg;169717.jpg;049053.jpg
141573.jpg;151390.jpg;116941.jpg
103576.jpg;004866.jpg;132460.jpg
018761.jpg;008294.jpg;031035.jpg
141201.jpg;070711.jpg;086551.jpg
140925.jpg;051878.jpg;038994.jpg
127011.jpg;073785.jpg;166433.jpg
068692.jpg;156998.jpg;130322.jpg
074780.jpg;029729.jpg;112922.jpg
119401.jpg;162284.jpg;062222.jpg
126154.jpg;148077.jpg;048728.jpg
051949.jpg;076302.jpg;160758.jpg
126708.jpg;152259.jpg;046806.jpg
084125.jpg;035115.jpg;090798.jpg
053083.jpg;061261.jpg;051770.jpg
038006.jpg;122917.jpg;094638.jpg
140587.jpg;094972.jpg;156833.jpg
129761.jpg;031031.jpg;088362.jpg
146547.jpg;122253.jpg;026620.jpg
032020.jpg;104157.jpg;189669.jpg
017123.jpg;137954.jpg;159411.jpg
171151.jpg;172380.jpg;068980.jpg
079014.jpg;161526.jpg;025590.jpg
198217.jpg;186375.jpg;175994.jpg
132013.jpg;105893.jpg;078354.jpg
127493.jpg;036962.jpg;096064.jpg
053515.jpg;033663.jpg;055933.jpg
036016.jpg;011334.jpg;101858.jpg
041955.jpg;109050.jpg;165496.jpg
155676.jpg;110856.jpg;157723.jpg
186585.jpg;192657.jpg;056322.jpg
044623.jpg;015101.jpg;079516.jpg
071257.jpg;010439.jpg;107976.jpg
174859.jpg;177322.jpg;168569.jpg
167707.jpg;170852.jpg;192648.jpg
117562.jpg;128323.jpg;068635.jpg
134996.jpg;047605.jpg;177957.jpg
028737.jpg;021816.jpg;008804.jpg
154046.jpg;103245.jpg;162880.jpg
094216.jpg;131951.jpg;020844.jpg
141138.jpg;118700.jpg;083742.jpg
080565.jpg;128994.jpg;196884.jpg
109251.jpg;048461.jpg;197322.jpg
028360.jpg;025668.jpg;048758.jpg
026019.jpg;008578.jpg;188659.jpg
075510.jpg;093806.jpg;141145.jpg
081425.jpg;002334.jpg;068865.jpg
096453.jpg;119627.jpg;019549.jpg
171269.jpg;169473.jpg;107092.jpg
155664.jpg;126255.jpg;174892.jpg
152419.jpg;062362.jpg;011420.jpg
127374.jpg;064446.jpg;108053.jpg
034717.jpg;044263.jpg;150042.jpg
039028.jpg;004225.jpg;199508.jpg
044343.jpg;097093.jpg;170962.jpg
009906.jpg;121972.jpg;195767.jpg
075357.jpg;123842.jpg;155055.jpg
155689.jpg;088239.jpg;041479.jpg
202302.jpg;191197.jpg;200876.jpg
036664.jpg;027113.jpg;001533.jpg
026807.jpg;009939.jpg;145666.jpg
178890.jpg;169931.jpg;112324.jpg
127897.jpg;156372.jpg;166980.jpg
145510.jpg;147093.jpg;016475.jpg
200454.jpg;200611.jpg;149305.jpg
108108.jpg;058490.jpg;026438.jpg
174408.jpg;169809.jpg;099545.jpg
126335.jpg;162660.jpg;029363.jpg
075862.jpg;111544.jpg;146584.jpg
133206.jpg;093661.jpg;064273.jpg
136204.jpg;093612.jpg;098066.jpg
198423.jpg;185263.jpg;044285.jpg
073855.jpg;138996.jpg;089157.jpg
111084.jpg;012500.jpg;151442.jpg
163035.jpg;181305.jpg;179041.jpg
122340.jpg;006588.jpg;043987.jpg
182342.jpg;172055.jpg;079428.jpg
010223.jpg;037816.jpg;002609.jpg
004061.jpg;149779.jpg;151709.jpg
105154.jpg;098463.jpg;036823.jpg
009227.jpg;111147.jpg;140659.jpg
066723.jpg;074143.jpg;071484.jpg
162507.jpg;026057.jpg;177067.jpg
134083.jpg;002720.jpg;165886.jpg
141929.jpg;031663.jpg;041289.jpg
133469.jpg;073240.jpg;086630.jpg
184722.jpg;184645.jpg;005633.jpg
128333.jpg;010324.jpg;090459.jpg
113034.jpg;106999.jpg;137812.jpg
138324.jpg;078553.jpg;115590.jpg
184010.jpg;195700.jpg;198629.jpg
061539.jpg;092956.jpg;129048.jpg
161894.jpg;050040.jpg;096241.jpg
141050.jpg;037408.jpg;087964.jpg
162797.jpg;177225.jpg;189681.jpg
107450.jpg;154083.jpg;040769.jpg
021438.jpg;055221.jpg;175652.jpg
101949.jpg;018161.jpg;038708.jpg
107351.jpg;119532.jpg;196103.jpg
193447.jpg;191248.jpg;075656.jpg
072820.jpg;059639.jpg;195883.jpg
097481.jpg;075676.jpg;011281.jpg
188108.jpg;200454.jpg;022625.jpg
145866.jpg;117331.jpg;016173.jpg
098713.jpg;129792.jpg;166253.jpg
133382.jpg;124302.jpg;036384.jpg
070519.jpg;050211.jpg;029758.jpg
038696.jpg;037946.jpg;016857.jpg
192550.jpg;198103.jpg;127744.jpg
171258.jpg;176342.jpg;170900.jpg
023614.jpg;047108.jpg;001325.jpg
119157.jpg;053144.jpg;118582.jpg
181189.jpg;169058.jpg;141225.jpg
144344.jpg;039468.jpg;191882.jpg
169093.jpg;164440.jpg;181770.jpg
151359.jpg;024683.jpg;172426.jpg
066502.jpg;014367.jpg;006780.jpg
024212.jpg;002070.jpg;084353.jpg
178914.jpg;180693.jpg;094769.jpg
094486.jpg;097882.jpg;032958.jpg
012535.jpg;145064.jpg;064858.jpg
009117.jpg;054001.jpg;025139.jpg
028427.jpg;015348.jpg;037010.jpg
133759.jpg;067341.jpg;153877.jpg
061672.jpg;099952.jpg;198917.jpg
106007.jpg;007264.jpg;159921.jpg
002421.jpg;119274.jpg;181000.jpg
037661.jpg;033365.jpg;163337.jpg
146616.jpg;047313.jpg;143437.jpg
095134.jpg;044676.jpg;078602.jpg
159178.jpg;009758.jpg;149807.jpg
134565.jpg;135465.jpg;121300.jpg
007075.jpg;065020.jpg;200932.jpg
107747.jpg;024349.jpg;158493.jpg
008992.jpg;084741.jpg;077146.jpg
015398.jpg;133799.jpg;039840.jpg
194518.jpg;182783.jpg;193557.jpg
185065.jpg;191259.jpg;168201.jpg
191435.jpg;201751.jpg;044770.jpg
130337.jpg;108077.jpg;045795.jpg
106940.jpg;157550.jpg;113824.jpg
045532.jpg;042650.jpg;193403.jpg
141042.jpg;156100.jpg;141794.jpg
064971.jpg;056892.jpg;179174.jpg
003770.jpg;006479.jpg;192433.jpg
001559.jpg;048904.jpg;080147.jpg
142603.jpg;010471.jpg;115590.jpg
077337.jpg;087603.jpg;084626.jpg
008870.jpg;029471.jpg;092876.jpg
121468.jpg;123748.jpg;094376.jpg
015614.jpg;087402.jpg;067534.jpg
138969.jpg;045539.jpg;041597.jpg
092871.jpg;104855.jpg;139749.jpg
090458.jpg;015893.jpg;108338.jpg
022095.jpg;021600.jpg;110948.jpg
172369.jpg;163619.jpg;009483.jpg
029482.jpg;082385.jpg;147965.jpg
175291.jpg;168879.jpg;084249.jpg
164164.jpg;169690.jpg;034011.jpg
196182.jpg;194468.jpg;049732.jpg
027879.jpg;006236.jpg;116721.jpg
193654.jpg;201558.jpg;194009.jpg
072084.jpg;110221.jpg;015818.jpg
151217.jpg;004871.jpg;015944.jpg
091455.jpg;005524.jpg;169688.jpg
184836.jpg;190144.jpg;077871.jpg
173455.jpg;171319.jpg;063440.jpg
182289.jpg;180295.jpg;020370.jpg
107842.jpg;120375.jpg;133340.jpg
101765.jpg;009595.jpg;100602.jpg
025142.jpg;102969.jpg;064925.jpg
112932.jpg;113746.jpg;183596.jpg
101858.jpg;136585.jpg;110926.jpg
168868.jpg;170129.jpg;080758.jpg
082659.jpg;148490.jpg;151113.jpg
184294.jpg;202211.jpg;199265.jpg
161803.jpg;010411.jpg;147132.jpg
192851.jpg;186605.jpg;019008.jpg
187993.jpg;184877.jpg;058511.jpg
033468.jpg;134013.jpg;200165.jpg
084341.jpg;062752.jpg;181448.jpg
029178.jpg;128949.jpg;084677.jpg
087463.jpg;088223.jpg;078331.jpg
148755.jpg;058894.jpg;079574.jpg
084983.jpg;107431.jpg;193839.jpg
157738.jpg;077454.jpg;169954.jpg
018830.jpg;116351.jpg;027668.jpg
038940.jpg;020078.jpg;130482.jpg
053896.jpg;124390.jpg;113090.jpg
082344.jpg;021513.jpg;148560.jpg
176300.jpg;177546.jpg;198520.jpg
075536.jpg;043045.jpg;144912.jpg
139200.jpg;051439.jpg;074665.jpg
075017.jpg;027544.jpg;124823.jpg
142583.jpg;142216.jpg;182904.jpg
006020.jpg;047289.jpg;078099.jpg
016595.jpg;040126.jpg;058452.jpg
082676.jpg;093412.jpg;094781.jpg
172020.jpg;171604.jpg;027042.jpg
192782.jpg;191278.jpg;021138.jpg
191550.jpg;186545.jpg;124988.jpg
185283.jpg;200273.jpg;011273.jpg
050196.jpg;047473.jpg;108585.jpg
194458.jpg;195307.jpg;152427.jpg
099746.jpg;030485.jpg;104806.jpg
089521.jpg;128666.jpg;059645.jpg
155207.jpg;129286.jpg;152156.jpg
075132.jpg;085645.jpg;033470.jpg
149589.jpg;137739.jpg;108716.jpg
098193.jpg;072823.jpg;005792.jpg
018345.jpg;144922.jpg;166514.jpg
172431.jpg;177914.jpg;050688.jpg
015789.jpg;158151.jpg;133776.jpg
178856.jpg;170207.jpg;086978.jpg
149391.jpg;055840.jpg;174287.jpg
138463.jpg;144768.jpg;117218.jpg
133018.jpg;028385.jpg;129889.jpg
062024.jpg;084362.jpg;007644.jpg
196061.jpg;185475.jpg;189529.jpg
143511.jpg;056070.jpg;053124.jpg
141289.jpg;005810.jpg;011390.jpg
111826.jpg;018064.jpg;055661.jpg
018462.jpg;038218.jpg;118070.jpg
095368.jpg;093383.jpg;019351.jpg
017640.jpg;096049.jpg;089382.jpg
073065.jpg;075796.jpg;107797.jpg
155994.jpg;087424.jpg;129670.jpg
086569.jpg;094884.jpg;001870.jpg
041714.jpg;008960.jpg;055737.jpg
137275.jpg;089026.jpg;064662.jpg
154971.jpg;124701.jpg;074059.jpg
103190.jpg;048200.jpg;165091.jpg
053946.jpg;084711.jpg;119595.jpg
010499.jpg;090963.jpg;020974.jpg
030783.jpg;004445.jpg;000391.jpg
058754.jpg;140308.jpg;181463.jpg
033225.jpg;074237.jpg;129977.jpg
012622.jpg;140909.jpg;145930.jpg
149358.jpg;141927.jpg;091583.jpg
182324.jpg;167363.jpg;172436.jpg
069414.jpg;032540.jpg;014944.jpg
093456.jpg;013454.jpg;171382.jpg
055792.jpg;041062.jpg;116520.jpg
166206.jpg;167094.jpg;101961.jpg
120297.jpg;057828.jpg;067719.jpg
015756.jpg;035820.jpg;098045.jpg
081758.jpg;097672.jpg;186232.jpg
093142.jpg;021931.jpg;138169.jpg
029323.jpg;120208.jpg;156905.jpg
015062.jpg;020103.jpg;121804.jpg
198809.jpg;182995.jpg;056044.jpg
134688.jpg;049277.jpg;189353.jpg
013539.jpg;136581.jpg;162742.jpg
021286.jpg;050694.jpg;045727.jpg
142297.jpg;002109.jpg;122256.jpg
143765.jpg;098700.jpg;153522.jpg
150094.jpg;127736.jpg;145223.jpg
134395.jpg;064918.jpg;123074.jpg
047743.jpg;001866.jpg;182665.jpg
110834.jpg;142662.jpg;039591.jpg
151113.jpg;059830.jpg;054532.jpg
013409.jpg;066627.jpg;080689.jpg
083751.jpg;070554.jpg;112500.jpg
105294.jpg;089311.jpg;110682.jpg
057854.jpg;036186.jpg;118979.jpg
187784.jpg;202341.jpg;065331.jpg
051282.jpg;099329.jpg;088160.jpg
045656.jpg;113890.jpg;137973.jpg
059647.jpg;153526.jpg;103461.jpg
003144.jpg;062048.jpg;044615.jpg
153126.jpg;114245.jpg;084852.jpg
011749.jpg;133883.jpg;088493.jpg
015963.jpg;078592.jpg;011621.jpg
033562.jpg;051939.jpg;074780.jpg
201214.jpg;183138.jpg;159911.jpg
125394.jpg;061604.jpg;073184.jpg
084173.jpg;088108.jpg;181125.jpg
192193.jpg;188323.jpg;050679.jpg
047218.jpg;070938.jpg;126096.jpg
012554.jpg;098699.jpg;127697.jpg
156046.jpg;104794.jpg;132223.jpg
145494.jpg;160033.jpg;029329.jpg
111885.jpg;089984.jpg;159594.jpg
188104.jpg;187240.jpg;086002.jpg
110588.jpg;088959.jpg;070430.jpg
138652.jpg;014021.jpg;111553.jpg
085152.jpg;067621.jpg;125651.jpg
099923.jpg;074782.jpg;169820.jpg
109073.jpg;055919.jpg;109009.jpg
049236.jpg;073016.jpg;186173.jpg
074405.jpg;025918.jpg;076649.jpg
059312.jpg;014732.jpg;113725.jpg
060442.jpg;091179.jpg;136403.jpg
019796.jpg;040900.jpg;123594.jpg
188588.jpg;201273.jpg;050795.jpg
142036.jpg;046878.jpg;030749.jpg
102214.jpg;074357.jpg;041496.jpg
030384.jpg;052418.jpg;186647.jpg
131216.jpg;019057.jpg;111688.jpg
151611.jpg;026515.jpg;091666.jpg
011648.jpg;006402.jpg;031520.jpg
047858.jpg;130882.jpg;032767.jpg
119060.jpg;115881.jpg;060851.jpg
129929.jpg;066052.jpg;040348.jpg
045910.jpg;045799.jpg;066982.jpg
023863.jpg;052957.jpg;043909.jpg
073085.jpg;114610.jpg;069190.jpg
142432.jpg;084044.jpg;159752.jpg
031532.jpg;063106.jpg;030670.jpg
118136.jpg;042699.jpg;050726.jpg
195842.jpg;188206.jpg;183085.jpg
166630.jpg;178771.jpg;057120.jpg
037350.jpg;094026.jpg;150091.jpg
183179.jpg;183121.jpg;055112.jpg
042093.jpg;120932.jpg;073330.jpg
126458.jpg;110268.jpg;185660.jpg
004322.jpg;015757.jpg;069917.jpg
010469.jpg;019714.jpg;149457.jpg
140429.jpg;128624.jpg;188153.jpg
152902.jpg;136021.jpg;176876.jpg
036198.jpg;159914.jpg;042997.jpg
074986.jpg;121867.jpg;169146.jpg
155036.jpg;156865.jpg;160473.jpg
014013.jpg;051510.jpg;012644.jpg
155625.jpg;142980.jpg;004390.jpg
192708.jpg;193352.jpg;120844.jpg
083759.jpg;158937.jpg;043885.jpg
170652.jpg;175915.jpg;103643.jpg
202294.jpg;193334.jpg;080209.jpg
040330.jpg;049532.jpg;166452.jpg
184896.jpg;191366.jpg;056776.jpg
120090.jpg;131898.jpg;093647.jpg
139020.jpg;011295.jpg;104478.jpg
195471.jpg;184203.jpg;089496.jpg
061654.jpg;110952.jpg;189116.jpg
076160.jpg;032155.jpg;062374.jpg
198514.jpg;200772.jpg;048760.jpg
149502.jpg;112578.jpg;190168.jpg
020181.jpg;038064.jpg;007319.jpg
140164.jpg;085891.jpg;197632.jpg
163412.jpg;163999.jpg;120500.jpg
168016.jpg;169973.jpg;193520.jpg
130510.jpg;156669.jpg;084684.jpg
160771.jpg;027426.jpg;192811.jpg
132719.jpg;145150.jpg;168809.jpg
100487.jpg;095407.jpg;122258.jpg
014137.jpg;080193.jpg;089238.jpg
000480.jpg;117160.jpg;142277.jpg
096740.jpg;091338.jpg;052829.jpg
179531.jpg;169398.jpg;103248.jpg
085605.jpg;009148.jpg;179213.jpg
040848.jpg;050719.jpg;128424.jpg
044399.jpg;077121.jpg;045919.jpg
136783.jpg;153123.jpg;130472.jpg
049340.jpg;058754.jpg;055543.jpg
061441.jpg;146590.jpg;095356.jpg
160962.jpg;066928.jpg;179870.jpg
003362.jpg;013268.jpg;044145.jpg
198147.jpg;193864.jpg;035221.jpg
068074.jpg;070811.jpg;137756.jpg
142551.jpg;014447.jpg;167853.jpg
080963.jpg;135830.jpg;030792.jpg
142130.jpg;144243.jpg;199276.jpg
132542.jpg;145028.jpg;199778.jpg
083219.jpg;156455.jpg;113358.jpg
117146.jpg;050592.jpg;053518.jpg
108605.jpg;008167.jpg;089041.jpg
042882.jpg;015148.jpg;119224.jpg
043613.jpg;027667.jpg;177228.jpg
089544.jpg;015547.jpg;118281.jpg
027103.jpg;076838.jpg;106151.jpg
012570.jpg;055070.jpg;064690.jpg
106102.jpg;087418.jpg;123602.jpg
142290.jpg;005802.jpg;119419.jpg
085198.jpg;135334.jpg;020388.jpg
195513.jpg;200016.jpg;046343.jpg
151444.jpg;029151.jpg;089562.jpg
000901.jpg;078831.jpg;073566.jpg
061448.jpg;150900.jpg;197402.jpg
125360.jpg;080250.jpg;089249.jpg
053093.jpg;035334.jpg;006237.jpg
037123.jpg;100000.jpg;030420.jpg
124275.jpg;122808.jpg;153634.jpg
189051.jpg;183831.jpg;197455.jpg
058991.jpg;081658.jpg;019412.jpg
118711.jpg;124735.jpg;127393.jpg
029079.jpg;020459.jpg;190290.jpg
184042.jpg;183774.jpg;043035.jpg
146639.jpg;158302.jpg;140054.jpg
189558.jpg;191539.jpg;056331.jpg
085809.jpg;095620.jpg;081565.jpg
135350.jpg;036171.jpg;044783.jpg
073409.jpg;030251.jpg;013346.jpg
083668.jpg;141508.jpg;163626.jpg
044013.jpg;047162.jpg;062380.jpg
031512.jpg;103153.jpg;013192.jpg
035113.jpg;054182.jpg;049287.jpg
018237.jpg;101695.jpg;184822.jpg
132912.jpg;115862.jpg;146472.jpg
042480.jpg;031243.jpg;008084.jpg
019401.jpg;048366.jpg;186148.jpg
083369.jpg;039008.jpg;199111.jpg
162886.jpg;178825.jpg;186192.jpg
037398.jpg;104951.jpg;134396.jpg
127632.jpg;130594.jpg;030388.jpg
035119.jpg;044933.jpg;088813.jpg
004999.jpg;147093.jpg;054671.jpg
061850.jpg;060226.jpg;188844.jpg
163977.jpg;169904.jpg;177317.jpg
201571.jpg;192148.jpg;089940.jpg
180529.jpg;170440.jpg;134420.jpg
012267.jpg;098220.jpg;200600.jpg
077417.jpg;000073.jpg;188216.jpg
065969.jpg;039606.jpg;198422.jpg
101113.jpg;053058.jpg;029360.jpg
175673.jpg;165620.jpg;005926.jpg
080531.jpg;048495.jpg;165107.jpg
008237.jpg;137251.jpg;095832.jpg
042948.jpg;093279.jpg;138505.jpg
180945.jpg;173957.jpg;107475.jpg
140315.jpg;093705.jpg;091805.jpg
195950.jpg;186780.jpg;075647.jpg
174459.jpg;164947.jpg;111442.jpg
108631.jpg;007494.jpg;149956.jpg
125816.jpg;054992.jpg;013655.jpg
172459.jpg;165600.jpg;164147.jpg
061642.jpg;039977.jpg;118415.jpg
056920.jpg;154094.jpg;138897.jpg
199312.jpg;202001.jpg;060924.jpg
077592.jpg;121791.jpg;138129.jpg
066717.jpg;113041.jpg;034664.jpg
186650.jpg;199894.jpg;053526.jpg
120976.jpg;117757.jpg;061881.jpg
151862.jpg;084913.jpg;190428.jpg
169922.jpg;182023.jpg;043615.jpg
127414.jpg;140194.jpg;055935.jpg
064774.jpg;130901.jpg;006935.jpg
047317.jpg;100459.jpg;077531.jpg
023203.jpg;114371.jpg;076850.jpg
067412.jpg;044516.jpg;114253.jpg
115574.jpg;138448.jpg;113881.jpg
156771.jpg;015902.jpg;103149.jpg
049882.jpg;061485.jpg;075361.jpg
127915.jpg;137364.jpg;014168.jpg
173857.jpg;164525.jpg;026568.jpg
085143.jpg;087040.jpg;004764.jpg
061892.jpg;024382.jpg;147731.jpg
037127.jpg;064937.jpg;023579.jpg
054836.jpg;131328.jpg;200464.jpg
136432.jpg;044825.jpg;088804.jpg
034314.jpg;107242.jpg;050417.jpg
145082.jpg;006200.jpg;003217.jpg
184643.jpg;188600.jpg;000649.jpg
175576.jpg;180401.jpg;153537.jpg
129983.jpg;096406.jpg;085396.jpg
165357.jpg;168952.jpg;160988.jpg
092225.jpg;108817.jpg;162621.jpg
154170.jpg;135050.jpg;080606.jpg
037483.jpg;023411.jpg;148883.jpg
159748.jpg;077212.jpg;162278.jpg
038262.jpg;016138.jpg;059696.jpg
138404.jpg;031328.jpg;157413.jpg
171890.jpg;168733.jpg;018077.jpg
101894.jpg;108913.jpg;018246.jpg
147859.jpg;032767.jpg;080272.jpg
159749.jpg;091881.jpg;138292.jpg
124503.jpg;038175.jpg;173875.jpg
168039.jpg;163422.jpg;086197.jpg
126558.jpg;158850.jpg;035286.jpg
169695.jpg;166512.jpg;067573.jpg
092552.jpg;088982.jpg;191004.jpg
030503.jpg;047585.jpg;135920.jpg
152380.jpg;060925.jpg;065326.jpg
193340.jpg;183929.jpg;028669.jpg
024090.jpg;114802.jpg;178209.jpg
057902.jpg;098515.jpg;123081.jpg
157622.jpg;058904.jpg;142968.jpg
194939.jpg;191214.jpg;138406.jpg
010843.jpg;087326.jpg;024400.jpg
159358.jpg;128364.jpg;141589.jpg
154102.jpg;095201.jpg;166934.jpg
091184.jpg;136876.jpg;138790.jpg
198533.jpg;195177.jpg;064694.jpg
023966.jpg;024096.jpg;202486.jpg
041691.jpg;103342.jpg;172856.jpg
174136.jpg;180435.jpg;070865.jpg
102728.jpg;085410.jpg;152514.jpg
033084.jpg;076410.jpg;086182.jpg
043139.jpg;090557.jpg;087957.jpg
043903.jpg;020049.jpg;086042.jpg
169724.jpg;171586.jpg;163695.jpg
095302.jpg;023616.jpg;116547.jpg
174260.jpg;179367.jpg;155952.jpg
060742.jpg;077157.jpg;118505.jpg
000074.jpg;039438.jpg;031662.jpg
134519.jpg;020065.jpg;106582.jpg
019278.jpg;114905.jpg;097717.jpg
121432.jpg;073283.jpg;023506.jpg
165382.jpg;182222.jpg;135521.jpg
105937.jpg;026342.jpg;079650.jpg
016551.jpg;073782.jpg;072353.jpg
006603.jpg;147459.jpg;171718.jpg
012665.jpg;072349.jpg;165730.jpg
005655.jpg;106767.jpg;153681.jpg
070172.jpg;134542.jpg;115035.jpg
023766.jpg;092750.jpg;061779.jpg
020168.jpg;147151.jpg;035200.jpg
032962.jpg;008922.jpg;085901.jpg
095958.jpg;046798.jpg;163532.jpg
040872.jpg;094225.jpg;088544.jpg
064475.jpg;081596.jpg;107290.jpg
081368.jpg;053374.jpg;133978.jpg
122864.jpg;099706.jpg;008531.jpg
133089.jpg;136755.jpg;138283.jpg
184619.jpg;183488.jpg;090571.jpg
140966.jpg;005355.jpg;027986.jpg
116998.jpg;100665.jpg;182236.jpg
184934.jpg;199503.jpg;131477.jpg
042608.jpg;035700.jpg;097436.jpg
022769.jpg;078257.jpg;155332.jpg
057118.jpg;102394.jpg;026595.jpg
063007.jpg;122830.jpg;162253.jpg
012059.jpg;011076.jpg;140350.jpg
166773.jpg;181422.jpg;151451.jpg
099936.jpg;074541.jpg;090069.jpg
135117.jpg;090465.jpg;080754.jpg
201732.jpg;194820.jpg;110476.jpg
017166.jpg;022009.jpg;040952.jpg
136094.jpg;092591.jpg;129561.jpg
156878.jpg;044860.jpg;001056.jpg
192098.jpg;195108.jpg;116076.jpg
168326.jpg;177757.jpg;124429.jpg
094760.jpg;141270.jpg;028325.jpg
075324.jpg;123025.jpg;145254.jpg
094704.jpg;156422.jpg;113492.jpg
097863.jpg;071368.jpg;127588.jpg
189770.jpg;185682.jpg;053237.jpg
148243.jpg;124747.jpg;182091.jpg
063508.jpg;049943.jpg;054359.jpg
070425.jpg;017302.jpg;080689.jpg
070465.jpg;102062.jpg;070610.jpg
073366.jpg;006225.jpg;085436.jpg
200412.jpg;188463.jpg;031652.jpg
115819.jpg;149879.jpg;016992.jpg
017239.jpg;009972.jpg;133383.jpg
065709.jpg;044079.jpg;149690.jpg
186683.jpg;184094.jpg;081128.jpg
174976.jpg;178753.jpg;113867.jpg
065716.jpg;019075.jpg;074270.jpg
002690.jpg;087770.jpg;193960.jpg
169925.jpg;164334.jpg;108678.jpg
028251.jpg;103595.jpg;033882.jpg
068755.jpg;053090.jpg;069079.jpg
103224.jpg;049573.jpg;073157.jpg
201445.jpg;192326.jpg;098139.jpg
060705.jpg;057069.jpg;193485.jpg
139879.jpg;155788.jpg;032403.jpg
133082.jpg;014692.jpg;110061.jpg
126736.jpg;053457.jpg;145765.jpg
051720.jpg;121632.jpg;048007.jpg
178289.jpg;175615.jpg;007290.jpg
148015.jpg;107211.jpg;149335.jpg
170849.jpg;167395.jpg;181038.jpg
123631.jpg;120765.jpg;041991.jpg
163067.jpg;171932.jpg;032592.jpg
120277.jpg;097273.jpg;018560.jpg
167515.jpg;173360.jpg;033533.jpg
022078.jpg;144457.jpg;019990.jpg
115021.jpg;076128.jpg;118848.jpg
074685.jpg;072649.jpg;185341.jpg
069556.jpg;070673.jpg;017176.jpg
006012.jpg;091878.jpg;068211.jpg
027766.jpg;010000.jpg;150366.jpg
027181.jpg;072079.jpg;184443.jpg
080109.jpg;088932.jpg;126626.jpg
092535.jpg;155606.jpg;060344.jpg
165864.jpg;182208.jpg;165762.jpg
137231.jpg;158682.jpg;103217.jpg
004023.jpg;084868.jpg;076077.jpg
015444.jpg;006485.jpg;140696.jpg
093524.jpg;143121.jpg;059753.jpg
091015.jpg;116964.jpg;103759.jpg
196965.jpg;190762.jpg;105807.jpg
038797.jpg;070115.jpg;080511.jpg
059958.jpg;090385.jpg;108100.jpg
191720.jpg;193308.jpg;178361.jpg
001461.jpg;068125.jpg;068129.jpg
047723.jpg;137087.jpg;000875.jpg
160812.jpg;040075.jpg;155696.jpg
183985.jpg;187339.jpg;067526.jpg
136232.jpg;116333.jpg;169045.jpg
030794.jpg;072008.jpg;093708.jpg
175855.jpg;166512.jpg;016828.jpg
027905.jpg;078071.jpg;200135.jpg
006121.jpg;146161.jpg;071272.jpg
145406.jpg;028604.jpg;062012.jpg
051774.jpg;143946.jpg;050540.jpg
200278.jpg;183760.jpg;081290.jpg
026076.jpg;079556.jpg;112717.jpg
158865.jpg;142931.jpg;005769.jpg
068350.jpg;106716.jpg;027465.jpg
070893.jpg;073622.jpg;143386.jpg
139521.jpg;006414.jpg;096225.jpg
129656.jpg;044798.jpg;031976.jpg
111623.jpg;089236.jpg;020878.jpg
065621.jpg;154071.jpg;051107.jpg
186488.jpg;195260.jpg;168206.jpg
033443.jpg;052804.jpg;074553.jpg
042338.jpg;146822.jpg;000385.jpg
075625.jpg;149126.jpg;114106.jpg
087497.jpg;116849.jpg;110438.jpg
191092.jpg;191533.jpg;098037.jpg
133361.jpg;029790.jpg;109953.jpg
092456.jpg;103043.jpg;062260.jpg
016145.jpg;056175.jpg;198312.jpg
143440.jpg;108927.jpg;179529.jpg
067337.jpg;032392.jpg;181790.jpg
042890.jpg;008343.jpg;072306.jpg
112972.jpg;125180.jpg;180805.jpg
058814.jpg;029701.jpg;184752.jpg
158940.jpg;157646.jpg;163273.jpg
110097.jpg;071691.jpg;086479.jpg
005303.jpg;017231.jpg;163983.jpg
040641.jpg;082870.jpg;111797.jpg
116044.jpg;137696.jpg;124744.jpg
000633.jpg;134394.jpg;180831.jpg
002424.jpg;040535.jpg;141316.jpg
149961.jpg;030579.jpg;013510.jpg
018184.jpg;071174.jpg;199420.jpg
089233.jpg;014742.jpg;085131.jpg
165203.jpg;172749.jpg;171853.jpg
135317.jpg;079646.jpg;064942.jpg
021416.jpg;102630.jpg;134148.jpg
058080.jpg;031025.jpg;033490.jpg
160627.jpg;019329.jpg;059854.jpg
084960.jpg;068393.jpg;067461.jpg
115049.jpg;160288.jpg;117550.jpg
132871.jpg;004480.jpg;046641.jpg
061939.jpg;048476.jpg;050226.jpg
180002.jpg;175372.jpg;140379.jpg
052992.jpg;082192.jpg;079851.jpg
104297.jpg;077517.jpg;144306.jpg
037874.jpg;129683.jpg;164062.jpg
043906.jpg;071915.jpg;017766.jpg
156085.jpg;016644.jpg;115099.jpg
080796.jpg;043969.jpg;063524.jpg
117134.jpg;012987.jpg;050809.jpg
016848.jpg;080212.jpg;030838.jpg
026934.jpg;104117.jpg;116403.jpg
084071.jpg;132164.jpg;153620.jpg
022627.jpg;009947.jpg;118698.jpg
193817.jpg;191026.jpg;076592.jpg
101408.jpg;082743.jpg;099291.jpg
173753.jpg;181920.jpg;176028.jpg
080302.jpg;054806.jpg;099291.jpg
001198.jpg;122100.jpg;000786.jpg
004388.jpg;087322.jpg;080131.jpg
013620.jpg;033673.jpg;161647.jpg
059513.jpg;131844.jpg;189698.jpg
064420.jpg;151293.jpg;000415.jpg
122036.jpg;075232.jpg;127033.jpg
106314.jpg;082648.jpg;106449.jpg
087131.jpg;115336.jpg;038705.jpg
036657.jpg;066124.jpg;083041.jpg
058348.jpg;040002.jpg;039838.jpg
084117.jpg;080367.jpg;017824.jpg
064269.jpg;062367.jpg;196622.jpg
069013.jpg;048644.jpg;004046.jpg
134093.jpg;128531.jpg;095818.jpg
171625.jpg;178945.jpg;060445.jpg
015811.jpg;098621.jpg;164508.jpg
191259.jpg;188029.jpg;129398.jpg
179540.jpg;176059.jpg;144675.jpg
034364.jpg;071118.jpg;024915.jpg
092282.jpg;038544.jpg;069038.jpg
042555.jpg;092508.jpg;115288.jpg
047118.jpg;094313.jpg;116974.jpg
059584.jpg;139890.jpg;152861.jpg
158659.jpg;028425.jpg;153399.jpg
124135.jpg;034937.jpg;054231.jpg
158438.jpg;082210.jpg;056319.jpg
202174.jpg;184734.jpg;197289.jpg
071503.jpg;042317.jpg;109457.jpg
046730.jpg;130172.jpg;137717.jpg
132863.jpg;015955.jpg;078217.jpg
187994.jpg;186052.jpg;036234.jpg
129336.jpg;126231.jpg;163706.jpg
101612.jpg;124505.jpg;124533.jpg
165029.jpg;173338.jpg;047277.jpg
101921.jpg;006083.jpg;142262.jpg
194937.jpg;189697.jpg;201760.jpg
110911.jpg;019390.jpg;121960.jpg
040270.jpg;151626.jpg;179923.jpg
052210.jpg;112943.jpg;032114.jpg
121534.jpg;125021.jpg;042084.jpg
065048.jpg;111396.jpg;052058.jpg
009599.jpg;111108.jpg;058647.jpg
109656.jpg;090297.jpg;050640.jpg
035707.jpg;147533.jpg;110451.jpg
201424.jpg;200593.jpg;043180.jpg
091056.jpg;064856.jpg;192558.jpg
118398.jpg;034501.jpg;026501.jpg
078876.jpg;085002.jpg;048443.jpg
000809.jpg;057608.jpg;033996.jpg
015224.jpg;013768.jpg;145622.jpg
169414.jpg;164123.jpg;135796.jpg
109414.jpg;056286.jpg;073937.jpg
088042.jpg;002342.jpg;125537.jpg
159158.jpg;054547.jpg;091338.jpg
166894.jpg;166046.jpg;085649.jpg
061262.jpg;047670.jpg;090722.jpg
123569.jpg;101704.jpg;173397.jpg
195622.jpg;193159.jpg;029777.jpg
113605.jpg;090894.jpg;172425.jpg
001033.jpg;012361.jpg;193652.jpg
011462.jpg;139264.jpg;122104.jpg
022423.jpg;131265.jpg;068170.jpg
032887.jpg;141586.jpg;093359.jpg
056367.jpg;088726.jpg;104222.jpg
061907.jpg;140493.jpg;166096.jpg
026360.jpg;029218.jpg;099095.jpg
009010.jpg;104628.jpg;116004.jpg
084260.jpg;039517.jpg;164461.jpg
084438.jpg;026565.jpg;072961.jpg
022347.jpg;090004.jpg;099224.jpg
113270.jpg;026648.jpg;181242.jpg
163183.jpg;173365.jpg;180817.jpg
076595.jpg;108152.jpg;118395.jpg
025275.jpg;023543.jpg;119744.jpg
180910.jpg;177388.jpg;108182.jpg
146432.jpg;113708.jpg;195722.jpg
149747.jpg;116948.jpg;095346.jpg
047330.jpg;060508.jpg;141922.jpg
125434.jpg;026870.jpg;026766.jpg
099400.jpg;014668.jpg;056517.jpg
117241.jpg;089256.jpg;182099.jpg
142339.jpg;020819.jpg;011295.jpg
087143.jpg;045822.jpg;173727.jpg
017266.jpg;095267.jpg;072303.jpg
100774.jpg;030791.jpg;180417.jpg
083523.jpg;067820.jpg;080435.jpg
181928.jpg;169760.jpg;169879.jpg
036003.jpg;058343.jpg;080722.jpg
108241.jpg;098944.jpg;035393.jpg
114242.jpg;059739.jpg;074339.jpg
075064.jpg;013980.jpg;028378.jpg
134189.jpg;038502.jpg;137947.jpg
070696.jpg;120037.jpg;073627.jpg
133124.jpg;093464.jpg;189829.jpg
125704.jpg;075993.jpg;097827.jpg
145881.jpg;019978.jpg;100146.jpg
197984.jpg;186951.jpg;118429.jpg
145691.jpg;110360.jpg;086244.jpg
134365.jpg;070520.jpg;190900.jpg
125856.jpg;148868.jpg;176143.jpg
097587.jpg;100195.jpg;173061.jpg
170602.jpg;163143.jpg;009447.jpg
015305.jpg;015112.jpg;200019.jpg
075335.jpg;029785.jpg;059852.jpg
031527.jpg;031912.jpg;041516.jpg
122536.jpg;017352.jpg;112829.jpg
016397.jpg;117291.jpg;123186.jpg
055162.jpg;041415.jpg;189831.jpg
130251.jpg;082667.jpg;168590.jpg
044184.jpg;117554.jpg;149648.jpg
103104.jpg;132205.jpg;070519.jpg
036357.jpg;013860.jpg;024475.jpg
169058.jpg;164943.jpg;135995.jpg
003268.jpg;014817.jpg;032460.jpg
110515.jpg;092691.jpg;028885.jpg
016567.jpg;007757.jpg;145469.jpg
032554.jpg;112141.jpg;092386.jpg
068988.jpg;109761.jpg;108924.jpg
039996.jpg;009344.jpg;132456.jpg
128207.jpg;161718.jpg;197968.jpg
001777.jpg;002379.jpg;107494.jpg
114945.jpg;094245.jpg;070733.jpg
009593.jpg;042219.jpg;166778.jpg
088028.jpg;025030.jpg;003445.jpg
133974.jpg;008664.jpg;124247.jpg
038305.jpg;054910.jpg;049621.jpg
036989.jpg;055974.jpg;015803.jpg
013505.jpg;027354.jpg;129263.jpg
028997.jpg;143204.jpg;055167.jpg
047738.jpg;099936.jpg;186582.jpg
010172.jpg;055893.jpg;108158.jpg
156307.jpg;086737.jpg;079052.jpg
198415.jpg;188736.jpg;107031.jpg
147797.jpg;037199.jpg;192008.jpg
065013.jpg;158533.jpg;120929.jpg
090538.jpg;023819.jpg;143850.jpg
140432.jpg;048330.jpg;186316.jpg
170386.jpg;173930.jpg;062191.jpg
040648.jpg;009128.jpg;114029.jpg
164027.jpg;180598.jpg;144134.jpg
036923.jpg;147100.jpg;107652.jpg
116129.jpg;045645.jpg;032568.jpg
062658.jpg;047133.jpg;169638.jpg
146598.jpg;062643.jpg;022407.jpg
125230.jpg;061045.jpg;105762.jpg
091871.jpg;021855.jpg;106898.jpg
099631.jpg;095925.jpg;103453.jpg
144202.jpg;106531.jpg;095168.jpg
098262.jpg;039430.jpg;100162.jpg
196849.jpg;199809.jpg;180917.jpg
161146.jpg;024258.jpg;109321.jpg
015361.jpg;026303.jpg;011911.jpg
036060.jpg;093517.jpg;159754.jpg
192039.jpg;198095.jpg;169374.jpg
156660.jpg;112543.jpg;076391.jpg
065793.jpg;110615.jpg;162928.jpg
133506.jpg;111629.jpg;004985.jpg
144510.jpg;074099.jpg;125385.jpg
085515.jpg;076681.jpg;161391.jpg
147890.jpg;094631.jpg;167422.jpg
067827.jpg;059960.jpg;027893.jpg
115835.jpg;060176.jpg;123168.jpg
188929.jpg;199516.jpg;158449.jpg
048170.jpg;044807.jpg;021637.jpg
162177.jpg;027710.jpg;004821.jpg
025117.jpg;034450.jpg;076219.jpg
100032.jpg;041706.jpg;028107.jpg
156652.jpg;021762.jpg;092655.jpg
148089.jpg;101721.jpg;161970.jpg
170575.jpg;170563.jpg;163474.jpg
145045.jpg;071937.jpg;196909.jpg
108764.jpg;083137.jpg;153889.jpg
089493.jpg;066740.jpg;183527.jpg
142579.jpg;148157.jpg;031335.jpg
126938.jpg;026174.jpg;091846.jpg
047731.jpg;108431.jpg;131503.jpg
155145.jpg;127010.jpg;072997.jpg
069499.jpg;054506.jpg;093283.jpg
123318.jpg;064342.jpg;134758.jpg
042827.jpg;060821.jpg;099731.jpg
176874.jpg;182585.jpg;002873.jpg
051994.jpg;149386.jpg;064844.jpg
200440.jpg;183329.jpg;039826.jpg
121842.jpg;153991.jpg;184209.jpg
185480.jpg;185542.jpg;034714.jpg
180502.jpg;167961.jpg;109635.jpg
048303.jpg;135653.jpg;052112.jpg
048121.jpg;109965.jpg;159251.jpg
165152.jpg;171717.jpg;072901.jpg
176200.jpg;174350.jpg;019509.jpg
170639.jpg;170559.jpg;069950.jpg
062277.jpg;124628.jpg;044812.jpg
095513.jpg;124542.jpg;200408.jpg
102282.jpg;127265.jpg;079602.jpg
121362.jpg;043353.jpg;063626.jpg
102665.jpg;050497.jpg;054277.jpg
022301.jpg;118286.jpg;130679.jpg
179503.jpg;169188.jpg;053529.jpg
072022.jpg;003482.jpg;071035.jpg
148795.jpg;056076.jpg;116690.jpg
100762.jpg;092898.jpg;201769.jpg
045858.jpg;082744.jpg;185245.jpg
023616.jpg;110914.jpg;065588.jpg
174500.jpg;174697.jpg;127808.jpg
149317.jpg;065533.jpg;178645.jpg
040913.jpg;009143.jpg;079177.jpg
079131.jpg;161853.jpg;154988.jpg
110961.jpg;159491.jpg;165448.jpg
070048.jpg;099619.jpg;119900.jpg
082578.jpg;098437.jpg;155612.jpg
139352.jpg;065786.jpg;128277.jpg
013467.jpg;120904.jpg;069100.jpg
117150.jpg;111433.jpg;026426.jpg
190231.jpg;183693.jpg;090123.jpg
102453.jpg;055035.jpg;018914.jpg
039401.jpg;000759.jpg;101021.jpg
110358.jpg;157982.jpg;088520.jpg
152190.jpg;135313.jpg;144978.jpg
011539.jpg;036760.jpg;159069.jpg
042481.jpg;137211.jpg;182843.jpg
168815.jpg;171168.jpg;034836.jpg
043331.jpg;011511.jpg;115065.jpg
163435.jpg;177343.jpg;192304.jpg
172831.jpg;169326.jpg;149276.jpg
155734.jpg;034294.jpg;023550.jpg
095011.jpg;085818.jpg;001271.jpg
098493.jpg;150860.jpg;144856.jpg
008041.jpg;072657.jpg;190498.jpg
085730.jpg;030175.jpg;103532.jpg
195865.jpg;188143.jpg;020067.jpg
026838.jpg;053222.jpg;171877.jpg
080481.jpg;000756.jpg;132595.jpg
033964.jpg;118759.jpg;180719.jpg
026574.jpg;040415.jpg;022394.jpg
138632.jpg;140328.jpg;026726.jpg
133203.jpg;074755.jpg;045854.jpg
087450.jpg;012281.jpg;179566.jpg
112899.jpg;126826.jpg;156764.jpg
077255.jpg;083651.jpg;076891.jpg
169010.jpg;171264.jpg;148967.jpg
053031.jpg;144979.jpg;084050.jpg
127471.jpg;087583.jpg;104606.jpg
009184.jpg;142693.jpg;028283.jpg
146031.jpg;059361.jpg;125964.jpg
146184.jpg;121352.jpg;077065.jpg
078818.jpg;032903.jpg;096629.jpg
017093.jpg;079533.jpg;057678.jpg
010528.jpg;101540.jpg;151744.jpg
139122.jpg;029847.jpg;154191.jpg
035351.jpg;041724.jpg;150404.jpg
153418.jpg;043051.jpg;111875.jpg
134125.jpg;049935.jpg;191549.jpg
121102.jpg;098743.jpg;045175.jpg
023462.jpg;074317.jpg;042944.jpg
163054.jpg;178448.jpg;199628.jpg
052480.jpg;045253.jpg;090876.jpg
100473.jpg;160016.jpg;083708.jpg
040984.jpg;002731.jpg;165718.jpg
115337.jpg;086555.jpg;063885.jpg
145129.jpg;148448.jpg;019742.jpg
186603.jpg;201595.jpg;066558.jpg
102667.jpg;074769.jpg;072963.jpg
196386.jpg;195956.jpg;098712.jpg
077340.jpg;011358.jpg;162468.jpg
065822.jpg;160702.jpg;069900.jpg
066171.jpg;134797.jpg;020983.jpg
167024.jpg;167203.jpg;092403.jpg
124497.jpg;035980.jpg;080798.jpg
158035.jpg;145719.jpg;136239.jpg
041235.jpg;041538.jpg;169731.jpg
185004.jpg;189443.jpg;046990.jpg
069788.jpg;106548.jpg;039432.jpg
041720.jpg;054243.jpg;086107.jpg
141381.jpg;001692.jpg;165401.jpg
023834.jpg;114935.jpg;023640.jpg
041293.jpg;095360.jpg;040975.jpg
013576.jpg;023892.jpg;089258.jpg
117228.jpg;116001.jpg;141363.jpg
091177.jpg;108563.jpg;095316.jpg
192066.jpg;187364.jpg;065542.jpg
159680.jpg;145532.jpg;009072.jpg
200126.jpg;195804.jpg;140312.jpg
041133.jpg;146305.jpg;193448.jpg
157900.jpg;116448.jpg;019404.jpg
122062.jpg;020072.jpg;090272.jpg
059707.jpg;156002.jpg;171492.jpg
154998.jpg;064054.jpg;059849.jpg
106422.jpg;107373.jpg;072299.jpg
044169.jpg;105334.jpg;146260.jpg
075580.jpg;119318.jpg;168870.jpg
066584.jpg;035610.jpg;048111.jpg
094035.jpg;050494.jpg;123034.jpg
150469.jpg;063394.jpg;002167.jpg
166063.jpg;176701.jpg;150522.jpg
061194.jpg;129081.jpg;076119.jpg
018468.jpg;034525.jpg;177751.jpg
040320.jpg;102603.jpg;139689.jpg
009461.jpg;063473.jpg;072233.jpg
182376.jpg;176738.jpg;024150.jpg
055978.jpg;067993.jpg;120715.jpg
060910.jpg;020712.jpg;190703.jpg
092917.jpg;027660.jpg;198817.jpg
042937.jpg;095168.jpg;194115.jpg
175951.jpg;179215.jpg;154219.jpg
136165.jpg;085719.jpg;153666.jpg
142852.jpg;083703.jpg;021968.jpg
124878.jpg;112141.jpg;083001.jpg
103058.jpg;089530.jpg;019350.jpg
040156.jpg;047776.jpg;143088.jpg
149811.jpg;027039.jpg;033631.jpg
139804.jpg;155622.jpg;010152.jpg
121729.jpg;083944.jpg;139815.jpg
037258.jpg;059643.jpg;168209.jpg
036813.jpg;021179.jpg;198796.jpg
022412.jpg;129133.jpg;078900.jpg
143829.jpg;012873.jpg;185111.jpg
155206.jpg;093263.jpg;076716.jpg
071812.jpg;042663.jpg;119402.jpg
176785.jpg;164898.jpg;057577.jpg
123277.jpg;149585.jpg;023592.jpg
015020.jpg;032827.jpg;183725.jpg
076915.jpg;047973.jpg;084721.jpg
171871.jpg;165773.jpg;031900.jpg
200817.jpg;190015.jpg;046646.jpg
035775.jpg;011335.jpg;006842.jpg
031586.jpg;092928.jpg;050205.jpg
124164.jpg;018185.jpg;083866.jpg
024503.jpg;124988.jpg;090420.jpg
185659.jpg;183225.jpg;157712.jpg
012705.jpg;152263.jpg;106716.jpg
080683.jpg;109469.jpg;169109.jpg
113195.jpg;033777.jpg;130154.jpg
169079.jpg;182053.jpg;201726.jpg
030078.jpg;021598.jpg;061457.jpg
167425.jpg;172047.jpg;036490.jpg
115552.jpg;123484.jpg;194955.jpg
022919.jpg;110455.jpg;020018.jpg
038477.jpg;046614.jpg;116490.jpg
083744.jpg;099834.jpg;121008.jpg
014771.jpg;011594.jpg;020363.jpg
026380.jpg;027812.jpg;137460.jpg
139727.jpg;050956.jpg;037254.jpg
084602.jpg;150625.jpg;018067.jpg
156493.jpg;158481.jpg;157174.jpg
093253.jpg;049166.jpg;154781.jpg
062698.jpg;005499.jpg;200326.jpg
082977.jpg;156524.jpg;202521.jpg
011812.jpg;049145.jpg;084680.jpg
029268.jpg;024725.jpg;191314.jpg
055084.jpg;120358.jpg;052960.jpg
109912.jpg;012488.jpg;202081.jpg
182908.jpg;193404.jpg;065512.jpg
055241.jpg;128823.jpg;143695.jpg
014538.jpg;005881.jpg;157103.jpg
047940.jpg;040779.jpg;050203.jpg
035701.jpg;053744.jpg;058139.jpg
122192.jpg;049660.jpg;092680.jpg
151942.jpg;018229.jpg;166410.jpg
190875.jpg;184473.jpg;010917.jpg
027687.jpg;002111.jpg;155664.jpg
117542.jpg;162717.jpg;154753.jpg
024200.jpg;082274.jpg;119156.jpg
178217.jpg;167038.jpg;054007.jpg
135845.jpg;121427.jpg;023262.jpg
025754.jpg;032581.jpg;073133.jpg
053346.jpg;161478.jpg;079203.jpg
035900.jpg;159951.jpg;194549.jpg
053409.jpg;152438.jpg;175337.jpg
115096.jpg;016705.jpg;072025.jpg
143148.jpg;157464.jpg;076118.jpg
133297.jpg;056578.jpg;073743.jpg
126407.jpg;051211.jpg;131763.jpg
158577.jpg;009610.jpg;190730.jpg
144997.jpg;138844.jpg;040791.jpg
027984.jpg;014079.jpg;140009.jpg
114701.jpg;147806.jpg;068704.jpg
195236.jpg;201066.jpg;026862.jpg
069986.jpg;121631.jpg;199079.jpg
171830.jpg;163263.jpg;193492.jpg
089876.jpg;154173.jpg;133480.jpg
196862.jpg;197894.jpg;100336.jpg
084397.jpg;106165.jpg;145159.jpg
010772.jpg;036144.jpg;176844.jpg
065263.jpg;033374.jpg;038145.jpg
060180.jpg;020873.jpg;083700.jpg
038399.jpg;144780.jpg;104012.jpg
096873.jpg;100224.jpg;109065.jpg
015825.jpg;036142.jpg;158408.jpg
099221.jpg;107742.jpg;056752.jpg
074323.jpg;141371.jpg;086752.jpg
038766.jpg;112981.jpg;020206.jpg
110694.jpg;071046.jpg;174840.jpg
151610.jpg;122672.jpg;078743.jpg
169330.jpg;169449.jpg;193634.jpg
086870.jpg;102371.jpg;088249.jpg
182571.jpg;167741.jpg;180923.jpg
007760.jpg;143841.jpg;145753.jpg
119050.jpg;149093.jpg;051766.jpg
126650.jpg;102487.jpg;024006.jpg
122760.jpg;025982.jpg;089157.jpg
063016.jpg;050985.jpg;183254.jpg
069413.jpg;051491.jpg;002046.jpg
067826.jpg;030057.jpg;141390.jpg
050998.jpg;071727.jpg;075965.jpg
077874.jpg;134772.jpg;140117.jpg
170708.jpg;169384.jpg;081683.jpg
115348.jpg;159989.jpg;119227.jpg
085729.jpg;018429.jpg;156922.jpg
113797.jpg;128199.jpg;183144.jpg
108285.jpg;131189.jpg;175092.jpg
029303.jpg;069191.jpg;168998.jpg
017605.jpg;012851.jpg;192874.jpg
170684.jpg;176614.jpg;054354.jpg
119677.jpg;151022.jpg;184834.jpg
099646.jpg;016054.jpg;170563.jpg
192226.jpg;196456.jpg;189662.jpg
154895.jpg;144748.jpg;058109.jpg
092650.jpg;002743.jpg;177079.jpg
095226.jpg;025501.jpg;198516.jpg
046193.jpg;044793.jpg;010250.jpg
072257.jpg;013805.jpg;117157.jpg
011628.jpg;075774.jpg;078598.jpg
171596.jpg;164566.jpg;119791.jpg
189378.jpg;184107.jpg;016481.jpg
181178.jpg;181301.jpg;007384.jpg
101845.jpg;059607.jpg;017519.jpg
194758.jpg;187566.jpg;164186.jpg
085713.jpg;106905.jpg;159400.jpg
107103.jpg;036567.jpg;063589.jpg
030405.jpg;097562.jpg;047185.jpg
101975.jpg;064027.jpg;034164.jpg
190684.jpg;184772.jpg;169975.jpg
094139.jpg;051508.jpg;010508.jpg
114346.jpg;147610.jpg;049845.jpg
083525.jpg;010634.jpg;044105.jpg
023547.jpg;160311.jpg;051181.jpg
097706.jpg;127924.jpg;121830.jpg
036260.jpg;114490.jpg;035917.jpg
096038.jpg;049741.jpg;196632.jpg
169489.jpg;180843.jpg;106248.jpg
009799.jpg;045952.jpg;142690.jpg
198519.jpg;199110.jpg;056072.jpg
069977.jpg;084715.jpg;180185.jpg
169474.jpg;164827.jpg;196481.jpg
191203.jpg;184825.jpg;132490.jpg
162562.jpg;028771.jpg;177417.jpg
115112.jpg;155391.jpg;090016.jpg
188414.jpg;185984.jpg;095902.jpg
165072.jpg;162877.jpg;076076.jpg
044226.jpg;094090.jpg;093309.jpg
011918.jpg;020430.jpg;183374.jpg
102291.jpg;042956.jpg;067319.jpg
178682.jpg;168789.jpg;045624.jpg
041561.jpg;145304.jpg;065390.jpg
178303.jpg;166160.jpg;200059.jpg
110305.jpg;153453.jpg;176899.jpg
123005.jpg;065599.jpg;196014.jpg
111041.jpg;052648.jpg;137026.jpg
174568.jpg;167475.jpg;009489.jpg
119909.jpg;026081.jpg;102377.jpg
171972.jpg;175405.jpg;180466.jpg
058820.jpg;083060.jpg;179640.jpg
155058.jpg;152729.jpg;022207.jpg
071091.jpg;059546.jpg;132714.jpg
194401.jpg;191704.jpg;200072.jpg
018249.jpg;100740.jpg;136150.jpg
072346.jpg;104415.jpg;081659.jpg
082665.jpg;072786.jpg;071999.jpg
164522.jpg;164785.jpg;086222.jpg
085717.jpg;133881.jpg;144977.jpg
142126.jpg;110776.jpg;109113.jpg
197610.jpg;186607.jpg;168545.jpg
025002.jpg;153361.jpg;048122.jpg
196359.jpg;199486.jpg;178640.jpg
182704.jpg;188677.jpg;125331.jpg
112901.jpg;122190.jpg;041655.jpg
150968.jpg;050901.jpg;148005.jpg
138472.jpg;148266.jpg;101382.jpg
115816.jpg;053668.jpg;060152.jpg
118392.jpg;021927.jpg;183650.jpg
032927.jpg;084607.jpg;195380.jpg
009727.jpg;066493.jpg;195921.jpg
001216.jpg;067035.jpg;087267.jpg
196318.jpg;185979.jpg;081627.jpg
158202.jpg;118506.jpg;133790.jpg
034603.jpg;153256.jpg;103016.jpg
199968.jpg;192022.jpg;049994.jpg
077322.jpg;135269.jpg;154646.jpg
023787.jpg;148980.jpg;087372.jpg
141204.jpg;014944.jpg;160257.jpg
014077.jpg;049482.jpg;175820.jpg
096362.jpg;120435.jpg;047411.jpg
064838.jpg;145146.jpg;002417.jpg
115422.jpg;139123.jpg;133930.jpg
113435.jpg;119344.jpg;071601.jpg
005346.jpg;162243.jpg;185239.jpg
087281.jpg;083809.jpg;133825.jpg
110107.jpg;034133.jpg;202112.jpg
125651.jpg;032338.jpg;054951.jpg
069003.jpg;140687.jpg;112502.jpg
202377.jpg;192030.jpg;111789.jpg
171863.jpg;176257.jpg;096871.jpg
082184.jpg;106563.jpg;085003.jpg
034895.jpg;091036.jpg;013507.jpg
098658.jpg;139482.jpg;139637.jpg
061548.jpg;096242.jpg;179324.jpg
150992.jpg;153918.jpg;072538.jpg
108626.jpg;112186.jpg;021745.jpg
171678.jpg;178764.jpg;114284.jpg
191203.jpg;184750.jpg;096329.jpg
062887.jpg;040684.jpg;003667.jpg
134716.jpg;136898.jpg;095651.jpg
085401.jpg;092716.jpg;151964.jpg
040873.jpg;121502.jpg;026921.jpg
007311.jpg;002515.jpg;014770.jpg
141585.jpg;123751.jpg;075893.jpg
109157.jpg;135010.jpg;150527.jpg
140452.jpg;032305.jpg;110581.jpg
017776.jpg;046690.jpg;105524.jpg
196112.jpg;182803.jpg;008162.jpg
060930.jpg;122936.jpg;002994.jpg
091142.jpg;041622.jpg;125728.jpg
169238.jpg;164846.jpg;073487.jpg
030288.jpg;075447.jpg;090471.jpg
098558.jpg;021161.jpg;075417.jpg
154010.jpg;012101.jpg;185418.jpg
092014.jpg;021394.jpg;015095.jpg
118879.jpg;016131.jpg;095353.jpg
052901.jpg;036712.jpg;025585.jpg
004506.jpg;023004.jpg;172518.jpg
157187.jpg;134105.jpg;117719.jpg
051270.jpg;045174.jpg;192124.jpg
076996.jpg;014957.jpg;142665.jpg
126799.jpg;003025.jpg;158153.jpg
167963.jpg;163916.jpg;010250.jpg
095926.jpg;157184.jpg;037134.jpg
049308.jpg;043888.jpg;065258.jpg
101755.jpg;025209.jpg;169700.jpg
099232.jpg;153165.jpg;185796.jpg
101816.jpg;021838.jpg;056732.jpg
164615.jpg;171627.jpg;201492.jpg
200209.jpg;202590.jpg;170633.jpg
052486.jpg;156923.jpg;086193.jpg
000312.jpg;136389.jpg;132767.jpg
011550.jpg;101283.jpg;000100.jpg
042702.jpg;055888.jpg;094563.jpg
008103.jpg;020001.jpg;107251.jpg
036586.jpg;095884.jpg;010711.jpg
142953.jpg;071184.jpg;161672.jpg
197904.jpg;194892.jpg;078691.jpg
069206.jpg;049558.jpg;137860.jpg
075318.jpg;096689.jpg;059047.jpg
080051.jpg;150962.jpg;068386.jpg
159141.jpg;145014.jpg;186711.jpg
097007.jpg;158172.jpg;121261.jpg
004528.jpg;002992.jpg;167574.jpg
102004.jpg;074372.jpg;012020.jpg
034203.jpg;014501.jpg;088794.jpg
008085.jpg;058004.jpg;176246.jpg
145180.jpg;093274.jpg;076694.jpg
157772.jpg;049762.jpg;053338.jpg
011203.jpg;058516.jpg;030481.jpg
181374.jpg;173952.jpg;166556.jpg
169655.jpg;181448.jpg;015207.jpg
078350.jpg;103753.jpg;153516.jpg
075011.jpg;066708.jpg;053083.jpg
002906.jpg;138966.jpg;033721.jpg
193180.jpg;190363.jpg;036991.jpg
166879.jpg;171551.jpg;076682.jpg
136799.jpg;080546.jpg;202537.jpg
017977.jpg;127721.jpg;153082.jpg
092835.jpg;061629.jpg;099914.jpg
060187.jpg;011853.jpg;126085.jpg
102045.jpg;057179.jpg;016937.jpg
054017.jpg;074568.jpg;021592.jpg
128786.jpg;010154.jpg;139197.jpg
016034.jpg;155892.jpg;022833.jpg
130181.jpg;010942.jpg;050340.jpg
133605.jpg;004919.jpg;061558.jpg
037468.jpg;072912.jpg;157862.jpg
019965.jpg;107742.jpg;126802.jpg
100078.jpg;160844.jpg;003384.jpg
131621.jpg;157800.jpg;066190.jpg
012669.jpg;075424.jpg;019710.jpg
093643.jpg;133953.jpg;029400.jpg
002098.jpg;145548.jpg;073836.jpg
196205.jpg;193538.jpg;029566.jpg
049530.jpg;032539.jpg;151205.jpg
057865.jpg;035159.jpg;173909.jpg
011320.jpg;118374.jpg;131451.jpg
181237.jpg;168651.jpg;028133.jpg
055907.jpg;057534.jpg;177588.jpg
170069.jpg;164245.jpg;049718.jpg
010454.jpg;049077.jpg;130683.jpg
154511.jpg;015976.jpg;139185.jpg
037879.jpg;027323.jpg;035733.jpg
112822.jpg;137308.jpg;090354.jpg
092692.jpg;070455.jpg;061183.jpg
148839.jpg;053248.jpg;163597.jpg
078718.jpg;048559.jpg;088097.jpg
108200.jpg;061316.jpg;076642.jpg
088387.jpg;135581.jpg;179012.jpg
201035.jpg;194354.jpg;170659.jpg
124435.jpg;130184.jpg;124784.jpg
199216.jpg;185537.jpg;185288.jpg
196174.jpg;197853.jpg;070679.jpg
123195.jpg;035039.jpg;138484.jpg
163609.jpg;182407.jpg;028716.jpg
068791.jpg;105946.jpg;051352.jpg
061125.jpg;079449.jpg;177181.jpg
141717.jpg;041636.jpg;156745.jpg
079440.jpg;063807.jpg;130378.jpg
043758.jpg;161868.jpg;014932.jpg
102927.jpg;098251.jpg;050159.jpg
002845.jpg;127686.jpg;196180.jpg
037808.jpg;162063.jpg;081723.jpg
063039.jpg;077330.jpg;137087.jpg
051713.jpg;128880.jpg;180102.jpg
007130.jpg;049008.jpg;109498.jpg
157642.jpg;132412.jpg;099751.jpg
020325.jpg;082172.jpg;200263.jpg
085942.jpg;128520.jpg;117727.jpg
117397.jpg;141051.jpg;035141.jpg
107973.jpg;140393.jpg;124623.jpg
037789.jpg;016247.jpg;028878.jpg
150357.jpg;019830.jpg;182170.jpg
127546.jpg;117704.jpg;098178.jpg
169551.jpg;175387.jpg;057098.jpg
123725.jpg;046105.jpg;013742.jpg
180081.jpg;167433.jpg;043592.jpg
106124.jpg;005963.jpg;062681.jpg
093357.jpg;041050.jpg;107428.jpg
200857.jpg;192085.jpg;167137.jpg
067343.jpg;079960.jpg;021472.jpg
177203.jpg;166876.jpg;036814.jpg
140600.jpg;142112.jpg;076705.jpg
043785.jpg;070631.jpg;187029.jpg
047325.jpg;137914.jpg;005664.jpg
104921.jpg;115177.jpg;196449.jpg
019900.jpg;115866.jpg;132823.jpg
142281.jpg;158290.jpg;196634.jpg
094409.jpg;002742.jpg;137966.jpg
074837.jpg;005019.jpg;026488.jpg
089615.jpg;068930.jpg;082673.jpg
022104.jpg;064406.jpg;113292.jpg
075008.jpg;065719.jpg;160221.jpg
063314.jpg;156045.jpg;165097.jpg
071543.jpg;027294.jpg;015917.jpg
176916.jpg;178462.jpg;068437.jpg
173435.jpg;178832.jpg;136557.jpg
188961.jpg;197948.jpg;109292.jpg
097630.jpg;046084.jpg;012749.jpg
178903.jpg;167169.jpg;171280.jpg
044209.jpg;049348.jpg;173931.jpg
031503.jpg;148393.jpg;025320.jpg
144942.jpg;015139.jpg;054803.jpg
103268.jpg;007055.jpg;141750.jpg
023918.jpg;043668.jpg;110046.jpg
168622.jpg;163629.jpg;184982.jpg
090234.jpg;142187.jpg;088053.jpg
014083.jpg;071688.jpg;147959.jpg
010659.jpg;140560.jpg;048793.jpg
045123.jpg;107376.jpg;113898.jpg
051850.jpg;147197.jpg;099188.jpg
086443.jpg;020178.jpg;020456.jpg
119403.jpg;133631.jpg;017157.jpg
061151.jpg;042235.jpg;060909.jpg
048808.jpg;059931.jpg;033940.jpg
062884.jpg;015838.jpg;199495.jpg
152418.jpg;047538.jpg;070856.jpg
040857.jpg;101925.jpg;145193.jpg
047196.jpg;151659.jpg;147230.jpg
062537.jpg;001343.jpg;154572.jpg
132594.jpg;149829.jpg;055658.jpg
028760.jpg;063603.jpg;111559.jpg
083081.jpg;049031.jpg;085522.jpg
177867.jpg;179824.jpg;109066.jpg
002536.jpg;030004.jpg;189375.jpg
041471.jpg;119859.jpg;194050.jpg
013957.jpg;155471.jpg;136462.jpg
135614.jpg;149411.jpg;038236.jpg
132902.jpg;126838.jpg;071894.jpg
148830.jpg;053781.jpg;086448.jpg
046903.jpg;050498.jpg;099305.jpg
145706.jpg;053068.jpg;153205.jpg
001914.jpg;010774.jpg;016671.jpg
152607.jpg;087801.jpg;067446.jpg
052364.jpg;002440.jpg;123955.jpg
134062.jpg;057503.jpg;050096.jpg
042460.jpg;101792.jpg;189990.jpg
049619.jpg;140176.jpg;101587.jpg
190508.jpg;199043.jpg;159669.jpg
119381.jpg;142319.jpg;015240.jpg
032811.jpg;089166.jpg;183578.jpg
167860.jpg;175609.jpg;018812.jpg
076132.jpg;099826.jpg;189810.jpg
198688.jpg;188138.jpg;156359.jpg
109226.jpg;076203.jpg;116752.jpg
032564.jpg;025391.jpg;009614.jpg
115803.jpg;064745.jpg;064596.jpg
088169.jpg;017251.jpg;141264.jpg
096833.jpg;100101.jpg;151279.jpg
063333.jpg;036802.jpg;054458.jpg
063220.jpg;000529.jpg;084130.jpg
065578.jpg;086921.jpg;054525.jpg
024095.jpg;136088.jpg;037323.jpg
084008.jpg;021056.jpg;176303.jpg
166466.jpg;169922.jpg;032561.jpg
006982.jpg;109575.jpg;035796.jpg
111754.jpg;006775.jpg;158827.jpg
094015.jpg;042341.jpg;035348.jpg
106412.jpg;034241.jpg;130739.jpg
065001.jpg;005618.jpg;066635.jpg
169355.jpg;172087.jpg;049269.jpg
004150.jpg;134995.jpg;001381.jpg
169460.jpg;181815.jpg;190290.jpg
127902.jpg;158138.jpg;048280.jpg
066688.jpg;031565.jpg;117458.jpg
064850.jpg;152924.jpg;100248.jpg
182490.jpg;164060.jpg;000166.jpg
164416.jpg;169759.jpg;190018.jpg
129465.jpg;042900.jpg;197752.jpg
024943.jpg;125559.jpg;094302.jpg
146241.jpg;139945.jpg;031098.jpg
033684.jpg;132101.jpg;041904.jpg
070388.jpg;106489.jpg;072969.jpg
175950.jpg;173350.jpg;034450.jpg
016534.jpg;001523.jpg;130142.jpg
101801.jpg;158215.jpg;079291.jpg
150274.jpg;036790.jpg;035971.jpg
146814.jpg;100377.jpg;128620.jpg
106218.jpg;111531.jpg;186243.jpg
087605.jpg;063409.jpg;045296.jpg
136445.jpg;127975.jpg;016562.jpg
202161.jpg;185242.jpg;019342.jpg
105967.jpg;054954.jpg;032525.jpg
142180.jpg;103209.jpg;127176.jpg
096540.jpg;155661.jpg;069123.jpg
131934.jpg;111364.jpg;089950.jpg
033022.jpg;028741.jpg;139140.jpg
116597.jpg;158051.jpg;089599.jpg
077162.jpg;117290.jpg;060191.jpg
151139.jpg;001987.jpg;113668.jpg
092601.jpg;158903.jpg;138489.jpg
018718.jpg;098392.jpg;153106.jpg
155109.jpg;013848.jpg;013326.jpg
108942.jpg;149769.jpg;091375.jpg
011217.jpg;037090.jpg;085868.jpg
040800.jpg;094546.jpg;144141.jpg
097537.jpg;158475.jpg;104769.jpg
171670.jpg;171946.jpg;158182.jpg
101476.jpg;038764.jpg;181340.jpg
090317.jpg;118028.jpg;180331.jpg
146003.jpg;077740.jpg;000284.jpg
142235.jpg;069041.jpg;051631.jpg
071174.jpg;127916.jpg;179820.jpg
073199.jpg;148912.jpg;034815.jpg
087119.jpg;064626.jpg;149809.jpg
074787.jpg;023001.jpg;052444.jpg
116103.jpg;066925.jpg;143635.jpg
061659.jpg;119979.jpg;041435.jpg
020592.jpg;077646.jpg;144042.jpg
089140.jpg;073170.jpg;017566.jpg
135656.jpg;038441.jpg;194593.jpg
077987.jpg;152026.jpg;155335.jpg
052654.jpg;110817.jpg;003287.jpg
171875.jpg;180585.jpg;081666.jpg
119267.jpg;154973.jpg;184446.jpg
134331.jpg;047736.jpg;184733.jpg
076265.jpg;052562.jpg;061540.jpg
085048.jpg;084666.jpg;047375.jpg
133300.jpg;021398.jpg;074752.jpg
133571.jpg;105671.jpg;174141.jpg
134565.jpg;051217.jpg;039989.jpg
076484.jpg;035314.jpg;161631.jpg
191467.jpg;194442.jpg;080080.jpg
015693.jpg;052459.jpg;084526.jpg
058749.jpg;000291.jpg;147189.jpg
035889.jpg;030756.jpg;183313.jpg
119750.jpg;066082.jpg;077867.jpg
022375.jpg;156301.jpg;181633.jpg
196164.jpg;194808.jpg;170229.jpg
111688.jpg;088093.jpg;050748.jpg
003732.jpg;097693.jpg;139293.jpg
184785.jpg;183741.jpg;012155.jpg
028783.jpg;146921.jpg;177386.jpg
006568.jpg;027422.jpg;185201.jpg
054353.jpg;021360.jpg;084464.jpg
014997.jpg;042356.jpg;160854.jpg
067957.jpg;131178.jpg;123273.jpg
194695.jpg;201813.jpg;100020.jpg
013138.jpg;042048.jpg;040312.jpg
101946.jpg;052349.jpg;189542.jpg
159528.jpg;039158.jpg;176678.jpg
087405.jpg;074019.jpg;084326.jpg
046312.jpg;076440.jpg;063529.jpg
138176.jpg;031611.jpg;163972.jpg
186699.jpg;199854.jpg;195049.jpg
128134.jpg;064926.jpg;122515.jpg
017085.jpg;154730.jpg;154825.jpg
023565.jpg;141841.jpg;127377.jpg
129939.jpg;107105.jpg;024689.jpg
050807.jpg;095985.jpg;157968.jpg
072880.jpg;106537.jpg;193833.jpg
079517.jpg;008546.jpg;024674.jpg
061116.jpg;021849.jpg;124218.jpg
039419.jpg;042696.jpg;045587.jpg
151112.jpg;023735.jpg;173189.jpg
182786.jpg;191843.jpg;105866.jpg
105598.jpg;069102.jpg;194673.jpg
202142.jpg;199910.jpg;067014.jpg
142231.jpg;024559.jpg;058929.jpg
173306.jpg;171115.jpg;140085.jpg
078765.jpg;150770.jpg;161539.jpg
158025.jpg;020867.jpg;064620.jpg
041812.jpg;048742.jpg;101483.jpg
130094.jpg;100930.jpg;177579.jpg
028474.jpg;098520.jpg;110529.jpg
153290.jpg;031113.jpg;064302.jpg
092372.jpg;017595.jpg;004682.jpg
163415.jpg;180187.jpg;063504.jpg
060195.jpg;097421.jpg;102955.jpg
082712.jpg;149028.jpg;115047.jpg
010788.jpg;016777.jpg;179173.jpg
189053.jpg;187487.jpg;177849.jpg
071942.jpg;127673.jpg;176104.jpg
119523.jpg;159498.jpg;091127.jpg
069131.jpg;011182.jpg;181491.jpg
069855.jpg;147948.jpg;129813.jpg
185436.jpg;200905.jpg;164204.jpg
163861.jpg;163787.jpg;033844.jpg
016821.jpg;061298.jpg;177879.jpg
035236.jpg;028749.jpg;042295.jpg
092820.jpg;063253.jpg;137253.jpg
145129.jpg;047671.jpg;161134.jpg
044919.jpg;013979.jpg;186240.jpg
056017.jpg;112001.jpg;067834.jpg
065577.jpg;119717.jpg;066921.jpg
074851.jpg;143746.jpg;040428.jpg
030591.jpg;053746.jpg;104482.jpg
027304.jpg;101447.jpg;115016.jpg
150710.jpg;145351.jpg;036655.jpg
033867.jpg;160239.jpg;157668.jpg
171901.jpg;167271.jpg;144560.jpg
150228.jpg;026902.jpg;085856.jpg
140673.jpg;050194.jpg;157769.jpg
047457.jpg;116704.jpg;061124.jpg
098860.jpg;103405.jpg;000204.jpg
096324.jpg;018062.jpg;052417.jpg
194177.jpg;194791.jpg;005709.jpg
095244.jpg;000011.jpg;066983.jpg
071310.jpg;074436.jpg;049698.jpg
062888.jpg;024151.jpg;103150.jpg
035892.jpg;009556.jpg;098796.jpg
157096.jpg;038696.jpg;199915.jpg
202278.jpg;188723.jpg;087755.jpg
021718.jpg;080117.jpg;083736.jpg
187375.jpg;190233.jpg;042539.jpg
022630.jpg;124318.jpg;069831.jpg
156675.jpg;146787.jpg;009422.jpg
039167.jpg;140883.jpg;106115.jpg
026837.jpg;158580.jpg;181758.jpg
030595.jpg;015470.jpg;046151.jpg
199225.jpg;192633.jpg;111492.jpg
049267.jpg;003488.jpg;111235.jpg
038846.jpg;102506.jpg;026492.jpg
174693.jpg;168003.jpg;004678.jpg
164997.jpg;166023.jpg;095772.jpg
135372.jpg;143202.jpg;025435.jpg
032009.jpg;023827.jpg;009774.jpg
036980.jpg;066319.jpg;163890.jpg
055913.jpg;145947.jpg;006500.jpg
031004.jpg;018988.jpg;025587.jpg
011100.jpg;016667.jpg;114506.jpg
025935.jpg;150260.jpg;031787.jpg
103210.jpg;146627.jpg;067388.jpg
093708.jpg;006358.jpg;016817.jpg
159662.jpg;084692.jpg;145337.jpg
127546.jpg;071404.jpg;091343.jpg
049900.jpg;103646.jpg;027005.jpg
119041.jpg;102981.jpg;009875.jpg
051691.jpg;102241.jpg;188600.jpg
135129.jpg;018752.jpg;036402.jpg
191640.jpg;189923.jpg;144532.jpg
152616.jpg;085293.jpg;165844.jpg
112961.jpg;118982.jpg;010523.jpg
122096.jpg;016445.jpg;098899.jpg
141021.jpg;117127.jpg;199861.jpg
090514.jpg;026950.jpg;174787.jpg
104394.jpg;138258.jpg;062098.jpg
015176.jpg;063707.jpg;158733.jpg
176909.jpg;175379.jpg;033069.jpg
116454.jpg;126503.jpg;028811.jpg
068361.jpg;138295.jpg;138553.jpg
157495.jpg;157540.jpg;122235.jpg
101794.jpg;107575.jpg;142604.jpg
158874.jpg;121521.jpg;093634.jpg
159421.jpg;141886.jpg;022471.jpg
195842.jpg;194630.jpg;039795.jpg
196957.jpg;194650.jpg;164210.jpg
039873.jpg;128381.jpg;012021.jpg
080073.jpg;089607.jpg;038754.jpg
095593.jpg;064542.jpg;054117.jpg
167703.jpg;176281.jpg;018031.jpg
153115.jpg;051422.jpg;100045.jpg
046076.jpg;052719.jpg;072849.jpg
038380.jpg;137025.jpg;176219.jpg
176517.jpg;166936.jpg;202081.jpg
177712.jpg;178443.jpg;046097.jpg
054754.jpg;112262.jpg;001682.jpg
192954.jpg;196377.jpg;061402.jpg
089979.jpg;012116.jpg;059357.jpg
141807.jpg;148002.jpg;048460.jpg
084349.jpg;098158.jpg;040129.jpg
048660.jpg;055710.jpg;142597.jpg
036231.jpg;103670.jpg;096442.jpg
134023.jpg;097753.jpg;076320.jpg
141139.jpg;003948.jpg;094564.jpg
005079.jpg;006294.jpg;069089.jpg
153820.jpg;058537.jpg;034364.jpg
151112.jpg;110470.jpg;089112.jpg
165618.jpg;168215.jpg;093039.jpg
179027.jpg;168951.jpg;063734.jpg
047948.jpg;117884.jpg;105730.jpg
084833.jpg;045907.jpg;090508.jpg
180620.jpg;172731.jpg;161191.jpg
065713.jpg;103540.jpg;186175.jpg
051982.jpg;051503.jpg;199480.jpg
197198.jpg;184718.jpg;194273.jpg
086996.jpg;002776.jpg;152430.jpg
200368.jpg;187098.jpg;089616.jpg
187056.jpg;188879.jpg;199583.jpg
061226.jpg;155422.jpg;171888.jpg
197218.jpg;185786.jpg;003032.jpg
062951.jpg;010495.jpg;110717.jpg
163919.jpg;178683.jpg;052490.jpg
103008.jpg;161952.jpg;124561.jpg
084710.jpg;065893.jpg;106318.jpg
202181.jpg;184716.jpg;065081.jpg
184668.jpg;195513.jpg;152496.jpg
120758.jpg;139774.jpg;112468.jpg
039511.jpg;002879.jpg;029886.jpg
103011.jpg;081965.jpg;103900.jpg
161557.jpg;061388.jpg;143925.jpg
167225.jpg;181247.jpg;186154.jpg
175044.jpg;174229.jpg;001668.jpg
120942.jpg;002212.jpg;124971.jpg
058482.jpg;059628.jpg;105154.jpg
018214.jpg;144237.jpg;056699.jpg
157608.jpg;077300.jpg;059820.jpg
080281.jpg;031158.jpg;095380.jpg
182668.jpg;196694.jpg;131140.jpg
066446.jpg;109646.jpg;061956.jpg
074022.jpg;161111.jpg;091217.jpg
177691.jpg;182634.jpg;114179.jpg
038230.jpg;026192.jpg;003055.jpg
151609.jpg;074711.jpg;078982.jpg
142946.jpg;138251.jpg;188413.jpg
178477.jpg;171108.jpg;085068.jpg
141752.jpg;080308.jpg;127241.jpg
023377.jpg;094098.jpg;081467.jpg
051075.jpg;086955.jpg;152318.jpg
049487.jpg;083904.jpg;086342.jpg
057165.jpg;132788.jpg;117700.jpg
101881.jpg;036275.jpg;009297.jpg
163918.jpg;182401.jpg;007197.jpg
190052.jpg;198232.jpg;178708.jpg
186576.jpg;199351.jpg;167650.jpg
066056.jpg;101343.jpg;162433.jpg
134565.jpg;073263.jpg;179192.jpg
023753.jpg;038338.jpg;112546.jpg
098934.jpg;150041.jpg;012372.jpg
025139.jpg;029724.jpg;153095.jpg
051380.jpg;003098.jpg;012725.jpg
092099.jpg;000195.jpg;036279.jpg
137190.jpg;135329.jpg;101032.jpg
039535.jpg;012979.jpg;074209.jpg
187662.jpg;196199.jpg;152668.jpg
034322.jpg;044526.jpg;059503.jpg
073153.jpg;110668.jpg;158574.jpg
147771.jpg;079111.jpg;134517.jpg
036168.jpg;112077.jpg;044311.jpg
144696.jpg;052756.jpg;180955.jpg
001837.jpg;075375.jpg;130408.jpg
169264.jpg;173557.jpg;063801.jpg
052767.jpg;152479.jpg;153446.jpg
170906.jpg;177761.jpg;168580.jpg
198959.jpg;186647.jpg;186408.jpg
150774.jpg;055736.jpg;119816.jpg
071009.jpg;106351.jpg;050293.jpg
182691.jpg;188166.jpg;145861.jpg
125362.jpg;041812.jpg;042090.jpg
121815.jpg;153101.jpg;148794.jpg
126659.jpg;131742.jpg;122695.jpg
110515.jpg;161544.jpg;131121.jpg
105151.jpg;061449.jpg;161929.jpg
047994.jpg;094580.jpg;033305.jpg
128891.jpg;130035.jpg;165453.jpg
106340.jpg;104326.jpg;062730.jpg
127005.jpg;107172.jpg;117943.jpg
043952.jpg;045806.jpg;190301.jpg
168455.jpg;176172.jpg;051399.jpg
095871.jpg;068213.jpg;143669.jpg
068360.jpg;134153.jpg;093110.jpg
189492.jpg;192179.jpg;012643.jpg
114804.jpg;003211.jpg;132461.jpg
133702.jpg;002593.jpg;187016.jpg
160683.jpg;154810.jpg;030206.jpg
049876.jpg;094960.jpg;022806.jpg
122615.jpg;103236.jpg;153738.jpg
049911.jpg;101014.jpg;188168.jpg
006838.jpg;017904.jpg;134878.jpg
186763.jpg;183942.jpg;163982.jpg
030885.jpg;045902.jpg;011405.jpg
120357.jpg;082697.jpg;138528.jpg
147425.jpg;118868.jpg;132761.jpg
056156.jpg;120256.jpg;112068.jpg
066668.jpg;107930.jpg;050116.jpg
101107.jpg;028272.jpg;032796.jpg
104815.jpg;138186.jpg;099345.jpg
033538.jpg;110987.jpg;012995.jpg
113907.jpg;005149.jpg;136146.jpg
196527.jpg;192387.jpg;091200.jpg
026960.jpg;015168.jpg;147475.jpg
061910.jpg;011765.jpg;058346.jpg
126026.jpg;149113.jpg;017424.jpg
115224.jpg;085951.jpg;038380.jpg
175172.jpg;182164.jpg;171084.jpg
152610.jpg;120391.jpg;099579.jpg
045086.jpg;091508.jpg;143902.jpg
110033.jpg;065840.jpg;005027.jpg
024947.jpg;022092.jpg;155109.jpg
202494.jpg;200928.jpg;103764.jpg
119376.jpg;059531.jpg;134332.jpg
035968.jpg;091319.jpg;121548.jpg
045287.jpg;069939.jpg;012528.jpg
058035.jpg;041684.jpg;003945.jpg
022439.jpg;107230.jpg;051103.jpg
179254.jpg;174238.jpg;003575.jpg
028047.jpg;149080.jpg;066864.jpg
116477.jpg;113631.jpg;020251.jpg
072582.jpg;044085.jpg;057760.jpg
051483.jpg;036260.jpg;087960.jpg
095794.jpg;041536.jpg;082641.jpg
093115.jpg;160185.jpg;012049.jpg
010866.jpg;076101.jpg;157186.jpg
113159.jpg;056875.jpg;155603.jpg
166843.jpg;177874.jpg;196866.jpg
057996.jpg;101928.jpg;058266.jpg
031847.jpg;100811.jpg;024694.jpg
095781.jpg;124554.jpg;170230.jpg
200282.jpg;192604.jpg;074305.jpg
075179.jpg;134786.jpg;189385.jpg
093246.jpg;025849.jpg;148421.jpg
166530.jpg;181011.jpg;191096.jpg
022107.jpg;002861.jpg;046679.jpg
113580.jpg;018982.jpg;052517.jpg
019339.jpg;078616.jpg;196666.jpg
102574.jpg;142238.jpg;036923.jpg
009295.jpg;085768.jpg;060967.jpg
135271.jpg;047631.jpg;072118.jpg
003263.jpg;030321.jpg;040980.jpg
185740.jpg;192619.jpg;014161.jpg
011634.jpg;073461.jpg;074586.jpg
026069.jpg;109371.jpg;138025.jpg
059941.jpg;037500.jpg;122118.jpg
107303.jpg;159228.jpg;012087.jpg
159912.jpg;025984.jpg;083348.jpg
000206.jpg;127324.jpg;012870.jpg
148482.jpg;007816.jpg;094748.jpg
035201.jpg;160269.jpg;058687.jpg
003160.jpg;026595.jpg;108676.jpg
070232.jpg;078422.jpg;119348.jpg
114163.jpg;118921.jpg;107296.jpg
184481.jpg;187569.jpg;114513.jpg
173661.jpg;176485.jpg;004168.jpg
051835.jpg;151407.jpg;155170.jpg
186222.jpg;194766.jpg;089975.jpg
085162.jpg;057121.jpg;132717.jpg
124607.jpg;112112.jpg;116905.jpg
084407.jpg;120214.jpg;127226.jpg
154342.jpg;082065.jpg;164508.jpg
152206.jpg;019078.jpg;037893.jpg
174145.jpg;181279.jpg;118411.jpg
168610.jpg;176305.jpg;113979.jpg
029110.jpg;046291.jpg;142701.jpg
198354.jpg;186277.jpg;037687.jpg
119371.jpg;159228.jpg;172243.jpg
060263.jpg;159614.jpg;163996.jpg
036167.jpg;122587.jpg;013482.jpg
039996.jpg;105850.jpg;094525.jpg
177314.jpg;180454.jpg;077214.jpg
019123.jpg;125551.jpg;198178.jpg
141724.jpg;088627.jpg;023078.jpg
192222.jpg;185199.jpg;043379.jpg
121158.jpg;124835.jpg;037374.jpg
177144.jpg;175810.jpg;124605.jpg
170492.jpg;175382.jpg;095698.jpg
087127.jpg;142414.jpg;161811.jpg
173712.jpg;177267.jpg;131395.jpg
055866.jpg;077387.jpg;113966.jpg
068727.jpg;034513.jpg;017542.jpg
065508.jpg;031483.jpg;188269.jpg
148830.jpg;055080.jpg;077054.jpg
086800.jpg;019702.jpg;070842.jpg
173548.jpg;169175.jpg;130473.jpg
155907.jpg;079074.jpg;188758.jpg
081113.jpg;128761.jpg;153797.jpg
167138.jpg;175580.jpg;068943.jpg
154658.jpg;139354.jpg;022242.jpg
070552.jpg;040977.jpg;122803.jpg
156350.jpg;078433.jpg;094678.jpg
044843.jpg;095432.jpg;129107.jpg
031939.jpg;026820.jpg;053888.jpg
026909.jpg;065953.jpg;180711.jpg
020851.jpg;044462.jpg;192400.jpg
178821.jpg;162798.jpg;050893.jpg
068188.jpg;031099.jpg;112356.jpg
201785.jpg;191560.jpg;035157.jpg
104890.jpg;120020.jpg;158256.jpg
131058.jpg;062208.jpg;003679.jpg
040847.jpg;074554.jpg;095602.jpg
097331.jpg;162643.jpg;030827.jpg
078860.jpg;157515.jpg;029822.jpg
051626.jpg;091598.jpg;120812.jpg
013200.jpg;061466.jpg;044026.jpg
042460.jpg;058091.jpg;089176.jpg
017783.jpg;126557.jpg;166432.jpg
102211.jpg;050322.jpg;032576.jpg
125436.jpg;069542.jpg;143074.jpg
031444.jpg;066574.jpg;074434.jpg
068433.jpg;081993.jpg;151968.jpg
039306.jpg;099742.jpg;110476.jpg
060553.jpg;123116.jpg;098550.jpg
080335.jpg;160834.jpg;104378.jpg
151276.jpg;122256.jpg;171301.jpg
143489.jpg;123136.jpg;150556.jpg
111150.jpg;089484.jpg;181288.jpg
128333.jpg;029980.jpg;084020.jpg
055871.jpg;150880.jpg;201573.jpg
154291.jpg;010604.jpg;187266.jpg
188072.jpg;189263.jpg;113527.jpg
125786.jpg;021692.jpg;021352.jpg
056581.jpg;044242.jpg;033051.jpg
038390.jpg;095448.jpg;135258.jpg
126389.jpg;010078.jpg;181165.jpg
153507.jpg;156818.jpg;028678.jpg
105661.jpg;093685.jpg;146964.jpg
008931.jpg;128353.jpg;169732.jpg
168005.jpg;174293.jpg;160659.jpg
095778.jpg;141942.jpg;200632.jpg
104363.jpg;059798.jpg;055953.jpg
056388.jpg;119158.jpg;015001.jpg
195721.jpg;202399.jpg;140938.jpg
182319.jpg;167501.jpg;065637.jpg
089821.jpg;140166.jpg;136760.jpg
139244.jpg;108554.jpg;082908.jpg
171096.jpg;165285.jpg;128653.jpg
156941.jpg;063903.jpg;082713.jpg
049572.jpg;158369.jpg;188307.jpg
121878.jpg;005235.jpg;118363.jpg
142871.jpg;012954.jpg;031315.jpg
169433.jpg;167801.jpg;183288.jpg
071500.jpg;110340.jpg;196625.jpg
077384.jpg;100621.jpg;093283.jpg
008722.jpg;108376.jpg;182645.jpg
074764.jpg;131848.jpg;090417.jpg
126690.jpg;028615.jpg;048779.jpg
156876.jpg;017621.jpg;164970.jpg
131973.jpg;126929.jpg;021016.jpg
154938.jpg;118595.jpg;080373.jpg
109738.jpg;033454.jpg;160192.jpg
126518.jpg;031881.jpg;181034.jpg
080226.jpg;034338.jpg;185576.jpg
001048.jpg;077238.jpg;176573.jpg
057572.jpg;124840.jpg;054030.jpg
018479.jpg;093116.jpg;125418.jpg
002197.jpg;133417.jpg;035027.jpg
089001.jpg;151415.jpg;171866.jpg
160560.jpg;051019.jpg;057539.jpg
094482.jpg;161400.jpg;048490.jpg
021005.jpg;077037.jpg;012417.jpg
098891.jpg;023209.jpg;100611.jpg
076743.jpg;093831.jpg;146815.jpg
029648.jpg;079848.jpg;072211.jpg
014527.jpg;031368.jpg;091277.jpg
013129.jpg;071836.jpg;200055.jpg
108805.jpg;101668.jpg;097439.jpg
008011.jpg;014806.jpg;155659.jpg
005507.jpg;051380.jpg;053404.jpg
111099.jpg;010806.jpg;123680.jpg
146851.jpg;015626.jpg;177881.jpg
112839.jpg;013258.jpg;015780.jpg
109592.jpg;029333.jpg;181520.jpg
169540.jpg;166305.jpg;106775.jpg
075916.jpg;003087.jpg;114372.jpg
109168.jpg;000746.jpg;045878.jpg
036873.jpg;132297.jpg;073770.jpg
044664.jpg;054800.jpg;138626.jpg
035634.jpg;131444.jpg;175375.jpg
000522.jpg;033955.jpg;074767.jpg
124618.jpg;040625.jpg;007736.jpg
142641.jpg;002279.jpg;084878.jpg
049444.jpg;026194.jpg;193882.jpg
054499.jpg;053216.jpg;178367.jpg
127676.jpg;081249.jpg;009186.jpg
065774.jpg;105689.jpg;021579.jpg
068686.jpg;003916.jpg;135417.jpg
063836.jpg;001494.jpg;077476.jpg
128173.jpg;142596.jpg;172151.jpg
052220.jpg;093678.jpg;131218.jpg
069366.jpg;161854.jpg;038913.jpg
174768.jpg;164128.jpg;095831.jpg
109067.jpg;006572.jpg;049543.jpg
098109.jpg;130013.jpg;097684.jpg
175309.jpg;173273.jpg;183403.jpg
003009.jpg;065476.jpg;148317.jpg
198820.jpg;198687.jpg;088196.jpg
083272.jpg;144319.jpg;073209.jpg
034515.jpg;052314.jpg;036087.jpg
082441.jpg;091388.jpg;091433.jpg
025614.jpg;106497.jpg;027472.jpg
067116.jpg;153778.jpg;082638.jpg
027497.jpg;113835.jpg;167264.jpg
127088.jpg;069886.jpg;169815.jpg
164145.jpg;179697.jpg;057051.jpg
067933.jpg;066900.jpg;061464.jpg
021921.jpg;146373.jpg;068383.jpg
149533.jpg;013257.jpg;090807.jpg
028750.jpg;059076.jpg;125562.jpg
091893.jpg;161883.jpg;108134.jpg
141710.jpg;106117.jpg;100808.jpg
122764.jpg;060355.jpg;147856.jpg
025968.jpg;044317.jpg;060959.jpg
101449.jpg;067055.jpg;000081.jpg
157813.jpg;034659.jpg;025269.jpg
168769.jpg;173799.jpg;090204.jpg
102847.jpg;018593.jpg;037504.jpg
023202.jpg;066874.jpg;161903.jpg
053566.jpg;116897.jpg;130127.jpg
161558.jpg;011163.jpg;069807.jpg
120681.jpg;112412.jpg;042904.jpg
048794.jpg;133199.jpg;109040.jpg
043479.jpg;063380.jpg;008763.jpg
097807.jpg;004162.jpg;083354.jpg
158584.jpg;150419.jpg;037460.jpg
011009.jpg;027085.jpg;160509.jpg
082399.jpg;082916.jpg;149310.jpg
018319.jpg;064136.jpg;140432.jpg
064201.jpg;131661.jpg;182376.jpg
086649.jpg;113252.jpg;007456.jpg
158667.jpg;077883.jpg;163936.jpg
178824.jpg;169768.jpg;174086.jpg
044909.jpg;064281.jpg;067465.jpg
106926.jpg;069477.jpg;016490.jpg
195630.jpg;193032.jpg;028018.jpg
080595.jpg;082672.jpg;140144.jpg
089703.jpg;049859.jpg;060741.jpg
189476.jpg;198159.jpg;134626.jpg
108822.jpg;117306.jpg;048337.jpg
094703.jpg;152959.jpg;190082.jpg
177519.jpg;162821.jpg;091125.jpg
193467.jpg;202362.jpg;089850.jpg
197979.jpg;197572.jpg;005451.jpg
004759.jpg;073207.jpg;097901.jpg
129205.jpg;014551.jpg;092928.jpg
110874.jpg;143809.jpg;101369.jpg
124668.jpg;081284.jpg;044609.jpg
011482.jpg;004212.jpg;021295.jpg
080835.jpg;161991.jpg;121156.jpg
063019.jpg;140206.jpg;129114.jpg
093670.jpg;027137.jpg;111391.jpg
128288.jpg;059780.jpg;168088.jpg
132202.jpg;068835.jpg;064082.jpg
014429.jpg;012574.jpg;044599.jpg
036582.jpg;114907.jpg;186889.jpg
105498.jpg;097509.jpg;152018.jpg
197715.jpg;201416.jpg;119975.jpg
022652.jpg;103937.jpg;133189.jpg
034478.jpg;071492.jpg;193071.jpg
146359.jpg;085774.jpg;195469.jpg
034897.jpg;128798.jpg;114390.jpg
182628.jpg;164161.jpg;139547.jpg
189048.jpg;183998.jpg;201194.jpg
161437.jpg;107366.jpg;047275.jpg
117513.jpg;050422.jpg;082222.jpg
119201.jpg;037148.jpg;026612.jpg
097839.jpg;117937.jpg;077502.jpg
020389.jpg;151614.jpg;114226.jpg
139720.jpg;159816.jpg;160207.jpg
007763.jpg;127892.jpg;112478.jpg
040419.jpg;151193.jpg;167734.jpg
063196.jpg;075660.jpg;060044.jpg
126989.jpg;067109.jpg;065785.jpg
140616.jpg;156793.jpg;095229.jpg
148731.jpg;013692.jpg;001150.jpg
071874.jpg;039758.jpg;003500.jpg
103395.jpg;155195.jpg;101557.jpg
199711.jpg;184007.jpg;132777.jpg
188405.jpg;195702.jpg;192618.jpg
014738.jpg;033148.jpg;176618.jpg
003580.jpg;035813.jpg;047425.jpg
030575.jpg;083011.jpg;032680.jpg
199137.jpg;188425.jpg;038563.jpg
167919.jpg;174662.jpg;110651.jpg
015017.jpg;005305.jpg;190657.jpg
037066.jpg;038609.jpg;148175.jpg
099101.jpg;078931.jpg;009680.jpg
161298.jpg;068663.jpg;014707.jpg
189374.jpg;197112.jpg;165697.jpg
092519.jpg;157710.jpg;145242.jpg
034088.jpg;049368.jpg;199778.jpg
197435.jpg;184513.jpg;187245.jpg
167546.jpg;180492.jpg;193763.jpg
136649.jpg;067057.jpg;165570.jpg
183805.jpg;188277.jpg;184146.jpg
136613.jpg;072911.jpg;165212.jpg
116475.jpg;038701.jpg;171875.jpg
138187.jpg;038191.jpg;163927.jpg
106201.jpg;150189.jpg;044512.jpg
095401.jpg;009126.jpg;150489.jpg
095556.jpg;054948.jpg;085387.jpg
091473.jpg;095163.jpg;064832.jpg
058674.jpg;032364.jpg;119126.jpg
142740.jpg;068398.jpg;037581.jpg
034015.jpg;040620.jpg;041242.jpg
078874.jpg;048858.jpg;056690.jpg
096227.jpg;002759.jpg;082204.jpg
023649.jpg;113192.jpg;013088.jpg
134250.jpg;106284.jpg;070554.jpg
153103.jpg;031814.jpg;125108.jpg
152669.jpg;003544.jpg;145018.jpg
023618.jpg;081511.jpg;037394.jpg
008646.jpg;132367.jpg;066225.jpg
048668.jpg;090354.jpg;141571.jpg
012207.jpg;070243.jpg;174109.jpg
157429.jpg;006669.jpg;121511.jpg
135953.jpg;094408.jpg;156850.jpg
158883.jpg;027935.jpg;077560.jpg
191107.jpg;195670.jpg;061944.jpg
021557.jpg;088225.jpg;117388.jpg
056179.jpg;018618.jpg;086272.jpg
154546.jpg;085841.jpg;141288.jpg
089424.jpg;106403.jpg;027500.jpg
102777.jpg;073985.jpg;171029.jpg
135809.jpg;160966.jpg;135056.jpg
080307.jpg;105096.jpg;179646.jpg
090507.jpg;111143.jpg;171620.jpg
159484.jpg;046224.jpg;027580.jpg
051717.jpg;130898.jpg;114675.jpg
018868.jpg;045911.jpg;071469.jpg
059806.jpg;129142.jpg;032752.jpg
103841.jpg;007222.jpg;139431.jpg
113328.jpg;093344.jpg;071828.jpg
043442.jpg;124337.jpg;082471.jpg
182859.jpg;183917.jpg;025445.jpg
046296.jpg;062892.jpg;000081.jpg
173627.jpg;179854.jpg;146311.jpg
108427.jpg;149982.jpg;146349.jpg
048860.jpg;078245.jpg;183375.jpg
112632.jpg;002445.jpg;141699.jpg
157005.jpg;014497.jpg;120546.jpg
171598.jpg;173633.jpg;154852.jpg
202492.jpg;188879.jpg;019600.jpg
186480.jpg;199118.jpg;090506.jpg
059237.jpg;022289.jpg;141029.jpg
028455.jpg;133396.jpg;118948.jpg
064670.jpg;131657.jpg;015245.jpg
121944.jpg;073839.jpg;112049.jpg
078004.jpg;148939.jpg;152445.jpg
175798.jpg;181870.jpg;100909.jpg
125222.jpg;113486.jpg;145538.jpg
095445.jpg;157328.jpg;107572.jpg
114330.jpg;107322.jpg;004597.jpg
164722.jpg;165566.jpg;002893.jpg
154819.jpg;045885.jpg;141550.jpg
029626.jpg;053806.jpg;040235.jpg
127969.jpg;017955.jpg;168825.jpg
182195.jpg;168037.jpg;128967.jpg
136844.jpg;006883.jpg;096357.jpg
008693.jpg;052958.jpg;053281.jpg
127502.jpg;082293.jpg;014091.jpg
086747.jpg;076800.jpg;097450.jpg
177070.jpg;178487.jpg;150462.jpg
187377.jpg;185368.jpg;186362.jpg
096024.jpg;005744.jpg;030148.jpg
193132.jpg;199802.jpg;139111.jpg
199473.jpg;186044.jpg;055567.jpg
152757.jpg;031007.jpg;176407.jpg
087025.jpg;092585.jpg;054169.jpg
151293.jpg;129098.jpg;034235.jpg
000670.jpg;059629.jpg;178297.jpg
092197.jpg;122895.jpg;148040.jpg
052407.jpg;083062.jpg;156699.jpg
008885.jpg;038290.jpg;081475.jpg
181111.jpg;163058.jpg;058378.jpg
188580.jpg;187835.jpg;121653.jpg
160428.jpg;122409.jpg;102208.jpg
193333.jpg;197483.jpg;035859.jpg
114280.jpg;087902.jpg;006046.jpg
128666.jpg;006406.jpg;081640.jpg
140480.jpg;095766.jpg;104249.jpg
063580.jpg;140541.jpg;069041.jpg
055134.jpg;107673.jpg;058055.jpg
158629.jpg;119054.jpg;118808.jpg
007173.jpg;087273.jpg;097071.jpg
009399.jpg;095972.jpg;041534.jpg
077822.jpg;007473.jpg;136496.jpg
061518.jpg;131614.jpg;141383.jpg
050124.jpg;105772.jpg;065704.jpg
101484.jpg;132624.jpg;077297.jpg
114754.jpg;074240.jpg;102827.jpg
017708.jpg;027366.jpg;113995.jpg
093318.jpg;134564.jpg;132711.jpg
175575.jpg;177687.jpg;147617.jpg
150466.jpg;143412.jpg;053941.jpg
126676.jpg;093987.jpg;059937.jpg
065233.jpg;059795.jpg;126520.jpg
195441.jpg;193458.jpg;017549.jpg
003728.jpg;043576.jpg;192873.jpg
084144.jpg;121277.jpg;049944.jpg
077980.jpg;064560.jpg;006060.jpg
027828.jpg;122181.jpg;132259.jpg
015480.jpg;083666.jpg;114030.jpg
102454.jpg;082407.jpg;137686.jpg
016031.jpg;110681.jpg;160572.jpg
087973.jpg;137734.jpg;091677.jpg
077951.jpg;134106.jpg;065710.jpg
094723.jpg;154014.jpg;049778.jpg
048588.jpg;011362.jpg;052868.jpg
090209.jpg;108488.jpg;120920.jpg
052570.jpg;068210.jpg;187034.jpg
151277.jpg;089412.jpg;198136.jpg
042706.jpg;013696.jpg;137937.jpg
126324.jpg;119480.jpg;109950.jpg
078564.jpg;047965.jpg;119556.jpg
110255.jpg;027250.jpg;101043.jpg
186152.jpg;187511.jpg;134893.jpg
105816.jpg;159368.jpg;167448.jpg
088429.jpg;136554.jpg;054136.jpg
177457.jpg;172689.jpg;192975.jpg
195150.jpg;194492.jpg;035175.jpg
001717.jpg;025394.jpg;046334.jpg
110882.jpg;006878.jpg;151911.jpg
022906.jpg;055022.jpg;186522.jpg
155814.jpg;032366.jpg;182739.jpg
120562.jpg;103445.jpg;035828.jpg
094329.jpg;001179.jpg;131535.jpg
018867.jpg;138858.jpg;190896.jpg
006314.jpg;107556.jpg;080944.jpg
136057.jpg;059731.jpg;118577.jpg
093931.jpg;037880.jpg;122346.jpg
083844.jpg;098544.jpg;166875.jpg
067615.jpg;009589.jpg;049214.jpg
180405.jpg;176128.jpg;004764.jpg
018353.jpg;160684.jpg;106663.jpg
197595.jpg;188427.jpg;002950.jpg
142493.jpg;131449.jpg;065577.jpg
186542.jpg;184034.jpg;121025.jpg
047345.jpg;035703.jpg;185063.jpg
160762.jpg;016138.jpg;004975.jpg
035729.jpg;146225.jpg;075059.jpg
062797.jpg;111613.jpg;088635.jpg
131291.jpg;161221.jpg;113840.jpg
125606.jpg;062626.jpg;058101.jpg
073192.jpg;088463.jpg;033237.jpg
090796.jpg;152909.jpg;003597.jpg
095768.jpg;126815.jpg;133150.jpg
031207.jpg;124604.jpg;079436.jpg
137704.jpg;038665.jpg;056668.jpg
000723.jpg;098090.jpg;197867.jpg
010196.jpg;106781.jpg;091328.jpg
036755.jpg;092396.jpg;165668.jpg
196946.jpg;192958.jpg;087000.jpg
159084.jpg;053389.jpg;117057.jpg
199620.jpg;199216.jpg;148955.jpg
066561.jpg;124595.jpg;103370.jpg
095488.jpg;155677.jpg;201572.jpg
122920.jpg;095929.jpg;145285.jpg
060572.jpg;142191.jpg;176409.jpg
181187.jpg;165180.jpg;200766.jpg
195693.jpg;197271.jpg;134381.jpg
020271.jpg;050800.jpg;046368.jpg
118938.jpg;080447.jpg;095984.jpg
059342.jpg;135221.jpg;064431.jpg
003297.jpg;021731.jpg;054420.jpg
129229.jpg;104894.jpg;185126.jpg
017345.jpg;134637.jpg;164283.jpg
157724.jpg;042194.jpg;170815.jpg
175163.jpg;171700.jpg;168394.jpg
168261.jpg;179801.jpg;160454.jpg
198289.jpg;184767.jpg;168314.jpg
025392.jpg;025391.jpg;065235.jpg
200619.jpg;186063.jpg;093389.jpg
119070.jpg;090009.jpg;137962.jpg
088451.jpg;013865.jpg;084396.jpg
043725.jpg;055036.jpg;137984.jpg
168588.jpg;165076.jpg;143492.jpg
201100.jpg;187599.jpg;089181.jpg
049336.jpg;050802.jpg;176320.jpg
148287.jpg;008540.jpg;191683.jpg
192694.jpg;189685.jpg;195235.jpg
112417.jpg;088847.jpg;005547.jpg
006912.jpg;108801.jpg;061946.jpg
021979.jpg;067330.jpg;119907.jpg
057353.jpg;036425.jpg;057250.jpg
077240.jpg;083048.jpg;027396.jpg
051911.jpg;059696.jpg;072690.jpg
133683.jpg;086397.jpg;099191.jpg
143431.jpg;081788.jpg;005520.jpg
043734.jpg;150375.jpg;120971.jpg
011925.jpg;107123.jpg;032262.jpg
145561.jpg;105936.jpg;153188.jpg
089648.jpg;084688.jpg;118402.jpg
067376.jpg;158596.jpg;147483.jpg
102588.jpg;047190.jpg;073254.jpg
099124.jpg;097386.jpg;187516.jpg
030171.jpg;136285.jpg;191292.jpg
046693.jpg;028511.jpg;114649.jpg
123022.jpg;142784.jpg;059549.jpg
005710.jpg;065152.jpg;116809.jpg
085864.jpg;134429.jpg;201301.jpg
048704.jpg;146681.jpg;188469.jpg
101398.jpg;133540.jpg;018767.jpg
175518.jpg;179456.jpg;139227.jpg
201409.jpg;190829.jpg;202550.jpg
050860.jpg;065213.jpg;178372.jpg
083989.jpg;053314.jpg;135661.jpg
060162.jpg;136296.jpg;098799.jpg
131685.jpg;113577.jpg;153649.jpg
044292.jpg;103971.jpg;142124.jpg
090550.jpg;088536.jpg;009231.jpg
050591.jpg;085003.jpg;067445.jpg
019996.jpg;051280.jpg;163262.jpg
130894.jpg;075446.jpg;149211.jpg
003321.jpg;096999.jpg;162886.jpg
068719.jpg;041743.jpg;165880.jpg
183958.jpg;198891.jpg;001360.jpg
144587.jpg;056984.jpg;183400.jpg
115047.jpg;017876.jpg;137804.jpg
174411.jpg;165281.jpg;176064.jpg
192518.jpg;201642.jpg;098591.jpg
165828.jpg;176084.jpg;101437.jpg
088757.jpg;018017.jpg;007619.jpg
169641.jpg;173498.jpg;021583.jpg
140864.jpg;116310.jpg;006677.jpg
043811.jpg;107912.jpg;178839.jpg
115493.jpg;082926.jpg;116004.jpg
125266.jpg;110461.jpg;145975.jpg
106992.jpg;003068.jpg;142049.jpg
182622.jpg;169906.jpg;128589.jpg
148587.jpg;153499.jpg;157256.jpg
047499.jpg;072686.jpg;119802.jpg
163891.jpg;182398.jpg;091982.jpg
049843.jpg;070060.jpg;067380.jpg
064619.jpg;141248.jpg;166457.jpg
179600.jpg;165797.jpg;159438.jpg
081595.jpg;075051.jpg;113517.jpg
057200.jpg;157123.jpg;065842.jpg
048120.jpg;013910.jpg;042727.jpg
077213.jpg;012254.jpg;196347.jpg
017415.jpg;113175.jpg;084177.jpg
120936.jpg;139061.jpg;031927.jpg
126147.jpg;137624.jpg;042432.jpg
153332.jpg;017158.jpg;030925.jpg
139153.jpg;113720.jpg;149264.jpg
045708.jpg;048204.jpg;179218.jpg
022958.jpg;097050.jpg;065947.jpg
194356.jpg;190352.jpg;165272.jpg
078480.jpg;089584.jpg;090017.jpg
126139.jpg;006387.jpg;165247.jpg
177911.jpg;181085.jpg;082295.jpg
007519.jpg;039008.jpg;078938.jpg
129818.jpg;153302.jpg;106094.jpg
087772.jpg;033949.jpg;168081.jpg
185567.jpg;199703.jpg;142283.jpg
001263.jpg;153315.jpg;007335.jpg
027534.jpg;053371.jpg;190900.jpg
166424.jpg;173249.jpg;106321.jpg
024558.jpg;079317.jpg;019818.jpg
036270.jpg;040805.jpg;029291.jpg
046770.jpg;021490.jpg;157487.jpg
153804.jpg;002901.jpg;039623.jpg
041858.jpg;120059.jpg;183551.jpg
124812.jpg;159540.jpg;116308.jpg
080390.jpg;133472.jpg;166338.jpg
110070.jpg;029858.jpg;048141.jpg
053236.jpg;065864.jpg;079652.jpg
137481.jpg;074979.jpg;175226.jpg
116407.jpg;018996.jpg;193878.jpg
083651.jpg;015903.jpg;022772.jpg
013715.jpg;017614.jpg;158855.jpg
079208.jpg;086910.jpg;087069.jpg
056429.jpg;023772.jpg;061522.jpg
191229.jpg;185995.jpg;035816.jpg
082075.jpg;106224.jpg;012706.jpg
197869.jpg;183365.jpg;025543.jpg
162287.jpg;134377.jpg;024007.jpg
040155.jpg;130414.jpg;100527.jpg
081316.jpg;016618.jpg;144109.jpg
090035.jpg;048667.jpg;019080.jpg
017218.jpg;114561.jpg;043702.jpg
102501.jpg;085938.jpg;096584.jpg
139789.jpg;033917.jpg;080679.jpg
029513.jpg;024195.jpg;188036.jpg
117490.jpg;009648.jpg;064519.jpg
147886.jpg;132736.jpg;114946.jpg
158041.jpg;147825.jpg;102310.jpg
092547.jpg;104034.jpg;145650.jpg
181222.jpg;174908.jpg;016626.jpg
010706.jpg;036020.jpg;152591.jpg
177337.jpg;167279.jpg;012354.jpg
094516.jpg;076791.jpg;054672.jpg
028862.jpg;159639.jpg;106463.jpg
181485.jpg;164886.jpg;198723.jpg
131152.jpg;132920.jpg;118779.jpg
001253.jpg;096070.jpg;145785.jpg
013915.jpg;103139.jpg;057337.jpg
112874.jpg;120718.jpg;058411.jpg
019848.jpg;106136.jpg;200478.jpg
090323.jpg;111211.jpg;141415.jpg
005258.jpg;108185.jpg;153090.jpg
134991.jpg;029049.jpg;163381.jpg
178311.jpg;171270.jpg;189504.jpg
130963.jpg;049055.jpg;113957.jpg
123337.jpg;151190.jpg;185337.jpg
188463.jpg;189389.jpg;133205.jpg
146472.jpg;025463.jpg;124326.jpg
072090.jpg;050385.jpg;056928.jpg
132104.jpg;140908.jpg;056856.jpg
000096.jpg;111418.jpg;058838.jpg
055530.jpg;073823.jpg;022300.jpg
028759.jpg;082579.jpg;075101.jpg
099568.jpg;002145.jpg;108799.jpg
026539.jpg;155041.jpg;180914.jpg
133480.jpg;097029.jpg;170923.jpg
159458.jpg;154446.jpg;084414.jpg
018905.jpg;041532.jpg;133323.jpg
154969.jpg;010577.jpg;096430.jpg
157487.jpg;151846.jpg;109913.jpg
111583.jpg;092807.jpg;173304.jpg
098622.jpg;062661.jpg;155792.jpg
146318.jpg;103246.jpg;087806.jpg
090035.jpg;048667.jpg;157643.jpg
089963.jpg;048676.jpg;054802.jpg
148232.jpg;150063.jpg;099892.jpg
107735.jpg;022905.jpg;188138.jpg
115668.jpg;124573.jpg;082490.jpg
194185.jpg;196867.jpg;059790.jpg
079210.jpg;109894.jpg;093588.jpg
098263.jpg;141903.jpg;141778.jpg
177902.jpg;180012.jpg;198454.jpg
019242.jpg;027092.jpg;184253.jpg
167253.jpg;172555.jpg;173744.jpg
039747.jpg;106209.jpg;030410.jpg
198050.jpg;191587.jpg;159150.jpg
191013.jpg;200333.jpg;033034.jpg
107739.jpg;012474.jpg;132495.jpg
170522.jpg;165380.jpg;016175.jpg
001742.jpg;130426.jpg;037509.jpg
146206.jpg;061836.jpg;026470.jpg
201711.jpg;187111.jpg;037222.jpg
131975.jpg;044953.jpg;059895.jpg
032930.jpg;042536.jpg;161203.jpg
033334.jpg;077680.jpg;016382.jpg
102243.jpg;145656.jpg;164616.jpg
178314.jpg;172948.jpg;124207.jpg
025530.jpg;068578.jpg;074261.jpg
056233.jpg;110873.jpg;119583.jpg
023827.jpg;136824.jpg;106336.jpg
192203.jpg;197716.jpg;125284.jpg
132944.jpg;076090.jpg;156971.jpg
134726.jpg;081420.jpg;164656.jpg
035852.jpg;085743.jpg;145903.jpg
124881.jpg;029783.jpg;169314.jpg
198447.jpg;198987.jpg;139627.jpg
138388.jpg;055975.jpg;170605.jpg
115117.jpg;063133.jpg;109580.jpg
111507.jpg;148834.jpg;134089.jpg
164029.jpg;175047.jpg;172330.jpg
055471.jpg;159121.jpg;158787.jpg
079849.jpg;108886.jpg;033271.jpg
134641.jpg;046998.jpg;123775.jpg
029583.jpg;079295.jpg;032747.jpg
167516.jpg;182254.jpg;045872.jpg
172594.jpg;176005.jpg;187204.jpg
023575.jpg;073951.jpg;056878.jpg
171433.jpg;166114.jpg;090717.jpg
002994.jpg;016464.jpg;105176.jpg
153481.jpg;155698.jpg;158411.jpg
169992.jpg;181831.jpg;021167.jpg
026327.jpg;096272.jpg;062313.jpg
017105.jpg;135577.jpg;116251.jpg
008586.jpg;051384.jpg;103907.jpg
093633.jpg;028236.jpg;197134.jpg
150962.jpg;127497.jpg;118945.jpg
052956.jpg;038529.jpg;106917.jpg
084726.jpg;076527.jpg;065101.jpg
146271.jpg;129843.jpg;174152.jpg
130420.jpg;146027.jpg;086395.jpg
081889.jpg;013589.jpg;175861.jpg
144760.jpg;096890.jpg;005888.jpg
183831.jpg;199238.jpg;077823.jpg
192836.jpg;187316.jpg;080337.jpg
133095.jpg;074501.jpg;175794.jpg
133292.jpg;158528.jpg;112687.jpg
075794.jpg;071053.jpg;051866.jpg
019064.jpg;060247.jpg;187616.jpg
127714.jpg;093760.jpg;109405.jpg
029050.jpg;038738.jpg;148802.jpg
110888.jpg;074733.jpg;117628.jpg
152017.jpg;015774.jpg;021649.jpg
030055.jpg;037423.jpg;063590.jpg
190163.jpg;198887.jpg;181508.jpg
017797.jpg;005630.jpg;031152.jpg
097371.jpg;104566.jpg;201101.jpg
080801.jpg;036451.jpg;102838.jpg
133520.jpg;040818.jpg;105845.jpg
027915.jpg;038512.jpg;017161.jpg
146867.jpg;100048.jpg;195929.jpg
060177.jpg;069086.jpg;130457.jpg
184900.jpg;196650.jpg;155578.jpg
124718.jpg;058700.jpg;056598.jpg
012060.jpg;031959.jpg;019794.jpg
065707.jpg;061708.jpg;004846.jpg
032076.jpg;058057.jpg;185167.jpg
055338.jpg;136018.jpg;099561.jpg
196340.jpg;201113.jpg;054392.jpg
005471.jpg;075599.jpg;074817.jpg
044998.jpg;015386.jpg;147829.jpg
182466.jpg;180713.jpg;021008.jpg
103055.jpg;133585.jpg;055273.jpg
164074.jpg;164681.jpg;045294.jpg
001120.jpg;046450.jpg;119097.jpg
027444.jpg;116377.jpg;007887.jpg
047654.jpg;137902.jpg;005693.jpg
131808.jpg;073815.jpg;024110.jpg
031670.jpg;110299.jpg;121256.jpg
036940.jpg;040922.jpg;069356.jpg
006277.jpg;032607.jpg;103678.jpg
066886.jpg;079000.jpg;003083.jpg
136743.jpg;110081.jpg;185809.jpg
006346.jpg;134645.jpg;067638.jpg
109771.jpg;109466.jpg;156170.jpg
036604.jpg;042171.jpg;010141.jpg
050658.jpg;151923.jpg;038274.jpg
158421.jpg;021052.jpg;130627.jpg
036401.jpg;036090.jpg;201693.jpg
089864.jpg;026116.jpg;083938.jpg
054846.jpg;145295.jpg;010496.jpg
176456.jpg;172300.jpg;172337.jpg
016375.jpg;115595.jpg;188366.jpg
067254.jpg;030900.jpg;038299.jpg
068134.jpg;118985.jpg;136247.jpg
033549.jpg;091414.jpg;101820.jpg
025239.jpg;076012.jpg;108559.jpg
020365.jpg;062963.jpg;021329.jpg
017547.jpg;111571.jpg;009908.jpg
007973.jpg;116715.jpg;111262.jpg
086366.jpg;022736.jpg;008570.jpg
117326.jpg;121775.jpg;000747.jpg
087187.jpg;161256.jpg;096666.jpg
091938.jpg;029173.jpg;189286.jpg
106682.jpg;147318.jpg;116966.jpg
164518.jpg;175624.jpg;091870.jpg
029538.jpg;107891.jpg;022370.jpg
080223.jpg;159045.jpg;101610.jpg
154555.jpg;012168.jpg;008593.jpg
158004.jpg;017473.jpg;075554.jpg
146031.jpg;119657.jpg;175884.jpg
126093.jpg;068683.jpg;104322.jpg
158920.jpg;028503.jpg;179555.jpg
192037.jpg;191329.jpg;178986.jpg
131607.jpg;124890.jpg;040790.jpg
089711.jpg;121332.jpg;119756.jpg
008861.jpg;150649.jpg;196008.jpg
177599.jpg;179716.jpg;151526.jpg
108467.jpg;003553.jpg;159792.jpg
049362.jpg;028762.jpg;015085.jpg
088302.jpg;153348.jpg;166917.jpg
121898.jpg;029093.jpg;191696.jpg
068001.jpg;150442.jpg;192488.jpg
035590.jpg;021394.jpg;147193.jpg
094957.jpg;151115.jpg;200430.jpg
075356.jpg;014928.jpg;142607.jpg
025322.jpg;138529.jpg;168238.jpg
045722.jpg;024399.jpg;161221.jpg
194208.jpg;182795.jpg;030119.jpg
073313.jpg;038824.jpg;128034.jpg
173043.jpg;179923.jpg;087208.jpg
078191.jpg;062731.jpg;059545.jpg
136337.jpg;001014.jpg;101739.jpg
186288.jpg;192865.jpg;027852.jpg
051686.jpg;023941.jpg;081296.jpg
191225.jpg;184715.jpg;004305.jpg
068016.jpg;139500.jpg;044219.jpg
136791.jpg;121222.jpg;068766.jpg
148641.jpg;053052.jpg;193277.jpg
119481.jpg;113914.jpg;195305.jpg
067098.jpg;080387.jpg;014053.jpg
105480.jpg;045718.jpg;173369.jpg
140164.jpg;128863.jpg;019237.jpg
056144.jpg;008231.jpg;162017.jpg
191987.jpg;185023.jpg;016168.jpg
054579.jpg;014038.jpg;060780.jpg
104097.jpg;156757.jpg;143593.jpg
181135.jpg;174466.jpg;138711.jpg
040402.jpg;013285.jpg;020180.jpg
189220.jpg;194213.jpg;031849.jpg
185756.jpg;183115.jpg;038028.jpg
179052.jpg;168379.jpg;198348.jpg
181351.jpg;177708.jpg;157691.jpg
140636.jpg;105813.jpg;160757.jpg
102867.jpg;032827.jpg;175007.jpg
008881.jpg;009270.jpg;089726.jpg
195359.jpg;197940.jpg;053532.jpg
184558.jpg;184435.jpg;074531.jpg
136250.jpg;015600.jpg;052813.jpg
087945.jpg;104719.jpg;178372.jpg
062245.jpg;129864.jpg;081870.jpg
080534.jpg;157286.jpg;063931.jpg
127684.jpg;025541.jpg;072055.jpg
189171.jpg;194620.jpg;118231.jpg
080371.jpg;135698.jpg;025313.jpg
013326.jpg;061166.jpg;020602.jpg
169920.jpg;171873.jpg;012432.jpg
110232.jpg;025662.jpg;149394.jpg
112841.jpg;059207.jpg;084355.jpg
172752.jpg;165355.jpg;108737.jpg
080419.jpg;111493.jpg;026321.jpg
027480.jpg;148703.jpg;065508.jpg
185686.jpg;182794.jpg;104842.jpg
180936.jpg;168084.jpg;088913.jpg
135580.jpg;096006.jpg;160941.jpg
069215.jpg;133895.jpg;191263.jpg
130223.jpg;159227.jpg;162821.jpg
174107.jpg;165329.jpg;005119.jpg
054041.jpg;084452.jpg;009385.jpg
094846.jpg;159939.jpg;077210.jpg
200316.jpg;201481.jpg;166576.jpg
081303.jpg;154783.jpg;125669.jpg
184345.jpg;197439.jpg;181785.jpg
039888.jpg;027482.jpg;018101.jpg
134596.jpg;059159.jpg;044576.jpg
055142.jpg;049752.jpg;117428.jpg
007185.jpg;002135.jpg;121574.jpg
071768.jpg;046551.jpg;008385.jpg
192820.jpg;182677.jpg;097118.jpg
090037.jpg;120496.jpg;091508.jpg
174121.jpg;165407.jpg;191899.jpg
030181.jpg;106690.jpg;189269.jpg
132537.jpg;160940.jpg;107240.jpg
049415.jpg;074875.jpg;145871.jpg
103831.jpg;159689.jpg;087533.jpg
001134.jpg;062386.jpg;183647.jpg
135080.jpg;161670.jpg;082739.jpg
093251.jpg;162482.jpg;084640.jpg
168540.jpg;171896.jpg;089223.jpg
007051.jpg;147729.jpg;125663.jpg
202426.jpg;199772.jpg;015249.jpg
056476.jpg;044954.jpg;144354.jpg
016196.jpg;006316.jpg;198723.jpg
136717.jpg;100645.jpg;128345.jpg
118944.jpg;053962.jpg;195748.jpg
057709.jpg;077787.jpg;053664.jpg
198551.jpg;189588.jpg;131352.jpg
169512.jpg;171603.jpg;071534.jpg
196723.jpg;199775.jpg;010596.jpg
190131.jpg;201423.jpg;021802.jpg
026631.jpg;140449.jpg;197121.jpg
120493.jpg;130916.jpg;185828.jpg
033320.jpg;136860.jpg;182683.jpg
163610.jpg;164916.jpg;027954.jpg
158275.jpg;148678.jpg;025645.jpg
109087.jpg;001416.jpg;182416.jpg
000309.jpg;034832.jpg;173058.jpg
097497.jpg;074099.jpg;105436.jpg
121653.jpg;127064.jpg;099504.jpg
143069.jpg;139084.jpg;040764.jpg
115982.jpg;103868.jpg;125810.jpg
008782.jpg;055344.jpg;097548.jpg
059740.jpg;148150.jpg;038870.jpg
094068.jpg;058273.jpg;136120.jpg
071025.jpg;160324.jpg;131535.jpg
136670.jpg;153496.jpg;035167.jpg
070283.jpg;128539.jpg;088450.jpg
004588.jpg;101707.jpg;161088.jpg
040242.jpg;111037.jpg;019193.jpg
102749.jpg;144595.jpg;185142.jpg
189611.jpg;190128.jpg;138729.jpg
084371.jpg;018336.jpg;027964.jpg
024498.jpg;119125.jpg;098418.jpg
153107.jpg;143612.jpg;009756.jpg
038251.jpg;005110.jpg;141845.jpg
199909.jpg;184428.jpg;117374.jpg
109720.jpg;062138.jpg;064878.jpg
170827.jpg;177761.jpg;016494.jpg
126300.jpg;025977.jpg;138618.jpg
088136.jpg;070233.jpg;137086.jpg
011123.jpg;069724.jpg;190101.jpg
055065.jpg;158870.jpg;005919.jpg
004857.jpg;158363.jpg;016623.jpg
116348.jpg;136558.jpg;018358.jpg
130929.jpg;150249.jpg;201618.jpg
154769.jpg;081510.jpg;164105.jpg
086834.jpg;115915.jpg;048416.jpg
140144.jpg;050024.jpg;014400.jpg
029995.jpg;150493.jpg;175723.jpg
025952.jpg;067959.jpg;098131.jpg
135681.jpg;141931.jpg;056505.jpg
011199.jpg;142762.jpg;146537.jpg
045906.jpg;125068.jpg;196543.jpg
075896.jpg;118019.jpg;158917.jpg
171180.jpg;168661.jpg;040004.jpg
001650.jpg;149780.jpg;006368.jpg
020187.jpg;079985.jpg;036158.jpg
170259.jpg;172022.jpg;026754.jpg
069549.jpg;102721.jpg;016723.jpg
155214.jpg;019274.jpg;104536.jpg
137969.jpg;159352.jpg;115250.jpg
100851.jpg;144855.jpg;037052.jpg
070885.jpg;035182.jpg;106276.jpg
157366.jpg;098319.jpg;064315.jpg
017207.jpg;032989.jpg;037116.jpg
168936.jpg;166951.jpg;136324.jpg
196100.jpg;197954.jpg;144387.jpg
143171.jpg;140614.jpg;055300.jpg
078611.jpg;084901.jpg;175280.jpg
104490.jpg;135269.jpg;175403.jpg
031252.jpg;035308.jpg;129755.jpg
019461.jpg;138773.jpg;007069.jpg
047278.jpg;019391.jpg;180861.jpg
049047.jpg;140312.jpg;194403.jpg
015782.jpg;137798.jpg;072066.jpg
098109.jpg;079754.jpg;111584.jpg
080325.jpg;145362.jpg;103348.jpg
094411.jpg;122168.jpg;167346.jpg
007689.jpg;134371.jpg;002231.jpg
140279.jpg;106254.jpg;157716.jpg
035357.jpg;157697.jpg;070196.jpg
049069.jpg;161294.jpg;142359.jpg
005941.jpg;090175.jpg;139049.jpg
176425.jpg;173015.jpg;115110.jpg
041366.jpg;038067.jpg;063287.jpg
074127.jpg;090955.jpg;177695.jpg
013796.jpg;093370.jpg;196254.jpg
156355.jpg;029355.jpg;147531.jpg
104910.jpg;070147.jpg;147576.jpg
114460.jpg;099300.jpg;196050.jpg
068678.jpg;120746.jpg;145898.jpg
056863.jpg;064230.jpg;115758.jpg
122996.jpg;110741.jpg;006309.jpg
126960.jpg;109711.jpg;034694.jpg
181741.jpg;182495.jpg;027957.jpg
194656.jpg;189977.jpg;118885.jpg
107030.jpg;146290.jpg;128676.jpg
061865.jpg;064456.jpg;184850.jpg
152769.jpg;030430.jpg;026680.jpg
002379.jpg;001725.jpg;008913.jpg
064019.jpg;150312.jpg;065899.jpg
145554.jpg;038172.jpg;157781.jpg
110301.jpg;064252.jpg;070558.jpg
156983.jpg;011004.jpg;177703.jpg
094203.jpg;069295.jpg;069810.jpg
115301.jpg;004903.jpg;096599.jpg
200884.jpg;197396.jpg;167538.jpg
145756.jpg;105902.jpg;025682.jpg
091400.jpg;138021.jpg;129280.jpg
072800.jpg;076597.jpg;092758.jpg
155863.jpg;011865.jpg;171899.jpg
164378.jpg;181213.jpg;188431.jpg
017055.jpg;135503.jpg;085912.jpg
022718.jpg;037660.jpg;040005.jpg
008077.jpg;160244.jpg;127280.jpg
048358.jpg;049138.jpg;137818.jpg
057424.jpg;093473.jpg;074942.jpg
132460.jpg;038187.jpg;010304.jpg
088303.jpg;149231.jpg;139210.jpg
118310.jpg;085816.jpg;163814.jpg
114644.jpg;097724.jpg;004090.jpg
038322.jpg;039602.jpg;146276.jpg
036262.jpg;126203.jpg;141538.jpg
085797.jpg;077324.jpg;067302.jpg
145275.jpg;141560.jpg;141114.jpg
000320.jpg;079021.jpg;176629.jpg
041146.jpg;152766.jpg;030620.jpg
107631.jpg;061466.jpg;063587.jpg
171833.jpg;166552.jpg;134615.jpg
158831.jpg;141308.jpg;136973.jpg
166880.jpg;165276.jpg;050656.jpg
008426.jpg;159977.jpg;143653.jpg
087475.jpg;127489.jpg;098105.jpg
000713.jpg;120596.jpg;110924.jpg
051988.jpg;051624.jpg;043632.jpg
131325.jpg;080824.jpg;164868.jpg
140542.jpg;120443.jpg;083758.jpg
166245.jpg;165507.jpg;019336.jpg
130555.jpg;153712.jpg;186130.jpg
132939.jpg;027879.jpg;164415.jpg
038997.jpg;060976.jpg;059571.jpg
198335.jpg;188768.jpg;174934.jpg
111696.jpg;034742.jpg;011578.jpg
074049.jpg;005058.jpg;031360.jpg
060716.jpg;152300.jpg;131924.jpg
115473.jpg;006750.jpg;184822.jpg
150556.jpg;053456.jpg;199684.jpg
114412.jpg;159419.jpg;143294.jpg
026101.jpg;002647.jpg;117279.jpg
131802.jpg;037651.jpg;117571.jpg
016151.jpg;104287.jpg;129141.jpg
025361.jpg;111785.jpg;069307.jpg
027749.jpg;108049.jpg;082284.jpg
157270.jpg;118713.jpg;107274.jpg
202434.jpg;198379.jpg;029462.jpg
196629.jpg;199016.jpg;026549.jpg
062717.jpg;112715.jpg;089624.jpg
026427.jpg;131629.jpg;181864.jpg
180359.jpg;168169.jpg;169495.jpg
060163.jpg;059009.jpg;079962.jpg
036973.jpg;093092.jpg;046827.jpg
157129.jpg;100503.jpg;028002.jpg
182473.jpg;165787.jpg;117517.jpg
166032.jpg;176542.jpg;076626.jpg
060405.jpg;034571.jpg;039921.jpg
189234.jpg;185494.jpg;178995.jpg
131311.jpg;002771.jpg;192975.jpg
098866.jpg;125314.jpg;048204.jpg
016684.jpg;034483.jpg;194912.jpg
025890.jpg;026883.jpg;033776.jpg
121417.jpg;019031.jpg;080060.jpg
171121.jpg;181596.jpg;147818.jpg
186736.jpg;184769.jpg;006455.jpg
109063.jpg;131864.jpg;024512.jpg
008692.jpg;003583.jpg;096460.jpg
199691.jpg;187974.jpg;024899.jpg
111189.jpg;149201.jpg;000643.jpg
004160.jpg;122047.jpg;054481.jpg
020145.jpg;097949.jpg;181232.jpg
164886.jpg;181704.jpg;104048.jpg
061529.jpg;091446.jpg;108428.jpg
096148.jpg;151752.jpg;019117.jpg
197998.jpg;182691.jpg;040342.jpg
095700.jpg;031276.jpg;067924.jpg
091781.jpg;045576.jpg;048717.jpg
114797.jpg;106456.jpg;138001.jpg
057749.jpg;144032.jpg;123495.jpg
035300.jpg;032175.jpg;156320.jpg
171394.jpg;178685.jpg;090420.jpg
202573.jpg;187490.jpg;022651.jpg
186944.jpg;190524.jpg;063985.jpg
089221.jpg;026347.jpg;061174.jpg
143095.jpg;006152.jpg;057032.jpg
134471.jpg;124605.jpg;102617.jpg
192246.jpg;192153.jpg;073386.jpg
139060.jpg;138824.jpg;017623.jpg
036474.jpg;142423.jpg;113959.jpg
075155.jpg;156751.jpg;172314.jpg
164193.jpg;169856.jpg;168833.jpg
013290.jpg;058860.jpg;200641.jpg
131134.jpg;145236.jpg;019770.jpg
139162.jpg;059425.jpg;090273.jpg
137708.jpg;135649.jpg;195128.jpg
182024.jpg;170439.jpg;056736.jpg
199484.jpg;182768.jpg;029399.jpg
071239.jpg;050498.jpg;074059.jpg
181865.jpg;170493.jpg;136964.jpg
061698.jpg;123874.jpg;097584.jpg
151465.jpg;053683.jpg;110116.jpg
179917.jpg;165492.jpg;013541.jpg
187626.jpg;200009.jpg;000497.jpg
200834.jpg;197136.jpg;200711.jpg
153194.jpg;106745.jpg;081338.jpg
098051.jpg;099843.jpg;013995.jpg
191806.jpg;188887.jpg;068861.jpg
165434.jpg;163446.jpg;040336.jpg
087793.jpg;009017.jpg;014498.jpg
163331.jpg;180874.jpg;174325.jpg
179419.jpg;175126.jpg;007462.jpg
019828.jpg;050076.jpg;046264.jpg
144669.jpg;125071.jpg;097419.jpg
033568.jpg;041152.jpg;017086.jpg
029459.jpg;008514.jpg;086569.jpg
157670.jpg;112166.jpg;018398.jpg
169285.jpg;174905.jpg;114474.jpg
060941.jpg;073736.jpg;118058.jpg
046190.jpg;042394.jpg;190313.jpg
085230.jpg;033014.jpg;019800.jpg
128022.jpg;071291.jpg;024491.jpg
099306.jpg;000958.jpg;106371.jpg
021015.jpg;065349.jpg;039798.jpg
059170.jpg;095209.jpg;060868.jpg
000413.jpg;062471.jpg;092963.jpg
062988.jpg;096317.jpg;170423.jpg
045418.jpg;151035.jpg;193808.jpg
124808.jpg;060655.jpg;112938.jpg
114516.jpg;159528.jpg;003914.jpg
138999.jpg;001942.jpg;009331.jpg
076375.jpg;114513.jpg;060709.jpg
065345.jpg;099210.jpg;081450.jpg
089866.jpg;073724.jpg;039321.jpg
178394.jpg;164527.jpg;103408.jpg
019071.jpg;148736.jpg;129555.jpg
023598.jpg;000368.jpg;072791.jpg
148635.jpg;041802.jpg;142966.jpg
163686.jpg;178916.jpg;197643.jpg
031449.jpg;105716.jpg;162169.jpg
053935.jpg;006004.jpg;013523.jpg
098467.jpg;160799.jpg;088376.jpg
163769.jpg;180572.jpg;186351.jpg
113198.jpg;074539.jpg;116740.jpg
011760.jpg;054382.jpg;132179.jpg
074878.jpg;006793.jpg;131268.jpg
196451.jpg;186670.jpg;036875.jpg
156158.jpg;108460.jpg;120805.jpg
047725.jpg;141774.jpg;154610.jpg
129147.jpg;064767.jpg;189675.jpg
178748.jpg;172195.jpg;187862.jpg
162827.jpg;179400.jpg;031778.jpg
161856.jpg;123184.jpg;127031.jpg
153278.jpg;030371.jpg;133426.jpg
138153.jpg;073744.jpg;194981.jpg
085993.jpg;061671.jpg;003309.jpg
039374.jpg;058933.jpg;013130.jpg
053847.jpg;034707.jpg;073585.jpg
197336.jpg;201277.jpg;152466.jpg
127195.jpg;104629.jpg;053073.jpg
028731.jpg;135243.jpg;102168.jpg
198201.jpg;195986.jpg;175226.jpg
145653.jpg;132194.jpg;143209.jpg
175233.jpg;168441.jpg;076428.jpg
176603.jpg;174383.jpg;140156.jpg
173466.jpg;165880.jpg;198175.jpg
036770.jpg;126292.jpg;119212.jpg
063863.jpg;138004.jpg;047753.jpg
023979.jpg;083097.jpg;089507.jpg
027791.jpg;098407.jpg;042008.jpg
160664.jpg;035071.jpg;158722.jpg
142849.jpg;027100.jpg;025116.jpg
123484.jpg;104971.jpg;110913.jpg
079507.jpg;118021.jpg;088778.jpg
023943.jpg;035141.jpg;189567.jpg
143767.jpg;083134.jpg;140232.jpg
146161.jpg;071528.jpg;065660.jpg
067416.jpg;110510.jpg;123444.jpg
018137.jpg;128895.jpg;034594.jpg
079158.jpg;143084.jpg;055642.jpg
136097.jpg;055256.jpg;108885.jpg
075396.jpg;087158.jpg;170500.jpg
150988.jpg;081950.jpg;132481.jpg
120625.jpg;118261.jpg;178699.jpg
171046.jpg;170514.jpg;085679.jpg
107993.jpg;085066.jpg;114503.jpg
149746.jpg;115527.jpg;049042.jpg
077105.jpg;026079.jpg;120272.jpg
079051.jpg;050745.jpg;053437.jpg
141989.jpg;101837.jpg;102372.jpg
110906.jpg;053510.jpg;060390.jpg
067984.jpg;067862.jpg;097128.jpg
022360.jpg;127600.jpg;171641.jpg
032305.jpg;058236.jpg;057561.jpg
098843.jpg;147682.jpg;080613.jpg
042715.jpg;108913.jpg;110417.jpg
161308.jpg;127142.jpg;068876.jpg
160257.jpg;109558.jpg;119622.jpg
072888.jpg;040847.jpg;032798.jpg
063183.jpg;030289.jpg;006017.jpg
151494.jpg;063602.jpg;184574.jpg
086669.jpg;046571.jpg;068744.jpg
033929.jpg;047848.jpg;193179.jpg
196049.jpg;187290.jpg;094602.jpg
198490.jpg;184309.jpg;068464.jpg
172773.jpg;172531.jpg;102697.jpg
166431.jpg;178145.jpg;176915.jpg
147878.jpg;128412.jpg;079884.jpg
201986.jpg;200651.jpg;201535.jpg
030301.jpg;033847.jpg;087258.jpg
089535.jpg;086768.jpg;068337.jpg
060356.jpg;028164.jpg;114964.jpg
011750.jpg;071729.jpg;154242.jpg
196936.jpg;184295.jpg;027907.jpg
037980.jpg;071827.jpg;025911.jpg
166799.jpg;177184.jpg;142306.jpg
085709.jpg;161448.jpg;090178.jpg
096799.jpg;150732.jpg;202087.jpg
112524.jpg;156845.jpg;079221.jpg
194377.jpg;194071.jpg;192277.jpg
005643.jpg;070592.jpg;095282.jpg
144259.jpg;069974.jpg;009820.jpg
093310.jpg;034959.jpg;174694.jpg
064975.jpg;001730.jpg;054066.jpg
016728.jpg;122793.jpg;002032.jpg
008888.jpg;134053.jpg;086779.jpg
124057.jpg;161536.jpg;030297.jpg
072967.jpg;147868.jpg;077599.jpg
192726.jpg;201854.jpg;031403.jpg
163390.jpg;172885.jpg;091404.jpg
163901.jpg;181100.jpg;141052.jpg
110420.jpg;038074.jpg;133105.jpg
001288.jpg;110915.jpg;019822.jpg
113630.jpg;020325.jpg;196284.jpg
096252.jpg;049065.jpg;198421.jpg
188039.jpg;192170.jpg;105082.jpg
032409.jpg;012888.jpg;137274.jpg
174602.jpg;182340.jpg;089598.jpg
000324.jpg;019175.jpg;178646.jpg
153329.jpg;104164.jpg;122700.jpg
074919.jpg;072915.jpg;084170.jpg
115947.jpg;108664.jpg;017753.jpg
036474.jpg;127936.jpg;137135.jpg
141288.jpg;092523.jpg;104005.jpg
201894.jpg;187510.jpg;099567.jpg
048686.jpg;121741.jpg;036748.jpg
187724.jpg;188576.jpg;107387.jpg
077211.jpg;033837.jpg;134993.jpg
180469.jpg;175098.jpg;078283.jpg
150996.jpg;009162.jpg;172557.jpg
200710.jpg;200812.jpg;165467.jpg
056673.jpg;125965.jpg;080054.jpg
112808.jpg;136337.jpg;165913.jpg
037054.jpg;131429.jpg;072941.jpg
088425.jpg;003136.jpg;012757.jpg
148542.jpg;118233.jpg;156122.jpg
123643.jpg;069046.jpg;149248.jpg
103468.jpg;058974.jpg;196391.jpg
178372.jpg;176808.jpg;107038.jpg
190194.jpg;200835.jpg;186648.jpg
194945.jpg;191365.jpg;120994.jpg
065625.jpg;118386.jpg;197418.jpg
054976.jpg;000427.jpg;068413.jpg
128216.jpg;045595.jpg;011137.jpg
138644.jpg;022918.jpg;140742.jpg
075820.jpg;088427.jpg;015035.jpg
148084.jpg;095171.jpg;052482.jpg
189969.jpg;197606.jpg;046852.jpg
062628.jpg;049530.jpg;141596.jpg
102542.jpg;136408.jpg;013010.jpg
176622.jpg;182465.jpg;003876.jpg
037732.jpg;026486.jpg;014713.jpg
199566.jpg;183711.jpg;111874.jpg
152515.jpg;073152.jpg;170249.jpg
000621.jpg;131995.jpg;109698.jpg
181883.jpg;175254.jpg;026970.jpg
037822.jpg;024862.jpg;138633.jpg
082147.jpg;010545.jpg;129487.jpg
139283.jpg;100463.jpg;193213.jpg
004243.jpg;112330.jpg;080177.jpg
192336.jpg;198635.jpg;198978.jpg
020912.jpg;129870.jpg;100702.jpg
105976.jpg;156426.jpg;135205.jpg
011333.jpg;035117.jpg;170677.jpg
187067.jpg;201048.jpg;006048.jpg
170818.jpg;178845.jpg;119018.jpg
061288.jpg;046960.jpg;147282.jpg
015251.jpg;009326.jpg;177030.jpg
078647.jpg;012560.jpg;010223.jpg
013401.jpg;115394.jpg;000016.jpg
202486.jpg;200041.jpg;141887.jpg
053420.jpg;032303.jpg;148318.jpg
109302.jpg;109214.jpg;056245.jpg
178740.jpg;166703.jpg;067455.jpg
075105.jpg;029510.jpg;036209.jpg
159280.jpg;157481.jpg;110223.jpg
174669.jpg;178975.jpg;126240.jpg
057297.jpg;024250.jpg;000582.jpg
010468.jpg;126887.jpg;080824.jpg
016766.jpg;008679.jpg;113500.jpg
065070.jpg;136205.jpg;159015.jpg
078646.jpg;007366.jpg;092423.jpg
162717.jpg;041759.jpg;077650.jpg
197839.jpg;194377.jpg;135090.jpg
149735.jpg;111112.jpg;105367.jpg
034494.jpg;138741.jpg;115310.jpg
053533.jpg;074924.jpg;021593.jpg
124456.jpg;157332.jpg;039493.jpg
192740.jpg;201006.jpg;035029.jpg
059395.jpg;082878.jpg;161276.jpg
128791.jpg;106630.jpg;119264.jpg
030794.jpg;119407.jpg;064460.jpg
155327.jpg;039026.jpg;184938.jpg
125980.jpg;054012.jpg;195451.jpg
106233.jpg;032416.jpg;161938.jpg
166122.jpg;174848.jpg;169107.jpg
045589.jpg;124657.jpg;008785.jpg
071785.jpg;091345.jpg;006019.jpg
090834.jpg;101288.jpg;152670.jpg
084171.jpg;157351.jpg;160288.jpg
139263.jpg;020235.jpg;042858.jpg
009226.jpg;132997.jpg;121242.jpg
025538.jpg;048941.jpg;151211.jpg
171813.jpg;164444.jpg;103605.jpg
071323.jpg;139009.jpg;108988.jpg
159547.jpg;140368.jpg;123384.jpg
043864.jpg;026193.jpg;107098.jpg
037609.jpg;071331.jpg;143429.jpg
197752.jpg;188152.jpg;085870.jpg
108878.jpg;012634.jpg;167435.jpg
183991.jpg;184251.jpg;041807.jpg
053851.jpg;081083.jpg;074697.jpg
084416.jpg;084000.jpg;134982.jpg
147916.jpg;159457.jpg;038045.jpg
131544.jpg;092439.jpg;064164.jpg
042481.jpg;082358.jpg;157577.jpg
047967.jpg;043901.jpg;088262.jpg
063666.jpg;160932.jpg;104364.jpg
018872.jpg;078670.jpg;148593.jpg
184242.jpg;201549.jpg;111997.jpg
116146.jpg;026398.jpg;099051.jpg
173004.jpg;179715.jpg;088923.jpg
147906.jpg;112153.jpg;015679.jpg
003080.jpg;073391.jpg;049411.jpg
140343.jpg;148909.jpg;158598.jpg
156153.jpg;057985.jpg;051653.jpg
175677.jpg;180247.jpg;018093.jpg
184110.jpg;193309.jpg;183504.jpg
003912.jpg;031085.jpg;071604.jpg
173029.jpg;167223.jpg;035630.jpg
138943.jpg;096689.jpg;177500.jpg
054853.jpg;104947.jpg;070153.jpg
127008.jpg;144134.jpg;126056.jpg
179990.jpg;165883.jpg;148774.jpg
177428.jpg;169077.jpg;110199.jpg
002611.jpg;025182.jpg;147219.jpg
100620.jpg;096930.jpg;101259.jpg
142051.jpg;079452.jpg;176139.jpg
083547.jpg;162754.jpg;051526.jpg
194788.jpg;188742.jpg;157167.jpg
072017.jpg;051948.jpg;198966.jpg
072398.jpg;131202.jpg;116279.jpg
148060.jpg;034569.jpg;002097.jpg
140558.jpg;011012.jpg;070786.jpg
136961.jpg;106049.jpg;080181.jpg
076461.jpg;116291.jpg;063640.jpg
019700.jpg;157321.jpg;197453.jpg
002486.jpg;056136.jpg;010756.jpg
025620.jpg;136888.jpg;160235.jpg
179293.jpg;182376.jpg;026003.jpg
005954.jpg;014216.jpg;025305.jpg
004024.jpg;058578.jpg;022329.jpg
132656.jpg;057021.jpg;164632.jpg
179074.jpg;178516.jpg;062178.jpg
177200.jpg;169720.jpg;087062.jpg
182346.jpg;179193.jpg;080023.jpg
095412.jpg;074650.jpg;016451.jpg
092118.jpg;094325.jpg;151107.jpg
021851.jpg;149686.jpg;131182.jpg
117007.jpg;012656.jpg;022813.jpg
140125.jpg;067766.jpg;084102.jpg
184258.jpg;185011.jpg;012170.jpg
019474.jpg;100789.jpg;105431.jpg
132092.jpg;075426.jpg;044106.jpg
018385.jpg;049989.jpg;061205.jpg
063475.jpg;066703.jpg;024165.jpg
129358.jpg;093122.jpg;179637.jpg
141010.jpg;020570.jpg;020648.jpg
061652.jpg;139070.jpg;092291.jpg
199036.jpg;195661.jpg;131048.jpg
129771.jpg;036990.jpg;181883.jpg
189294.jpg;197810.jpg;198937.jpg
198635.jpg;196395.jpg;062757.jpg
042884.jpg;092386.jpg;156761.jpg
180373.jpg;169910.jpg;086776.jpg
050457.jpg;052014.jpg;195308.jpg
128137.jpg;104030.jpg;132042.jpg
014445.jpg;133115.jpg;076733.jpg
160522.jpg;050861.jpg;030159.jpg
100372.jpg;008982.jpg;113164.jpg
127933.jpg;029995.jpg;166071.jpg
129884.jpg;157668.jpg;133573.jpg
059997.jpg;050042.jpg;077972.jpg
104837.jpg;067023.jpg;024013.jpg
172460.jpg;180800.jpg;004032.jpg
005270.jpg;104991.jpg;152781.jpg
072616.jpg;053123.jpg;030738.jpg
088851.jpg;122809.jpg;108220.jpg
005569.jpg;146990.jpg;073463.jpg
021776.jpg;026984.jpg;105486.jpg
185129.jpg;198295.jpg;171776.jpg
160669.jpg;127988.jpg;187213.jpg
097183.jpg;151522.jpg;186452.jpg
009706.jpg;083614.jpg;136604.jpg
008299.jpg;029013.jpg;188304.jpg
016889.jpg;059402.jpg;165890.jpg
190176.jpg;202016.jpg;077284.jpg
197820.jpg;189936.jpg;093985.jpg
147060.jpg;147955.jpg;036244.jpg
124331.jpg;035821.jpg;154977.jpg
091218.jpg;037874.jpg;002426.jpg
029822.jpg;083218.jpg;110183.jpg
166206.jpg;178834.jpg;192075.jpg
055530.jpg;082807.jpg;186118.jpg
015176.jpg;005970.jpg;135227.jpg
179217.jpg;164776.jpg;130642.jpg
098036.jpg;010596.jpg;169792.jpg
165095.jpg;164494.jpg;106167.jpg
128340.jpg;099210.jpg;171685.jpg
023548.jpg;001329.jpg;197212.jpg
171391.jpg;177988.jpg;133499.jpg
013704.jpg;062571.jpg;048903.jpg
162466.jpg;006803.jpg;007893.jpg
058104.jpg;126233.jpg;087605.jpg
033668.jpg;065948.jpg;070929.jpg
141853.jpg;018013.jpg;089158.jpg
131473.jpg;132228.jpg;042656.jpg
100842.jpg;032630.jpg;115789.jpg
159886.jpg;036936.jpg;068738.jpg
019524.jpg;088630.jpg;036208.jpg
022147.jpg;130280.jpg;199468.jpg
142742.jpg;099562.jpg;107928.jpg
143890.jpg;056113.jpg;080186.jpg
191689.jpg;192037.jpg;153661.jpg
166441.jpg;181084.jpg;020623.jpg
006790.jpg;069101.jpg;150674.jpg
118100.jpg;013546.jpg;075579.jpg
025470.jpg;054004.jpg;181906.jpg
033936.jpg;119953.jpg;008227.jpg
166501.jpg;177322.jpg;063232.jpg
193002.jpg;190462.jpg;045034.jpg
169739.jpg;166983.jpg;015169.jpg
004359.jpg;030723.jpg;161914.jpg
122612.jpg;115659.jpg;057465.jpg
034507.jpg;004054.jpg;042349.jpg
086859.jpg;080376.jpg;039731.jpg
102901.jpg;113428.jpg;136625.jpg
182842.jpg;185068.jpg;117039.jpg
095471.jpg;158650.jpg;121983.jpg
106774.jpg;089465.jpg;096781.jpg
109404.jpg;008504.jpg;169413.jpg
135178.jpg;073117.jpg;194813.jpg
019438.jpg;126498.jpg;152918.jpg
101028.jpg;096952.jpg;110746.jpg
159297.jpg;066203.jpg;129079.jpg
193725.jpg;193540.jpg;025856.jpg
048646.jpg;137704.jpg;058144.jpg
158569.jpg;082100.jpg;094082.jpg
041408.jpg;162615.jpg;151843.jpg
132902.jpg;126838.jpg;068235.jpg
126936.jpg;037078.jpg;018781.jpg
174962.jpg;171589.jpg;157775.jpg
189179.jpg;193053.jpg;044863.jpg
200893.jpg;200403.jpg;068526.jpg
113293.jpg;020820.jpg;046797.jpg
024843.jpg;138085.jpg;170405.jpg
010028.jpg;057292.jpg;135009.jpg
033070.jpg;051526.jpg;001297.jpg
050582.jpg;104281.jpg;160086.jpg
195770.jpg;201784.jpg;135104.jpg
085879.jpg;064710.jpg;060242.jpg
076444.jpg;158423.jpg;117426.jpg
004303.jpg;100903.jpg;136766.jpg
118702.jpg;002956.jpg;007478.jpg
031659.jpg;039608.jpg;169290.jpg
097186.jpg;064199.jpg;022336.jpg
151449.jpg;102024.jpg;045891.jpg
144000.jpg;051618.jpg;079658.jpg
196043.jpg;201644.jpg;138347.jpg
018360.jpg;099546.jpg;098775.jpg
128076.jpg;082031.jpg;013561.jpg
118229.jpg;129919.jpg;045551.jpg
165836.jpg;181021.jpg;037571.jpg
147286.jpg;037805.jpg;110349.jpg
142208.jpg;096712.jpg;169452.jpg
085004.jpg;047952.jpg;011600.jpg
190881.jpg;190484.jpg;168414.jpg
183516.jpg;198714.jpg;061605.jpg
045636.jpg;064727.jpg;000855.jpg
116540.jpg;162111.jpg;077335.jpg
166800.jpg;164464.jpg;132315.jpg
045826.jpg;128309.jpg;145426.jpg
146260.jpg;126708.jpg;015192.jpg
002879.jpg;003689.jpg;051642.jpg
053039.jpg;078587.jpg;092120.jpg
093173.jpg;072459.jpg;061278.jpg
167370.jpg;175726.jpg;013147.jpg
180314.jpg;173842.jpg;067574.jpg
138786.jpg;078561.jpg;057460.jpg
079158.jpg;149612.jpg;059845.jpg
071920.jpg;122789.jpg;088489.jpg
034595.jpg;009466.jpg;150586.jpg
116306.jpg;049521.jpg;184319.jpg
155833.jpg;034714.jpg;126204.jpg
046084.jpg;001262.jpg;022722.jpg
179608.jpg;178818.jpg;077268.jpg
066280.jpg;054753.jpg;090117.jpg
026757.jpg;152760.jpg;163903.jpg
196226.jpg;199136.jpg;096630.jpg
143823.jpg;145986.jpg;007410.jpg
002503.jpg;150335.jpg;114103.jpg
003780.jpg;039156.jpg;041107.jpg
093797.jpg;149338.jpg;010486.jpg
007497.jpg;130443.jpg;059038.jpg
016751.jpg;122470.jpg;079050.jpg
088623.jpg;029712.jpg;017027.jpg
131111.jpg;077476.jpg;069672.jpg
062272.jpg;001486.jpg;049455.jpg
194317.jpg;195914.jpg;200288.jpg
059098.jpg;025714.jpg;026795.jpg
113547.jpg;101970.jpg;198281.jpg
130381.jpg;149814.jpg;126576.jpg
185620.jpg;191940.jpg;084769.jpg
079825.jpg;137125.jpg;149610.jpg
117403.jpg;016252.jpg;090161.jpg
004233.jpg;001109.jpg;189186.jpg
102098.jpg;026058.jpg;084938.jpg
114608.jpg;097953.jpg;155098.jpg
130115.jpg;077161.jpg;084792.jpg
100140.jpg;135519.jpg;202054.jpg
112911.jpg;074600.jpg;163632.jpg
159388.jpg;091828.jpg;137660.jpg
036509.jpg;024482.jpg;120522.jpg
172632.jpg;176377.jpg;123425.jpg
035492.jpg;075328.jpg;036326.jpg
109927.jpg;077185.jpg;124392.jpg
060918.jpg;057639.jpg;061010.jpg
059970.jpg;045096.jpg;043018.jpg
192367.jpg;196855.jpg;165045.jpg
054203.jpg;002318.jpg;174976.jpg
128705.jpg;039657.jpg;060943.jpg
199598.jpg;195540.jpg;163288.jpg
128214.jpg;021820.jpg;011971.jpg
076039.jpg;157120.jpg;186469.jpg
194126.jpg;200373.jpg;179104.jpg
106152.jpg;109055.jpg;029508.jpg
047416.jpg;022710.jpg;005831.jpg
048483.jpg;003729.jpg;061966.jpg
007449.jpg;128564.jpg;181338.jpg
043753.jpg;082754.jpg;058361.jpg
080833.jpg;091926.jpg;135573.jpg
015252.jpg;038219.jpg;065856.jpg
070621.jpg;048862.jpg;085562.jpg
065496.jpg;038201.jpg;113574.jpg
021267.jpg;131903.jpg;103081.jpg
028723.jpg;038786.jpg;038456.jpg
129457.jpg;000741.jpg;115654.jpg
052223.jpg;106115.jpg;020885.jpg
080185.jpg;110552.jpg;103395.jpg
071591.jpg;068191.jpg;074554.jpg
025493.jpg;057651.jpg;140413.jpg
034602.jpg;013159.jpg;194703.jpg
193511.jpg;200299.jpg;014497.jpg
071600.jpg;134070.jpg;112729.jpg
146860.jpg;007834.jpg;189797.jpg
011523.jpg;074223.jpg;083913.jpg
095364.jpg;042562.jpg;014733.jpg
022410.jpg;155844.jpg;158566.jpg
066425.jpg;090217.jpg;160656.jpg
141619.jpg;111366.jpg;042879.jpg
174453.jpg;181274.jpg;056060.jpg
058967.jpg;044704.jpg;185115.jpg
139032.jpg;136568.jpg;167617.jpg
158115.jpg;034534.jpg;030439.jpg
147149.jpg;144047.jpg;193998.jpg
057857.jpg;156020.jpg;121001.jpg
139259.jpg;058863.jpg;192792.jpg
026609.jpg;011754.jpg;070623.jpg
188794.jpg;192431.jpg;200432.jpg
114548.jpg;102601.jpg;101071.jpg
119591.jpg;040054.jpg;184446.jpg
187085.jpg;196068.jpg;088175.jpg
141461.jpg;055009.jpg;071941.jpg
170312.jpg;171883.jpg;055543.jpg
176901.jpg;165990.jpg;009037.jpg
113769.jpg;056818.jpg;014568.jpg
140139.jpg;064365.jpg;094364.jpg
001080.jpg;113907.jpg;008937.jpg
198149.jpg;202256.jpg;089305.jpg
045252.jpg;130751.jpg;081512.jpg
065339.jpg;103673.jpg;171354.jpg
146187.jpg;003102.jpg;122497.jpg
068214.jpg;132748.jpg;131595.jpg
081991.jpg;067510.jpg;016775.jpg
022176.jpg;036930.jpg;029368.jpg
025210.jpg;023875.jpg;171204.jpg
061144.jpg;035907.jpg;173921.jpg
005883.jpg;139258.jpg;064447.jpg
069869.jpg;047939.jpg;010191.jpg
054249.jpg;085299.jpg;059437.jpg
023109.jpg;012885.jpg;028958.jpg
057665.jpg;121873.jpg;030182.jpg
138555.jpg;067609.jpg;091063.jpg
018346.jpg;068625.jpg;151821.jpg
173398.jpg;173212.jpg;089982.jpg
167648.jpg;165152.jpg;089237.jpg
108363.jpg;085785.jpg;112716.jpg
052370.jpg;052298.jpg;033927.jpg
111156.jpg;071243.jpg;180018.jpg
112905.jpg;044408.jpg;028598.jpg
006690.jpg;075610.jpg;172416.jpg
163182.jpg;169385.jpg;015377.jpg
140490.jpg;124622.jpg;122855.jpg
003498.jpg;153931.jpg;091268.jpg
153720.jpg;103855.jpg;110013.jpg
184423.jpg;200578.jpg;104580.jpg
056922.jpg;103750.jpg;050022.jpg
129669.jpg;072473.jpg;026611.jpg
098394.jpg;055041.jpg;161958.jpg
120642.jpg;054503.jpg;124837.jpg
135486.jpg;017050.jpg;195678.jpg
118095.jpg;031403.jpg;159850.jpg
002081.jpg;005502.jpg;040616.jpg
024916.jpg;072637.jpg;064973.jpg
138822.jpg;029387.jpg;000250.jpg
201152.jpg;185909.jpg;000012.jpg
186216.jpg;183570.jpg;138695.jpg
094617.jpg;059537.jpg;168979.jpg
027141.jpg;017929.jpg;137988.jpg
156479.jpg;026390.jpg;068244.jpg
202061.jpg;185933.jpg;107378.jpg
139122.jpg;157771.jpg;124526.jpg
149505.jpg;087275.jpg;133814.jpg
073484.jpg;156551.jpg;152624.jpg
128887.jpg;035177.jpg;134959.jpg
150647.jpg;045239.jpg;185231.jpg
169661.jpg;170217.jpg;189660.jpg
128323.jpg;089885.jpg;115144.jpg
178768.jpg;168743.jpg;197741.jpg
114299.jpg;128579.jpg;038771.jpg
037368.jpg;043390.jpg;192718.jpg
054750.jpg;088031.jpg;050913.jpg
022933.jpg;118739.jpg;194072.jpg
066961.jpg;043010.jpg;019613.jpg
178076.jpg;177094.jpg;049071.jpg
164324.jpg;173094.jpg;083142.jpg
122104.jpg;126587.jpg;110654.jpg
136034.jpg;088155.jpg;172206.jpg
134680.jpg;070480.jpg;143627.jpg
153129.jpg;067098.jpg;163107.jpg
128057.jpg;081732.jpg;146249.jpg
071736.jpg;079843.jpg;020323.jpg
050422.jpg;157706.jpg;134387.jpg
127989.jpg;152066.jpg;044989.jpg
028048.jpg;050328.jpg;004246.jpg
065434.jpg;071269.jpg;017468.jpg
084702.jpg;040111.jpg;140011.jpg
096215.jpg;125428.jpg;057342.jpg
048189.jpg;031724.jpg;201467.jpg
117239.jpg;079510.jpg;001459.jpg
057983.jpg;038831.jpg;054744.jpg
103738.jpg;089675.jpg;081510.jpg
039066.jpg;008180.jpg;180769.jpg
155610.jpg;052731.jpg;076609.jpg
143387.jpg;153947.jpg;093874.jpg
036521.jpg;113818.jpg;114623.jpg
075906.jpg;160164.jpg;193252.jpg
132724.jpg;010794.jpg;132525.jpg
117307.jpg;031725.jpg;173415.jpg
191568.jpg;193016.jpg;063672.jpg
062010.jpg;071933.jpg;066161.jpg
073702.jpg;067178.jpg;187060.jpg
114220.jpg;139140.jpg;118789.jpg
102665.jpg;123983.jpg;024721.jpg
157653.jpg;162491.jpg;166412.jpg
153576.jpg;120531.jpg;051052.jpg
153384.jpg;055643.jpg;126056.jpg
041297.jpg;030533.jpg;059055.jpg
009704.jpg;075995.jpg;135159.jpg
015682.jpg;103103.jpg;054793.jpg
071828.jpg;104082.jpg;052423.jpg
123884.jpg;032904.jpg;144979.jpg
046480.jpg;076226.jpg;189174.jpg
027558.jpg;096019.jpg;015693.jpg
133421.jpg;043125.jpg;137401.jpg
186518.jpg;196112.jpg;192352.jpg
176013.jpg;167866.jpg;155932.jpg
014980.jpg;079949.jpg;053027.jpg
013365.jpg;110870.jpg;092272.jpg
006401.jpg;034298.jpg;059383.jpg
075280.jpg;061746.jpg;156918.jpg
011393.jpg;086704.jpg;162126.jpg
071606.jpg;111196.jpg;041784.jpg
164000.jpg;181247.jpg;171859.jpg
040993.jpg;066278.jpg;119935.jpg
054170.jpg;042527.jpg;092568.jpg
105219.jpg;114454.jpg;132672.jpg
052249.jpg;111617.jpg;094630.jpg
158035.jpg;021706.jpg;174384.jpg
057216.jpg;091259.jpg;030904.jpg
030206.jpg;131298.jpg;078075.jpg
086882.jpg;157748.jpg;017513.jpg
188592.jpg;197461.jpg;160560.jpg
058040.jpg;029051.jpg;196433.jpg
038449.jpg;076002.jpg;150988.jpg
199372.jpg;188091.jpg;125397.jpg
097751.jpg;144242.jpg;162202.jpg
146393.jpg;143255.jpg;115532.jpg
097588.jpg;029178.jpg;137193.jpg
008273.jpg;144113.jpg;063247.jpg
031396.jpg;022999.jpg;006635.jpg
163225.jpg;168608.jpg;053794.jpg
161957.jpg;004815.jpg;089685.jpg
041349.jpg;078709.jpg;177132.jpg
187012.jpg;197396.jpg;081957.jpg
104984.jpg;104495.jpg;071407.jpg
042780.jpg;140139.jpg;002104.jpg
011875.jpg;013005.jpg;110655.jpg
047592.jpg;117460.jpg;138016.jpg
100837.jpg;055123.jpg;020902.jpg
062558.jpg;052928.jpg;108328.jpg
068898.jpg;064454.jpg;092533.jpg
134379.jpg;054537.jpg;085745.jpg
037734.jpg;079807.jpg;152259.jpg
004923.jpg;064041.jpg;001421.jpg
163398.jpg;170528.jpg;182588.jpg
151719.jpg;028460.jpg;096911.jpg
190428.jpg;187658.jpg;101693.jpg
051638.jpg;097821.jpg;181689.jpg
097518.jpg;085590.jpg;133280.jpg
200773.jpg;193248.jpg;038770.jpg
125842.jpg;141207.jpg;046339.jpg
120468.jpg;118267.jpg;061758.jpg
057145.jpg;145040.jpg;025074.jpg
039310.jpg;085063.jpg;090204.jpg
169142.jpg;163839.jpg;038958.jpg
035983.jpg;129127.jpg;000072.jpg
151379.jpg;147990.jpg;085051.jpg
052459.jpg;124544.jpg;111466.jpg
140786.jpg;001099.jpg;094600.jpg
043908.jpg;015422.jpg;027934.jpg
083815.jpg;107869.jpg;048784.jpg
037631.jpg;153524.jpg;030558.jpg
080394.jpg;034654.jpg;039594.jpg
003168.jpg;000342.jpg;151783.jpg
192740.jpg;196833.jpg;165155.jpg
090783.jpg;086679.jpg;082532.jpg
063849.jpg;061596.jpg;129093.jpg
007984.jpg;117696.jpg;079591.jpg
119201.jpg;022425.jpg;186012.jpg
004759.jpg;135816.jpg;110771.jpg
080101.jpg;128398.jpg;049700.jpg
024293.jpg;067420.jpg;089999.jpg
157242.jpg;136776.jpg;075944.jpg
090270.jpg;110281.jpg;094227.jpg
158169.jpg;029939.jpg;012186.jpg
095926.jpg;060088.jpg;171027.jpg
137899.jpg;123773.jpg;085382.jpg
202234.jpg;192028.jpg;110576.jpg
149325.jpg;027579.jpg;078979.jpg
028318.jpg;074417.jpg;086982.jpg
114654.jpg;133270.jpg;162833.jpg
188124.jpg;183864.jpg;029437.jpg
127379.jpg;000786.jpg;016141.jpg
198188.jpg;199538.jpg;170276.jpg
127193.jpg;151554.jpg;044603.jpg
149426.jpg;160211.jpg;093246.jpg
147536.jpg;137275.jpg;054128.jpg
066973.jpg;060349.jpg;130805.jpg
008378.jpg;000494.jpg;167080.jpg
186280.jpg;192265.jpg;093823.jpg
032436.jpg;026032.jpg;071457.jpg
055165.jpg;157213.jpg;028842.jpg
066112.jpg;001208.jpg;182704.jpg
131665.jpg;103094.jpg;184480.jpg
019183.jpg;152210.jpg;100401.jpg
021654.jpg;138488.jpg;020459.jpg
144322.jpg;105580.jpg;196099.jpg
119257.jpg;130806.jpg;075256.jpg
152866.jpg;014503.jpg;113253.jpg
169632.jpg;170284.jpg;156399.jpg
177477.jpg;166683.jpg;036423.jpg
068274.jpg;099489.jpg;047629.jpg
164259.jpg;175877.jpg;198209.jpg
055712.jpg;104949.jpg;036529.jpg
011068.jpg;099470.jpg;079023.jpg
167974.jpg;165445.jpg;144462.jpg
067785.jpg;129782.jpg;078559.jpg
082165.jpg;020572.jpg;015869.jpg
003371.jpg;006270.jpg;025265.jpg
063910.jpg;056543.jpg;019371.jpg
091489.jpg;005560.jpg;167466.jpg
032085.jpg;033422.jpg;109447.jpg
101136.jpg;081603.jpg;066507.jpg
149615.jpg;073212.jpg;097564.jpg
138455.jpg;079892.jpg;053448.jpg
133170.jpg;123965.jpg;076726.jpg
159826.jpg;152292.jpg;178531.jpg
045716.jpg;105504.jpg;133750.jpg
061865.jpg;025060.jpg;077047.jpg
170325.jpg;169799.jpg;035535.jpg
046319.jpg;040558.jpg;036944.jpg
072531.jpg;137431.jpg;026963.jpg
164158.jpg;165347.jpg;084535.jpg
067909.jpg;139688.jpg;155140.jpg
073244.jpg;150684.jpg;149483.jpg
087437.jpg;094511.jpg;058589.jpg
193513.jpg;194293.jpg;148452.jpg
084782.jpg;133846.jpg;009640.jpg
070875.jpg;153941.jpg;197563.jpg
120370.jpg;148934.jpg;062975.jpg
006325.jpg;044701.jpg;124463.jpg
169006.jpg;178869.jpg;103934.jpg
074870.jpg;076439.jpg;193599.jpg
085507.jpg;003905.jpg;021399.jpg
076556.jpg;047999.jpg;183054.jpg
038774.jpg;096035.jpg;141336.jpg
194607.jpg;186399.jpg;174721.jpg
176827.jpg;170941.jpg;121404.jpg
186405.jpg;189998.jpg;201467.jpg
200077.jpg;191993.jpg;103678.jpg
016224.jpg;120726.jpg;002742.jpg
109988.jpg;035396.jpg;101278.jpg
033227.jpg;133109.jpg;145235.jpg
176060.jpg;175698.jpg;125522.jpg
056027.jpg;097929.jpg;082163.jpg
132495.jpg;025544.jpg;158736.jpg
051120.jpg;132502.jpg;088850.jpg
049187.jpg;038226.jpg;081188.jpg
008777.jpg;094002.jpg;164451.jpg
176739.jpg;164092.jpg;070723.jpg
158959.jpg;144199.jpg;141377.jpg
007566.jpg;028892.jpg;104621.jpg
183905.jpg;199502.jpg;147034.jpg
111861.jpg;123720.jpg;062199.jpg
128293.jpg;100751.jpg;130225.jpg
195350.jpg;189323.jpg;180495.jpg
187132.jpg;183599.jpg;059136.jpg
193354.jpg;189682.jpg;066274.jpg
127010.jpg;078847.jpg;109627.jpg
169607.jpg;164117.jpg;159843.jpg
120925.jpg;102828.jpg;010486.jpg
114431.jpg;078587.jpg;111369.jpg
135245.jpg;123863.jpg;036140.jpg
088796.jpg;112103.jpg;119799.jpg
039038.jpg;118210.jpg;102965.jpg
104698.jpg;054007.jpg;156638.jpg
015325.jpg;141631.jpg;088586.jpg
189903.jpg;182762.jpg;195320.jpg
020873.jpg;135554.jpg;084101.jpg
009526.jpg;048789.jpg;182541.jpg
148467.jpg;079176.jpg;177809.jpg
060180.jpg;119433.jpg;109756.jpg
011304.jpg;015818.jpg;045596.jpg
037999.jpg;011285.jpg;168365.jpg
003477.jpg;112868.jpg;177820.jpg
143948.jpg;081922.jpg;125838.jpg
099641.jpg;156267.jpg;146595.jpg
181801.jpg;167050.jpg;023735.jpg
001915.jpg;023345.jpg;006525.jpg
103157.jpg;026703.jpg;024467.jpg
020640.jpg;150494.jpg;010417.jpg
109247.jpg;006535.jpg;137371.jpg
184973.jpg;198483.jpg;139535.jpg
156799.jpg;089222.jpg;047286.jpg
131563.jpg;054422.jpg;035288.jpg
107715.jpg;149663.jpg;007169.jpg
066525.jpg;103062.jpg;145818.jpg
176030.jpg;174839.jpg;152357.jpg
046472.jpg;113968.jpg;168888.jpg
015941.jpg;003628.jpg;043401.jpg
088861.jpg;147114.jpg;142358.jpg
054099.jpg;069879.jpg;143297.jpg
057987.jpg;122990.jpg;111642.jpg
130136.jpg;062671.jpg;031814.jpg
117783.jpg;017833.jpg;135499.jpg
005390.jpg;068976.jpg;120825.jpg
111957.jpg;067049.jpg;090092.jpg
172614.jpg;178496.jpg;038254.jpg
136750.jpg;096522.jpg;018076.jpg
111405.jpg;052256.jpg;111732.jpg
112763.jpg;072640.jpg;176576.jpg
131107.jpg;149007.jpg;064977.jpg
173095.jpg;171652.jpg;197039.jpg
026889.jpg;091667.jpg;193976.jpg
157460.jpg;003891.jpg;083781.jpg
176381.jpg;166765.jpg;123171.jpg
126465.jpg;047722.jpg;011913.jpg
159568.jpg;143111.jpg;124806.jpg
014032.jpg;029818.jpg;040847.jpg
032351.jpg;080112.jpg;176554.jpg
053923.jpg;048384.jpg;185627.jpg
177737.jpg;165357.jpg;093862.jpg
133029.jpg;034278.jpg;014278.jpg
099425.jpg;071273.jpg;135169.jpg
069472.jpg;159268.jpg;087077.jpg
070582.jpg;046506.jpg;074720.jpg
061521.jpg;032929.jpg;174091.jpg
075032.jpg;142023.jpg;014356.jpg
005735.jpg;135696.jpg;113814.jpg
094560.jpg;140078.jpg;154715.jpg
167522.jpg;172737.jpg;044133.jpg
167997.jpg;176816.jpg;074358.jpg
193383.jpg;191740.jpg;193267.jpg
131841.jpg;002904.jpg;019047.jpg
082229.jpg;106022.jpg;179878.jpg
004740.jpg;131141.jpg;050719.jpg
060024.jpg;052992.jpg;035093.jpg
130376.jpg;079560.jpg;080820.jpg
041192.jpg;122019.jpg;168677.jpg
178099.jpg;165715.jpg;024530.jpg
175481.jpg;182004.jpg;194041.jpg
112687.jpg;120558.jpg;003508.jpg
131850.jpg;055203.jpg;067264.jpg
057797.jpg;044250.jpg;028760.jpg
025609.jpg;105097.jpg;193802.jpg
059376.jpg;060923.jpg;141819.jpg
159585.jpg;013652.jpg;102399.jpg
017907.jpg;157863.jpg;051573.jpg
197231.jpg;188521.jpg;175138.jpg
125158.jpg;108588.jpg;149291.jpg
052937.jpg;139623.jpg;128006.jpg
167121.jpg;163642.jpg;000517.jpg
186424.jpg;197308.jpg;067421.jpg
026545.jpg;051673.jpg;006055.jpg
163935.jpg;181252.jpg;113652.jpg
114825.jpg;004773.jpg;134408.jpg
139391.jpg;152080.jpg;097264.jpg
090710.jpg;000708.jpg;148229.jpg
005416.jpg;051957.jpg;138325.jpg
178736.jpg;171174.jpg;080208.jpg
138148.jpg;046183.jpg;175464.jpg
045190.jpg;096423.jpg;191001.jpg
045499.jpg;100994.jpg;140889.jpg
103262.jpg;067319.jpg;068974.jpg
168526.jpg;170374.jpg;047629.jpg
092424.jpg;059626.jpg;049272.jpg
182689.jpg;187013.jpg;077663.jpg
170147.jpg;165751.jpg;111454.jpg
017653.jpg;037157.jpg;149817.jpg
193063.jpg;184999.jpg;087374.jpg
018290.jpg;090934.jpg;021505.jpg
146374.jpg;117681.jpg;020510.jpg
106574.jpg;113583.jpg;044977.jpg
119073.jpg;056589.jpg;056843.jpg
017646.jpg;121149.jpg;159535.jpg
169005.jpg;168823.jpg;155508.jpg
063647.jpg;017526.jpg;146521.jpg
180831.jpg;175392.jpg;169735.jpg
047037.jpg;008188.jpg;023002.jpg
008203.jpg;048519.jpg;038756.jpg
146743.jpg;083710.jpg;020047.jpg
035764.jpg;151463.jpg;160264.jpg
182142.jpg;175881.jpg;186352.jpg
200177.jpg;190277.jpg;026614.jpg
010236.jpg;052682.jpg;035427.jpg
154690.jpg;051131.jpg;199352.jpg
007695.jpg;022394.jpg;153962.jpg
029043.jpg;017643.jpg;138066.jpg
056161.jpg;108860.jpg;046939.jpg
005090.jpg;156351.jpg;006032.jpg
006238.jpg;004007.jpg;138442.jpg
063882.jpg;099854.jpg;071861.jpg
103154.jpg;075256.jpg;043026.jpg
078328.jpg;121367.jpg;146137.jpg
117681.jpg;035616.jpg;063627.jpg
101883.jpg;024529.jpg;099400.jpg
153948.jpg;112588.jpg;012574.jpg
013615.jpg;049649.jpg;167756.jpg
193944.jpg;192331.jpg;161405.jpg
013219.jpg;045094.jpg;095600.jpg
125443.jpg;018600.jpg;022718.jpg
116847.jpg;100678.jpg;037142.jpg
068064.jpg;066999.jpg;154601.jpg
103520.jpg;122068.jpg;054301.jpg
138082.jpg;137476.jpg;088109.jpg
110747.jpg;101358.jpg;099184.jpg
192375.jpg;188045.jpg;138450.jpg
034268.jpg;003514.jpg;065505.jpg
118171.jpg;083948.jpg;069651.jpg
074689.jpg;080154.jpg;151430.jpg
171646.jpg;178859.jpg;067694.jpg
197873.jpg;200111.jpg;149247.jpg
008394.jpg;102521.jpg;028120.jpg
103917.jpg;036893.jpg;048931.jpg
019494.jpg;018187.jpg;091975.jpg
183502.jpg;188955.jpg;146621.jpg
007898.jpg;153976.jpg;096560.jpg
045432.jpg;060887.jpg;066930.jpg
087650.jpg;124750.jpg;174778.jpg
179879.jpg;169345.jpg;139163.jpg
068971.jpg;138810.jpg;168798.jpg
152892.jpg;077032.jpg;187216.jpg
016050.jpg;032645.jpg;086708.jpg
076217.jpg;044034.jpg;107051.jpg
166101.jpg;178488.jpg;161049.jpg
136664.jpg;032845.jpg;101032.jpg
192421.jpg;185564.jpg;069847.jpg
023044.jpg;121854.jpg;095309.jpg
111886.jpg;006955.jpg;063752.jpg
188242.jpg;200223.jpg;199296.jpg
091609.jpg;009343.jpg;110351.jpg
157438.jpg;046565.jpg;117474.jpg
091560.jpg;143136.jpg;050499.jpg
064323.jpg;159083.jpg;166809.jpg
013920.jpg;099912.jpg;137091.jpg
200218.jpg;197769.jpg;096029.jpg
076721.jpg;044538.jpg;114986.jpg
103097.jpg;020571.jpg;128882.jpg
076275.jpg;162235.jpg;056934.jpg
116896.jpg;054359.jpg;008105.jpg
071305.jpg;038124.jpg;189142.jpg
017569.jpg;038084.jpg;158545.jpg
031997.jpg;077424.jpg;053343.jpg
076499.jpg;122532.jpg;140883.jpg
180280.jpg;166837.jpg;082428.jpg
132514.jpg;051320.jpg;167412.jpg
171287.jpg;163198.jpg;014943.jpg
097481.jpg;109353.jpg;029031.jpg
071678.jpg;143409.jpg;015651.jpg
112749.jpg;029517.jpg;151419.jpg
101962.jpg;159981.jpg;159239.jpg
099282.jpg;085064.jpg;015959.jpg
167294.jpg;172908.jpg;109273.jpg
048610.jpg;089021.jpg;035972.jpg
140082.jpg;022326.jpg;167485.jpg
084048.jpg;042043.jpg;104576.jpg
048775.jpg;089591.jpg;090976.jpg
018062.jpg;052623.jpg;190079.jpg
160999.jpg;157937.jpg;115036.jpg
144213.jpg;068679.jpg;104457.jpg
144831.jpg;142771.jpg;154211.jpg
107721.jpg;082517.jpg;037208.jpg
065402.jpg;077675.jpg;119605.jpg
048141.jpg;078073.jpg;026781.jpg
066252.jpg;053060.jpg;083046.jpg
158341.jpg;029225.jpg;037245.jpg
096637.jpg;126931.jpg;188210.jpg
139848.jpg;005431.jpg;148201.jpg
010116.jpg;141839.jpg;177372.jpg
050829.jpg;056599.jpg;031491.jpg
052260.jpg;035661.jpg;163248.jpg
175548.jpg;180412.jpg;198178.jpg
176685.jpg;175943.jpg;091055.jpg
140655.jpg;031088.jpg;114846.jpg
172717.jpg;172883.jpg;089551.jpg
070986.jpg;070322.jpg;061367.jpg
001205.jpg;072887.jpg;129737.jpg
034564.jpg;015902.jpg;037630.jpg
164629.jpg;173123.jpg;102002.jpg
069691.jpg;113225.jpg;087427.jpg
007756.jpg;047019.jpg;130288.jpg
024259.jpg;122693.jpg;160004.jpg
021677.jpg;011388.jpg;104358.jpg
027531.jpg;031486.jpg;021412.jpg
119048.jpg;158517.jpg;074534.jpg
133836.jpg;043416.jpg;006521.jpg
041350.jpg;115556.jpg;020151.jpg
122690.jpg;132161.jpg;145200.jpg
187837.jpg;187266.jpg;063235.jpg
123147.jpg;022751.jpg;189419.jpg
076718.jpg;051859.jpg;138482.jpg
048720.jpg;072704.jpg;089444.jpg
189531.jpg;196645.jpg;135814.jpg
085358.jpg;145441.jpg;177944.jpg
188145.jpg;188576.jpg;125525.jpg
016704.jpg;083373.jpg;163316.jpg
065592.jpg;148574.jpg;001474.jpg
042597.jpg;046020.jpg;180225.jpg
123915.jpg;098399.jpg;039395.jpg
192706.jpg;199175.jpg;173788.jpg
043807.jpg;054035.jpg;136995.jpg
168402.jpg;167866.jpg;032213.jpg
103743.jpg;132638.jpg;019733.jpg
151420.jpg;013316.jpg;123437.jpg
146410.jpg;126088.jpg;018328.jpg
177861.jpg;181619.jpg;193180.jpg
064660.jpg;051578.jpg;015426.jpg
106104.jpg;009195.jpg;096686.jpg
047723.jpg;162687.jpg;078175.jpg
170586.jpg;177755.jpg;031549.jpg
098974.jpg;121594.jpg;124459.jpg
162323.jpg;109805.jpg;171876.jpg
079593.jpg;003123.jpg;031996.jpg
080034.jpg;009291.jpg;094944.jpg
189745.jpg;189445.jpg;201631.jpg
041182.jpg;125130.jpg;152322.jpg
138621.jpg;152533.jpg;104877.jpg
107176.jpg;065354.jpg;105907.jpg
103847.jpg;022733.jpg;167496.jpg
186905.jpg;191675.jpg;185259.jpg
019312.jpg;048490.jpg;137240.jpg
191776.jpg;194757.jpg;176901.jpg
135257.jpg;144305.jpg;020875.jpg
131499.jpg;135412.jpg;173407.jpg
134200.jpg;013606.jpg;049064.jpg
159564.jpg;044028.jpg;086624.jpg
159114.jpg;062085.jpg;060268.jpg
153980.jpg;107535.jpg;107165.jpg
012249.jpg;028584.jpg;128955.jpg
018357.jpg;018471.jpg;118436.jpg
101878.jpg;137931.jpg;133263.jpg
092217.jpg;014428.jpg;069303.jpg
013475.jpg;108955.jpg;192178.jpg
145901.jpg;134987.jpg;094054.jpg
146801.jpg;138003.jpg;077566.jpg
088380.jpg;134652.jpg;076650.jpg
004641.jpg;035141.jpg;162290.jpg
061052.jpg;126578.jpg;016469.jpg
151345.jpg;161032.jpg;144734.jpg
174279.jpg;176061.jpg;069398.jpg
064177.jpg;049536.jpg;077230.jpg
087313.jpg;124154.jpg;195574.jpg
134845.jpg;057486.jpg;175876.jpg
198622.jpg;194304.jpg;065141.jpg
154118.jpg;049265.jpg;012564.jpg
036246.jpg;079186.jpg;122163.jpg
019114.jpg;049260.jpg;191972.jpg
034599.jpg;127850.jpg;033896.jpg
145397.jpg;009257.jpg;082115.jpg
194733.jpg;201818.jpg;175291.jpg
080373.jpg;062290.jpg;014830.jpg
057882.jpg;093759.jpg;157620.jpg
082878.jpg;136751.jpg;044235.jpg
191059.jpg;183972.jpg;104945.jpg
069697.jpg;125377.jpg;177100.jpg
029195.jpg;118687.jpg;162193.jpg
034371.jpg;061420.jpg;179737.jpg
173945.jpg;171581.jpg;139819.jpg
200853.jpg;184315.jpg;183381.jpg
009994.jpg;112516.jpg;031590.jpg
131971.jpg;047126.jpg;189563.jpg
039675.jpg;037563.jpg;136880.jpg
107051.jpg;016635.jpg;037714.jpg
089862.jpg;017954.jpg;077587.jpg
049665.jpg;009602.jpg;185627.jpg
032513.jpg;119776.jpg;092819.jpg
003028.jpg;084600.jpg;116133.jpg
044570.jpg;007182.jpg;172508.jpg
107826.jpg;138747.jpg;185174.jpg
048499.jpg;092310.jpg;157010.jpg
121858.jpg;117093.jpg;199762.jpg
039778.jpg;001576.jpg;115187.jpg
101563.jpg;050059.jpg;081187.jpg
131565.jpg;009273.jpg;054807.jpg
085016.jpg;087565.jpg;185922.jpg
010187.jpg;140815.jpg;009430.jpg
115860.jpg;144760.jpg;025075.jpg
143470.jpg;068415.jpg;066729.jpg
083315.jpg;093233.jpg;068580.jpg
118830.jpg;149742.jpg;183112.jpg
066843.jpg;146894.jpg;175440.jpg
102752.jpg;152709.jpg;093615.jpg
037072.jpg;111080.jpg;044524.jpg
061069.jpg;148651.jpg;043438.jpg
080302.jpg;154940.jpg;152670.jpg
063834.jpg;110333.jpg;106656.jpg
016579.jpg;137811.jpg;186777.jpg
079449.jpg;143760.jpg;079157.jpg
009397.jpg;006686.jpg;006679.jpg
130771.jpg;131912.jpg;054448.jpg
143300.jpg;020384.jpg;130047.jpg
040337.jpg;108857.jpg;175870.jpg
148078.jpg;122583.jpg;085922.jpg
091145.jpg;024207.jpg;107566.jpg
186584.jpg;196355.jpg;187137.jpg
075646.jpg;034014.jpg;023491.jpg
128586.jpg;093588.jpg;122214.jpg
174627.jpg;168198.jpg;094002.jpg
019983.jpg;024196.jpg;075070.jpg
089995.jpg;046230.jpg;136782.jpg
201756.jpg;184265.jpg;155222.jpg
089310.jpg;051029.jpg;068258.jpg
122189.jpg;017677.jpg;068561.jpg
011661.jpg;129149.jpg;152370.jpg
164632.jpg;167328.jpg;026880.jpg
030823.jpg;045505.jpg;166128.jpg
132781.jpg;122428.jpg;012867.jpg
141381.jpg;023533.jpg;084117.jpg
202315.jpg;197102.jpg;014385.jpg
082800.jpg;069857.jpg;179316.jpg
115852.jpg;075592.jpg;022008.jpg
118227.jpg;011910.jpg;172302.jpg
184295.jpg;186760.jpg;096716.jpg
090371.jpg;080949.jpg;184803.jpg
030358.jpg;074067.jpg;059693.jpg
164942.jpg;166503.jpg;016868.jpg
192956.jpg;199476.jpg;131747.jpg
067990.jpg;073308.jpg;119389.jpg
190313.jpg;188879.jpg;084445.jpg
119829.jpg;047928.jpg;108662.jpg
152452.jpg;124550.jpg;052277.jpg
077205.jpg;014489.jpg;095465.jpg
083285.jpg;129042.jpg;096236.jpg
174401.jpg;170120.jpg;188093.jpg
113737.jpg;149121.jpg;129180.jpg
200756.jpg;190394.jpg;124392.jpg
030154.jpg;083985.jpg;067361.jpg
106343.jpg;097943.jpg;017403.jpg
144235.jpg;056227.jpg;171827.jpg
182830.jpg;194011.jpg;087539.jpg
121932.jpg;016861.jpg;014027.jpg
032614.jpg;026750.jpg;053125.jpg
067565.jpg;088890.jpg;011595.jpg
000880.jpg;108644.jpg;165402.jpg
028229.jpg;137149.jpg;088606.jpg
049675.jpg;077761.jpg;028431.jpg
120039.jpg;016293.jpg;173653.jpg
106144.jpg;042224.jpg;048599.jpg
149078.jpg;044035.jpg;016422.jpg
183648.jpg;192780.jpg;197856.jpg
048124.jpg;116395.jpg;166590.jpg
127341.jpg;047748.jpg;041228.jpg
174898.jpg;176188.jpg;164605.jpg
125235.jpg;039006.jpg;115262.jpg
143111.jpg;118033.jpg;152853.jpg
193700.jpg;189521.jpg;176047.jpg
125425.jpg;131497.jpg;056363.jpg
113166.jpg;153037.jpg;084083.jpg
091156.jpg;088960.jpg;115357.jpg
165754.jpg;164074.jpg;118054.jpg
159207.jpg;149420.jpg;005480.jpg
175038.jpg;166729.jpg;145252.jpg
049829.jpg;009750.jpg;183600.jpg
169482.jpg;163737.jpg;128227.jpg
067846.jpg;054444.jpg;073530.jpg
105275.jpg;063482.jpg;061309.jpg
076410.jpg;160509.jpg;080810.jpg
094473.jpg;122798.jpg;138400.jpg
056074.jpg;073014.jpg;047273.jpg
124735.jpg;009251.jpg;046367.jpg
029894.jpg;002854.jpg;168828.jpg
005971.jpg;126640.jpg;169018.jpg
112523.jpg;118993.jpg;083940.jpg
201677.jpg;190992.jpg;152675.jpg
100462.jpg;149443.jpg;092496.jpg
153980.jpg;115882.jpg;099192.jpg
013677.jpg;056860.jpg;198858.jpg
135727.jpg;152946.jpg;157169.jpg
173617.jpg;178692.jpg;018332.jpg
104013.jpg;045659.jpg;158907.jpg
120003.jpg;008581.jpg;144275.jpg
015613.jpg;058571.jpg;178520.jpg
019401.jpg;000997.jpg;187240.jpg
185445.jpg;195965.jpg;155222.jpg
134262.jpg;110928.jpg;071486.jpg
019835.jpg;140042.jpg;172822.jpg
003321.jpg;002814.jpg;094618.jpg
122666.jpg;078108.jpg;172496.jpg
084431.jpg;096562.jpg;116192.jpg
197622.jpg;196185.jpg;194563.jpg
201549.jpg;195396.jpg;183248.jpg
199691.jpg;200366.jpg;027271.jpg
028495.jpg;000265.jpg;118441.jpg
094209.jpg;160200.jpg;092985.jpg
008999.jpg;023842.jpg;065496.jpg
074832.jpg;141602.jpg;127351.jpg
112866.jpg;015177.jpg;131161.jpg
002524.jpg;049413.jpg;058011.jpg
133482.jpg;042935.jpg;149534.jpg
074207.jpg;022735.jpg;014621.jpg
141201.jpg;142603.jpg;176033.jpg
098977.jpg;121686.jpg;098557.jpg
145505.jpg;010390.jpg;071068.jpg
138983.jpg;037171.jpg;043994.jpg
169805.jpg;165001.jpg;078747.jpg
088390.jpg;117158.jpg;188384.jpg
109870.jpg;036411.jpg;060740.jpg
036050.jpg;047183.jpg;068577.jpg
170893.jpg;164265.jpg;019955.jpg
197730.jpg;202102.jpg;061029.jpg
199733.jpg;192620.jpg;200926.jpg
035850.jpg;010362.jpg;004393.jpg
013950.jpg;084988.jpg;193917.jpg
107351.jpg;140702.jpg;165216.jpg
154442.jpg;116863.jpg;186764.jpg
020112.jpg;028362.jpg;110241.jpg
175064.jpg;179605.jpg;174323.jpg
081906.jpg;096590.jpg;112999.jpg
192315.jpg;193393.jpg;087625.jpg
147697.jpg;148272.jpg;059433.jpg
133304.jpg;075110.jpg;111717.jpg
041413.jpg;116886.jpg;167875.jpg
110118.jpg;070152.jpg;025525.jpg
049436.jpg;029549.jpg;037510.jpg
198163.jpg;194927.jpg;047905.jpg
090016.jpg;002493.jpg;141006.jpg
099600.jpg;093406.jpg;031084.jpg
157180.jpg;056084.jpg;165575.jpg
008220.jpg;003109.jpg;051062.jpg
175818.jpg;175645.jpg;097709.jpg
186539.jpg;187173.jpg;031010.jpg
005829.jpg;042452.jpg;008207.jpg
013269.jpg;045385.jpg;047175.jpg
075799.jpg;095372.jpg;130282.jpg
052673.jpg;124081.jpg;194298.jpg
056456.jpg;003855.jpg;095809.jpg
195806.jpg;189676.jpg;134932.jpg
058791.jpg;001062.jpg;106094.jpg
085688.jpg;007151.jpg;070073.jpg
200813.jpg;188502.jpg;108409.jpg
151445.jpg;080207.jpg;143711.jpg
147701.jpg;025617.jpg;075450.jpg
016176.jpg;120088.jpg;108391.jpg
080454.jpg;007148.jpg;092880.jpg
173272.jpg;182001.jpg;019596.jpg
079511.jpg;101337.jpg;024983.jpg
077420.jpg;054402.jpg;013662.jpg
122400.jpg;016665.jpg;053934.jpg
134237.jpg;052354.jpg;059538.jpg
178670.jpg;165676.jpg;099974.jpg
190963.jpg;198267.jpg;074973.jpg
070178.jpg;093897.jpg;131282.jpg
111969.jpg;094396.jpg;087801.jpg
069971.jpg;001501.jpg;037245.jpg
064229.jpg;146133.jpg;197999.jpg
199783.jpg;193055.jpg;054589.jpg
161856.jpg;022549.jpg;151713.jpg
150038.jpg;037750.jpg;157747.jpg
010185.jpg;053072.jpg;016384.jpg
176214.jpg;165172.jpg;166873.jpg
127873.jpg;072663.jpg;057204.jpg
086432.jpg;125738.jpg;165769.jpg
164621.jpg;181893.jpg;167601.jpg
036104.jpg;111750.jpg;131141.jpg
040815.jpg;021884.jpg;016600.jpg
171508.jpg;172703.jpg;194032.jpg
052790.jpg;000634.jpg;021632.jpg
134454.jpg;027521.jpg;006778.jpg
168634.jpg;172816.jpg;164502.jpg
125356.jpg;003775.jpg;158408.jpg
068670.jpg;098105.jpg;124751.jpg
010313.jpg;056175.jpg;183613.jpg
033910.jpg;049441.jpg;176048.jpg
121239.jpg;081935.jpg;039920.jpg
131132.jpg;130080.jpg;014561.jpg
025594.jpg;150781.jpg;144708.jpg
136791.jpg;144609.jpg;123046.jpg
150072.jpg;038252.jpg;095974.jpg
177532.jpg;178605.jpg;161070.jpg
052892.jpg;029227.jpg;150189.jpg
186206.jpg;193504.jpg;108643.jpg
081219.jpg;052543.jpg;056626.jpg
122485.jpg;160616.jpg;163018.jpg
019537.jpg;022415.jpg;029585.jpg
139019.jpg;109923.jpg;197184.jpg
111895.jpg;052843.jpg;072968.jpg
070384.jpg;065896.jpg;156895.jpg
139994.jpg;039380.jpg;025330.jpg
195848.jpg;187086.jpg;164829.jpg
032494.jpg;084407.jpg;074411.jpg
167025.jpg;164461.jpg;051360.jpg
045737.jpg;038648.jpg;181942.jpg
132089.jpg;065879.jpg;032713.jpg
058741.jpg;029004.jpg;135696.jpg
144957.jpg;088783.jpg;172007.jpg
201283.jpg;194727.jpg;053101.jpg
018272.jpg;132421.jpg;044573.jpg
103437.jpg;128654.jpg;143835.jpg
041625.jpg;067800.jpg;128348.jpg
187819.jpg;187859.jpg;068212.jpg
100476.jpg;054929.jpg;047371.jpg
002779.jpg;122177.jpg;131566.jpg
159483.jpg;154819.jpg;020932.jpg
024485.jpg;071967.jpg;059233.jpg
144277.jpg;046462.jpg;154550.jpg
093656.jpg;145840.jpg;058126.jpg
077300.jpg;006900.jpg;091667.jpg
036249.jpg;127654.jpg;062827.jpg
048350.jpg;131631.jpg;172779.jpg
183442.jpg;190324.jpg;167468.jpg
057019.jpg;045325.jpg;069080.jpg
059431.jpg;137970.jpg;115665.jpg
030654.jpg;095884.jpg;087547.jpg
054855.jpg;108792.jpg;093613.jpg
010617.jpg;143436.jpg;200546.jpg
193163.jpg;197256.jpg;079695.jpg
071758.jpg;003065.jpg;159244.jpg
196629.jpg;192191.jpg;155987.jpg
049606.jpg;153885.jpg;138876.jpg
034238.jpg;104415.jpg;009668.jpg
046286.jpg;055865.jpg;055667.jpg
010259.jpg;038544.jpg;011157.jpg
008472.jpg;042872.jpg;102463.jpg
027580.jpg;035225.jpg;202328.jpg
074990.jpg;077625.jpg;073959.jpg
072536.jpg;076744.jpg;003511.jpg
028399.jpg;050593.jpg;094181.jpg
031949.jpg;157894.jpg;149234.jpg
148164.jpg;024008.jpg;177493.jpg
103828.jpg;150198.jpg;115228.jpg
057147.jpg;077890.jpg;021998.jpg
181355.jpg;174226.jpg;159667.jpg
123242.jpg;030704.jpg;115609.jpg
081354.jpg;115287.jpg;081412.jpg
178775.jpg;165250.jpg;057914.jpg
136729.jpg;020523.jpg;146567.jpg
004924.jpg;075866.jpg;016106.jpg
136157.jpg;141752.jpg;120307.jpg
006978.jpg;018594.jpg;132157.jpg
116017.jpg;101403.jpg;169184.jpg
139045.jpg;155811.jpg;156054.jpg
023788.jpg;091124.jpg;178936.jpg
118555.jpg;096697.jpg;079973.jpg
089248.jpg;011631.jpg;140061.jpg
158673.jpg;146580.jpg;121671.jpg
048997.jpg;040993.jpg;135006.jpg
005260.jpg;143339.jpg;142060.jpg
074647.jpg;052479.jpg;092064.jpg
186052.jpg;184455.jpg;003643.jpg
034781.jpg;040688.jpg;086634.jpg
046119.jpg;088265.jpg;010571.jpg
086759.jpg;010518.jpg;028855.jpg
128802.jpg;113616.jpg;089963.jpg
179576.jpg;166680.jpg;102182.jpg
049115.jpg;070761.jpg;023702.jpg
065070.jpg;130048.jpg;109362.jpg
100054.jpg;052654.jpg;119183.jpg
131626.jpg;050965.jpg;080013.jpg
198424.jpg;190173.jpg;124792.jpg
099454.jpg;131523.jpg;163432.jpg
135213.jpg;000471.jpg;105195.jpg
002840.jpg;132950.jpg;061697.jpg
172128.jpg;174718.jpg;114259.jpg
011263.jpg;100626.jpg;018427.jpg
196395.jpg;196961.jpg;199857.jpg
131210.jpg;106856.jpg;025911.jpg
141016.jpg;004571.jpg;175754.jpg
021942.jpg;016424.jpg;004363.jpg
172828.jpg;163645.jpg;147765.jpg
123426.jpg;100218.jpg;029930.jpg
149958.jpg;099073.jpg;157205.jpg
198141.jpg;185358.jpg;179094.jpg
137349.jpg;003010.jpg;135805.jpg
153887.jpg;130814.jpg;188910.jpg
149307.jpg;139606.jpg;057327.jpg
036898.jpg;118817.jpg;071686.jpg
138914.jpg;033388.jpg;020383.jpg
168790.jpg;170652.jpg;130505.jpg
150699.jpg;071710.jpg;051659.jpg
082405.jpg;110148.jpg;108406.jpg
084678.jpg;111703.jpg;135625.jpg
160790.jpg;068986.jpg;176111.jpg
065726.jpg;027054.jpg;164097.jpg
016549.jpg;121273.jpg;016714.jpg
079170.jpg;020338.jpg;052980.jpg
010887.jpg;074658.jpg;171913.jpg
159727.jpg;125210.jpg;174258.jpg
183473.jpg;197814.jpg;007075.jpg
162790.jpg;168085.jpg;138965.jpg
103158.jpg;102522.jpg;043029.jpg
021567.jpg;051369.jpg;069488.jpg
122338.jpg;107291.jpg;040389.jpg
034931.jpg;129650.jpg;056351.jpg
067019.jpg;021745.jpg;023241.jpg
021613.jpg;118636.jpg;100544.jpg
130132.jpg;032047.jpg;160990.jpg
070765.jpg;126952.jpg;096382.jpg
103970.jpg;003727.jpg;055087.jpg
182140.jpg;166755.jpg;110154.jpg
050872.jpg;098614.jpg;091625.jpg
035231.jpg;108291.jpg;031745.jpg
202298.jpg;194644.jpg;071142.jpg
066552.jpg;004421.jpg;197933.jpg
089266.jpg;139643.jpg;195660.jpg
184765.jpg;193318.jpg;031742.jpg
026157.jpg;000815.jpg;016080.jpg
101163.jpg;087366.jpg;043297.jpg
015572.jpg;044817.jpg;073065.jpg
028426.jpg;153139.jpg;124189.jpg
186959.jpg;197341.jpg;202093.jpg
148179.jpg;016154.jpg;061006.jpg
162917.jpg;176840.jpg;120568.jpg
117805.jpg;134059.jpg;026430.jpg
109375.jpg;049140.jpg;005854.jpg
187984.jpg;192968.jpg;067968.jpg
051297.jpg;042082.jpg;082419.jpg
156263.jpg;046973.jpg;135248.jpg
200712.jpg;194958.jpg;195080.jpg
021486.jpg;124842.jpg;035422.jpg
103129.jpg;057386.jpg;162047.jpg
009481.jpg;040299.jpg;032201.jpg
160641.jpg;091597.jpg;068272.jpg
055829.jpg;024017.jpg;079745.jpg
155338.jpg;099886.jpg;026337.jpg
085338.jpg;035678.jpg;045670.jpg
192536.jpg;183667.jpg;049055.jpg
087336.jpg;112845.jpg;076933.jpg
142919.jpg;152463.jpg;028496.jpg
141012.jpg;128290.jpg;096297.jpg
160253.jpg;122969.jpg;201083.jpg
087160.jpg;095151.jpg;115231.jpg
035318.jpg;160442.jpg;149059.jpg
077257.jpg;031937.jpg;173480.jpg
007677.jpg;154742.jpg;002013.jpg
008176.jpg;001001.jpg;179177.jpg
144989.jpg;121093.jpg;151302.jpg
130415.jpg;113373.jpg;116640.jpg
076422.jpg;091381.jpg;176677.jpg
178355.jpg;166164.jpg;032929.jpg
057130.jpg;126749.jpg;163869.jpg
093018.jpg;162295.jpg;055514.jpg
068658.jpg;149330.jpg;143582.jpg
073987.jpg;041713.jpg;175217.jpg
131654.jpg;100342.jpg;084675.jpg
061340.jpg;110503.jpg;076457.jpg
149185.jpg;027882.jpg;110467.jpg
110919.jpg;082567.jpg;146079.jpg
046154.jpg;013927.jpg;115683.jpg
038922.jpg;093200.jpg;187674.jpg
033021.jpg;057047.jpg;054250.jpg
146768.jpg;097881.jpg;057034.jpg
095509.jpg;139229.jpg;125943.jpg
138854.jpg;154833.jpg;149013.jpg
164044.jpg;162835.jpg;088699.jpg
119225.jpg;087448.jpg;177234.jpg
073868.jpg;098686.jpg;036196.jpg
104410.jpg;025429.jpg;014152.jpg
061912.jpg;030249.jpg;169770.jpg
038277.jpg;149140.jpg;164256.jpg
159952.jpg;121207.jpg;033769.jpg
074681.jpg;151299.jpg;023861.jpg
042626.jpg;150070.jpg;033228.jpg
116422.jpg;050752.jpg;006642.jpg
193104.jpg;190095.jpg;133207.jpg
084620.jpg;141937.jpg;147473.jpg
023860.jpg;156668.jpg;106606.jpg
045222.jpg;075637.jpg;196927.jpg
048152.jpg;090984.jpg;189684.jpg
068098.jpg;080318.jpg;079392.jpg
173558.jpg;175645.jpg;075117.jpg
057527.jpg;006218.jpg;067320.jpg
177195.jpg;181785.jpg;153627.jpg
195697.jpg;197924.jpg;194805.jpg
039486.jpg;066925.jpg;165080.jpg
178917.jpg;180293.jpg;018340.jpg
096749.jpg;051591.jpg;155868.jpg
192630.jpg;183379.jpg;122361.jpg
081550.jpg;037234.jpg;072968.jpg
199036.jpg;194191.jpg;194555.jpg
198110.jpg;199855.jpg;151855.jpg
148308.jpg;016595.jpg;028111.jpg
030751.jpg;055073.jpg;026194.jpg
065067.jpg;101046.jpg;066727.jpg
022361.jpg;104929.jpg;075682.jpg
140602.jpg;032970.jpg;041078.jpg
124704.jpg;138911.jpg;161531.jpg
046184.jpg;043165.jpg;201855.jpg
189759.jpg;186576.jpg;090037.jpg
192018.jpg;189618.jpg;187543.jpg
059783.jpg;006159.jpg;155263.jpg
160280.jpg;153984.jpg;128579.jpg
017184.jpg;143297.jpg;050782.jpg
199313.jpg;192797.jpg;094295.jpg
056733.jpg;011442.jpg;194282.jpg
173231.jpg;177067.jpg;184208.jpg
005920.jpg;085563.jpg;172868.jpg
125118.jpg;037149.jpg;150229.jpg
089578.jpg;104696.jpg;077775.jpg
042763.jpg;116875.jpg;075699.jpg
057979.jpg;103313.jpg;088299.jpg
002769.jpg;012678.jpg;151864.jpg
202333.jpg;188311.jpg;097360.jpg
022762.jpg;031157.jpg;117746.jpg
035134.jpg;094533.jpg;085922.jpg
025326.jpg;006361.jpg;160177.jpg
046625.jpg;128092.jpg;075676.jpg
143319.jpg;022960.jpg;085620.jpg
107571.jpg;044866.jpg;029223.jpg
044083.jpg;003980.jpg;194872.jpg
070374.jpg;050495.jpg;081893.jpg
198861.jpg;189893.jpg;119582.jpg
111708.jpg;121563.jpg;064952.jpg
025304.jpg;043209.jpg;159605.jpg
047259.jpg;093441.jpg;116705.jpg
003501.jpg;017111.jpg;080740.jpg
021327.jpg;067282.jpg;099342.jpg
040552.jpg;025043.jpg;181091.jpg
085780.jpg;020935.jpg;187487.jpg
068688.jpg;119848.jpg;185497.jpg
200704.jpg;188205.jpg;003061.jpg
109001.jpg;132093.jpg;010196.jpg
041025.jpg;103861.jpg;110725.jpg
000912.jpg;160410.jpg;117155.jpg
150977.jpg;145853.jpg;004127.jpg
044290.jpg;054611.jpg;138336.jpg
153665.jpg;120731.jpg;059967.jpg
054110.jpg;043544.jpg;032774.jpg
065346.jpg;115185.jpg;126581.jpg
178011.jpg;167313.jpg;106595.jpg
003770.jpg;002132.jpg;005896.jpg
079251.jpg;083887.jpg;149958.jpg
081270.jpg;066053.jpg;124707.jpg
023775.jpg;003257.jpg;168995.jpg
155997.jpg;113468.jpg;029820.jpg
116370.jpg;055937.jpg;128498.jpg
098532.jpg;000580.jpg;101878.jpg
190102.jpg;196834.jpg;015436.jpg
169669.jpg;179350.jpg;021550.jpg
094249.jpg;103211.jpg;138699.jpg
066268.jpg;141893.jpg;017681.jpg
106679.jpg;080087.jpg;098067.jpg
173460.jpg;173690.jpg;113108.jpg
195997.jpg;198823.jpg;127897.jpg
176610.jpg;169834.jpg;087366.jpg
019266.jpg;048241.jpg;046288.jpg
013622.jpg;065764.jpg;065199.jpg
034448.jpg;077224.jpg;051094.jpg
037911.jpg;084076.jpg;019997.jpg
066061.jpg;154111.jpg;003571.jpg
085239.jpg;095431.jpg;025373.jpg
023612.jpg;096606.jpg;175968.jpg
053156.jpg;049235.jpg;123466.jpg
114767.jpg;038520.jpg;167495.jpg
081267.jpg;015979.jpg;019663.jpg
149149.jpg;020031.jpg;105524.jpg
170843.jpg;172104.jpg;112070.jpg
076501.jpg;159532.jpg;139004.jpg
151390.jpg;027512.jpg;036719.jpg
066315.jpg;083903.jpg;131332.jpg
200075.jpg;193259.jpg;191604.jpg
054032.jpg;092019.jpg;101573.jpg
187306.jpg;187595.jpg;154796.jpg
054538.jpg;078281.jpg;005204.jpg
038798.jpg;162526.jpg;064081.jpg
113086.jpg;105206.jpg;186878.jpg
030339.jpg;134565.jpg;197108.jpg
016245.jpg;030082.jpg;055433.jpg
131892.jpg;155827.jpg;158186.jpg
187335.jpg;193143.jpg;055716.jpg
019453.jpg;052426.jpg;024256.jpg
104999.jpg;059324.jpg;138740.jpg
026587.jpg;093211.jpg;037436.jpg
152148.jpg;069023.jpg;166145.jpg
152083.jpg;116922.jpg;001087.jpg
191342.jpg;192727.jpg;079186.jpg
195183.jpg;197959.jpg;176631.jpg
184416.jpg;183026.jpg;147730.jpg
021194.jpg;134290.jpg;192322.jpg
139810.jpg;095173.jpg;161716.jpg
014174.jpg;108574.jpg;041405.jpg
148776.jpg;090516.jpg;134998.jpg
075284.jpg;069678.jpg;147172.jpg
110058.jpg;048750.jpg;183743.jpg
033961.jpg;091423.jpg;083146.jpg
199568.jpg;187278.jpg;179847.jpg
057668.jpg;033124.jpg;007614.jpg
141685.jpg;055842.jpg;100803.jpg
020056.jpg;060407.jpg;055292.jpg
017516.jpg;134290.jpg;119352.jpg
048580.jpg;079344.jpg;120393.jpg
191822.jpg;188451.jpg;201622.jpg
145431.jpg;029915.jpg;201716.jpg
110504.jpg;042121.jpg;083222.jpg
164246.jpg;177347.jpg;112957.jpg
071088.jpg;092016.jpg;048850.jpg
193133.jpg;193691.jpg;137534.jpg
169219.jpg;179439.jpg;153579.jpg
108499.jpg;153988.jpg;009994.jpg
134795.jpg;088667.jpg;017276.jpg
142700.jpg;079915.jpg;001209.jpg
055819.jpg;148561.jpg;174287.jpg
082654.jpg;110539.jpg;149679.jpg
099228.jpg;012548.jpg;087063.jpg
004732.jpg;019020.jpg;100612.jpg
066907.jpg;035584.jpg;124297.jpg
138556.jpg;057969.jpg;047877.jpg
044260.jpg;027901.jpg;163413.jpg
200045.jpg;196485.jpg;001555.jpg
023601.jpg;018064.jpg;156910.jpg
104243.jpg;021755.jpg;152432.jpg
072741.jpg;044205.jpg;187624.jpg
020907.jpg;144121.jpg;188003.jpg
198667.jpg;187540.jpg;162064.jpg
163671.jpg;182001.jpg;080415.jpg
127864.jpg;081851.jpg;001040.jpg
070689.jpg;097901.jpg;051284.jpg
003387.jpg;079067.jpg;111513.jpg
200717.jpg;195945.jpg;065766.jpg
097160.jpg;114943.jpg;037073.jpg
015501.jpg;072495.jpg;041653.jpg
167860.jpg;169688.jpg;150034.jpg
037943.jpg;005198.jpg;153247.jpg
075899.jpg;069074.jpg;103993.jpg
025110.jpg;078881.jpg;052043.jpg
149081.jpg;000082.jpg;035067.jpg
038488.jpg;065835.jpg;039329.jpg
001136.jpg;153306.jpg;029224.jpg
050132.jpg;148830.jpg;057311.jpg
192462.jpg;194505.jpg;008575.jpg
141049.jpg;130022.jpg;193815.jpg
102911.jpg;088522.jpg;090725.jpg
067845.jpg;140185.jpg;065419.jpg
168724.jpg;180164.jpg;143047.jpg
176524.jpg;174480.jpg;034494.jpg
075140.jpg;108207.jpg;170399.jpg
146001.jpg;143942.jpg;054064.jpg
022831.jpg;150078.jpg;158491.jpg
148995.jpg;104139.jpg;114926.jpg
153200.jpg;010045.jpg;013669.jpg
082098.jpg;057282.jpg;037322.jpg
084870.jpg;047840.jpg;202240.jpg
102174.jpg;010001.jpg;135604.jpg
178434.jpg;174223.jpg;132374.jpg
083197.jpg;031077.jpg;046044.jpg
028966.jpg;129603.jpg;145360.jpg
195825.jpg;191403.jpg;169127.jpg
199374.jpg;183815.jpg;132472.jpg
091755.jpg;044573.jpg;172763.jpg
087212.jpg;014652.jpg;001343.jpg
158137.jpg;074947.jpg;082482.jpg
173625.jpg;172445.jpg;110204.jpg
016139.jpg;122292.jpg;198817.jpg
022023.jpg;123700.jpg;196083.jpg
174563.jpg;170149.jpg;155496.jpg
068478.jpg;068843.jpg;101469.jpg
119878.jpg;136026.jpg;177250.jpg
033896.jpg;095194.jpg;074927.jpg
092470.jpg;088870.jpg;073384.jpg
138521.jpg;042790.jpg;196591.jpg
029091.jpg;075676.jpg;102312.jpg
000621.jpg;112631.jpg;016099.jpg
192121.jpg;184986.jpg;050607.jpg
033457.jpg;035168.jpg;175188.jpg
175561.jpg;167160.jpg;050835.jpg
078167.jpg;091357.jpg;002165.jpg
019435.jpg;053652.jpg;157027.jpg
024878.jpg;099983.jpg;045455.jpg
037684.jpg;000659.jpg;170937.jpg
058513.jpg;086742.jpg;142245.jpg
076265.jpg;147963.jpg;070320.jpg
128139.jpg;086021.jpg;045516.jpg
148710.jpg;055450.jpg;155852.jpg
014110.jpg;009299.jpg;167222.jpg
139746.jpg;117029.jpg;158232.jpg
081660.jpg;126687.jpg;104210.jpg
141637.jpg;016428.jpg;155250.jpg
090930.jpg;032034.jpg;129890.jpg
108284.jpg;153441.jpg;118785.jpg
097093.jpg;080128.jpg;135596.jpg
042811.jpg;061451.jpg;148782.jpg
113673.jpg;106730.jpg;019019.jpg
127388.jpg;067419.jpg;002214.jpg
079740.jpg;057812.jpg;058061.jpg
173828.jpg;177951.jpg;183877.jpg
079608.jpg;137363.jpg;198004.jpg
177461.jpg;167632.jpg;132763.jpg
193406.jpg;190800.jpg;085471.jpg
001382.jpg;092018.jpg;027398.jpg
162113.jpg;064180.jpg;003979.jpg
174628.jpg;165376.jpg;073204.jpg
104640.jpg;101569.jpg;090273.jpg
005212.jpg;055981.jpg;139302.jpg
038336.jpg;035722.jpg;106787.jpg
097902.jpg;121053.jpg;082108.jpg
201390.jpg;191153.jpg;054990.jpg
088575.jpg;145594.jpg;108426.jpg
059149.jpg;159830.jpg;004105.jpg
073069.jpg;149527.jpg;058686.jpg
192132.jpg;202010.jpg;157246.jpg
005090.jpg;156723.jpg;112749.jpg
039626.jpg;046393.jpg;101248.jpg
034355.jpg;074494.jpg;015407.jpg
189879.jpg;197443.jpg;075503.jpg
190654.jpg;187512.jpg;063611.jpg
136136.jpg;080711.jpg;065296.jpg
137935.jpg;141072.jpg;088990.jpg
127071.jpg;014072.jpg;198542.jpg
115993.jpg;006625.jpg;108756.jpg
115704.jpg;021413.jpg;103968.jpg
025380.jpg;112287.jpg;149514.jpg
034461.jpg;024695.jpg;192363.jpg
133933.jpg;150312.jpg;178298.jpg
121765.jpg;041544.jpg;200641.jpg
098774.jpg;065464.jpg;071919.jpg
114509.jpg;019166.jpg;040496.jpg
152179.jpg;143426.jpg;195568.jpg
162808.jpg;169639.jpg;061517.jpg
004874.jpg;057651.jpg;130706.jpg
055093.jpg;030286.jpg;026488.jpg
190639.jpg;201214.jpg;023718.jpg
036035.jpg;154925.jpg;198974.jpg
100822.jpg;038777.jpg;155527.jpg
180033.jpg;182326.jpg;032541.jpg
171375.jpg;178045.jpg;065143.jpg
141808.jpg;049180.jpg;008989.jpg
057098.jpg;015990.jpg;152994.jpg
055624.jpg;088239.jpg;163597.jpg
030619.jpg;099458.jpg;067891.jpg
171027.jpg;178809.jpg;030009.jpg
037912.jpg;016423.jpg;115912.jpg
001488.jpg;111101.jpg;142580.jpg
124100.jpg;044023.jpg;167998.jpg
156944.jpg;133111.jpg;113881.jpg
181794.jpg;174641.jpg;134238.jpg
181510.jpg;179609.jpg;123678.jpg
157318.jpg;132859.jpg;028074.jpg
128487.jpg;030749.jpg;199861.jpg
056656.jpg;014717.jpg;198952.jpg
127933.jpg;029995.jpg;176876.jpg
140201.jpg;158534.jpg;105819.jpg
084624.jpg;105877.jpg;122589.jpg
076207.jpg;129656.jpg;052561.jpg
015489.jpg;111126.jpg;131092.jpg
144609.jpg;008190.jpg;192598.jpg
142279.jpg;119098.jpg;127722.jpg
116539.jpg;098310.jpg;146769.jpg
107375.jpg;140689.jpg;143319.jpg
134323.jpg;105233.jpg;050165.jpg
010301.jpg;002878.jpg;062554.jpg
034869.jpg;144766.jpg;063197.jpg
167036.jpg;169997.jpg;178173.jpg
001559.jpg;096397.jpg;176404.jpg
121503.jpg;057760.jpg;130620.jpg
134701.jpg;144002.jpg;116717.jpg
109443.jpg;130292.jpg;037625.jpg
026014.jpg;159534.jpg;079804.jpg
135071.jpg;073594.jpg;082602.jpg
134721.jpg;072615.jpg;137964.jpg
180711.jpg;172807.jpg;023098.jpg
100912.jpg;038557.jpg;004102.jpg
114967.jpg;107792.jpg;065277.jpg
136333.jpg;149227.jpg;185762.jpg
041359.jpg;079422.jpg;046631.jpg
019452.jpg;071403.jpg;030115.jpg
176271.jpg;172835.jpg;006721.jpg
110979.jpg;161673.jpg;185702.jpg
120810.jpg;027750.jpg;042693.jpg
156872.jpg;085446.jpg;040224.jpg
178812.jpg;171654.jpg;119090.jpg
058475.jpg;096552.jpg;116999.jpg
062738.jpg;082810.jpg;156529.jpg
198283.jpg;194205.jpg;123859.jpg
103365.jpg;062305.jpg;013028.jpg
040893.jpg;058088.jpg;197089.jpg
126690.jpg;036347.jpg;017651.jpg
030918.jpg;057014.jpg;153929.jpg
180627.jpg;173583.jpg;114217.jpg
108739.jpg;041445.jpg;008260.jpg
058846.jpg;128848.jpg;010861.jpg
119570.jpg;140012.jpg;027285.jpg
153149.jpg;118493.jpg;002723.jpg
120515.jpg;155226.jpg;185334.jpg
095521.jpg;014034.jpg;199086.jpg
011570.jpg;081935.jpg;006959.jpg
053115.jpg;019934.jpg;004436.jpg
013665.jpg;060150.jpg;199248.jpg
006529.jpg;100521.jpg;150478.jpg
040773.jpg;101149.jpg;120670.jpg
085817.jpg;100185.jpg;163891.jpg
044259.jpg;049553.jpg;048343.jpg
195708.jpg;192134.jpg;056455.jpg
044245.jpg;047811.jpg;183336.jpg
066946.jpg;127305.jpg;187015.jpg
068471.jpg;070188.jpg;188310.jpg
179360.jpg;173643.jpg;002686.jpg
020138.jpg;103429.jpg;000442.jpg
093980.jpg;096273.jpg;194919.jpg
190000.jpg;193053.jpg;122694.jpg
102050.jpg;001080.jpg;140947.jpg
163692.jpg;176593.jpg;078823.jpg
082389.jpg;007207.jpg;190309.jpg
180377.jpg;163217.jpg;078948.jpg
200292.jpg;196746.jpg;014418.jpg
195145.jpg;184251.jpg;189666.jpg
195037.jpg;195002.jpg;167490.jpg
067650.jpg;008445.jpg;123869.jpg
113368.jpg;160324.jpg;137307.jpg
047945.jpg;152180.jpg;143615.jpg
201079.jpg;188069.jpg;067747.jpg
064919.jpg;062683.jpg;051571.jpg
057762.jpg;119905.jpg;177038.jpg
113679.jpg;017637.jpg;120702.jpg
067085.jpg;021099.jpg;038939.jpg
156799.jpg;063458.jpg;185787.jpg
172727.jpg;177080.jpg;172828.jpg
110274.jpg;043082.jpg;050257.jpg
020509.jpg;020411.jpg;159528.jpg
175629.jpg;172548.jpg;118748.jpg
078412.jpg;021279.jpg;040667.jpg
150209.jpg;133246.jpg;089166.jpg
158413.jpg;046685.jpg;106881.jpg
182516.jpg;163832.jpg;033950.jpg
167535.jpg;169859.jpg;021651.jpg
116164.jpg;005784.jpg;053480.jpg
077136.jpg;130853.jpg;095306.jpg
052013.jpg;017470.jpg;063804.jpg
064144.jpg;134279.jpg;104678.jpg
173807.jpg;167796.jpg;056544.jpg
031434.jpg;143959.jpg;099549.jpg
075227.jpg;146292.jpg;082696.jpg
124051.jpg;103926.jpg;093550.jpg
166993.jpg;177011.jpg;003643.jpg
140413.jpg;011134.jpg;165481.jpg
138693.jpg;106279.jpg;109514.jpg
028041.jpg;113598.jpg;069736.jpg
190413.jpg;199000.jpg;139731.jpg
055545.jpg;108076.jpg;020624.jpg
120707.jpg;136471.jpg;110546.jpg
102146.jpg;076109.jpg;166479.jpg
083160.jpg;141667.jpg;062890.jpg
109954.jpg;124916.jpg;064740.jpg
095125.jpg;139486.jpg;029254.jpg
196682.jpg;182821.jpg;178225.jpg
085422.jpg;122404.jpg;108255.jpg
072089.jpg;001916.jpg;181947.jpg
037864.jpg;110383.jpg;140514.jpg
116515.jpg;019263.jpg;190872.jpg
128900.jpg;120682.jpg;079962.jpg
155236.jpg;026069.jpg;057107.jpg
083444.jpg;092998.jpg;176094.jpg
125252.jpg;104373.jpg;072827.jpg
145317.jpg;086235.jpg;079806.jpg
126576.jpg;065307.jpg;024052.jpg
157778.jpg;076170.jpg;021543.jpg
009882.jpg;108524.jpg;081344.jpg
134009.jpg;069157.jpg;009728.jpg
085962.jpg;013461.jpg;057667.jpg
159834.jpg;099998.jpg;082365.jpg
175012.jpg;174191.jpg;100136.jpg
129844.jpg;022811.jpg;154374.jpg
072632.jpg;061458.jpg;143149.jpg
153563.jpg;004172.jpg;012760.jpg
056822.jpg;143483.jpg;162660.jpg
194038.jpg;202599.jpg;055351.jpg
146075.jpg;117235.jpg;050689.jpg
104371.jpg;068002.jpg;177959.jpg
057917.jpg;045873.jpg;041001.jpg
115204.jpg;053452.jpg;157123.jpg
180682.jpg;181463.jpg;173801.jpg
156590.jpg;055977.jpg;058622.jpg
013962.jpg;113276.jpg;159853.jpg
167030.jpg;176746.jpg;164469.jpg
045224.jpg;060659.jpg;143462.jpg
092858.jpg;099856.jpg;198727.jpg
012998.jpg;047344.jpg;065816.jpg
095062.jpg;050420.jpg;199219.jpg
029207.jpg;036590.jpg;199872.jpg
197765.jpg;185352.jpg;023319.jpg
009619.jpg;055078.jpg;048220.jpg
200419.jpg;192435.jpg;025972.jpg
064804.jpg;045298.jpg;077117.jpg
154687.jpg;098152.jpg;009303.jpg
095251.jpg;050807.jpg;164002.jpg
066232.jpg;007720.jpg;155864.jpg
054596.jpg;091520.jpg;146989.jpg
143411.jpg;031238.jpg;202558.jpg
136751.jpg;123217.jpg;111619.jpg
148558.jpg;115386.jpg;122827.jpg
144087.jpg;057432.jpg;094964.jpg
050891.jpg;068045.jpg;025814.jpg
067237.jpg;004359.jpg;135974.jpg
097110.jpg;135301.jpg;075785.jpg
109310.jpg;145579.jpg;177964.jpg
021266.jpg;024451.jpg;061495.jpg
058172.jpg;068592.jpg;168395.jpg
134546.jpg;131760.jpg;166552.jpg
044343.jpg;075773.jpg;043403.jpg
143206.jpg;161996.jpg;000432.jpg
037083.jpg;147378.jpg;026328.jpg
078576.jpg;041809.jpg;126534.jpg
077829.jpg;050892.jpg;019548.jpg
153575.jpg;151334.jpg;020514.jpg
083394.jpg;135639.jpg;198553.jpg
148968.jpg;100203.jpg;004377.jpg
100317.jpg;144795.jpg;098808.jpg
052145.jpg;052914.jpg;010189.jpg
079755.jpg;162489.jpg;188555.jpg
167614.jpg;174483.jpg;030171.jpg
195446.jpg;183001.jpg;042495.jpg
132881.jpg;044893.jpg;007754.jpg
018217.jpg;012658.jpg;186475.jpg
068958.jpg;117530.jpg;087786.jpg
039507.jpg;155353.jpg;000120.jpg
182276.jpg;178338.jpg;054141.jpg
122820.jpg;003162.jpg;073712.jpg
074628.jpg;132486.jpg;014663.jpg
169173.jpg;177190.jpg;123662.jpg
201854.jpg;196026.jpg;068970.jpg
048933.jpg;010384.jpg;122412.jpg
177369.jpg;178383.jpg;183088.jpg
163521.jpg;173198.jpg;184860.jpg
163938.jpg;170227.jpg;005113.jpg
083901.jpg;040205.jpg;018502.jpg
073512.jpg;158730.jpg;115134.jpg
046997.jpg;040908.jpg;177558.jpg
092842.jpg;008521.jpg;104781.jpg
181553.jpg;163793.jpg;100664.jpg
151316.jpg;078692.jpg;055654.jpg
153657.jpg;000072.jpg;131018.jpg
201718.jpg;185203.jpg;124694.jpg
135655.jpg;072106.jpg;190111.jpg
123605.jpg;147745.jpg;148688.jpg
018807.jpg;028264.jpg;052691.jpg
042811.jpg;112302.jpg;069041.jpg
140462.jpg;092631.jpg;011142.jpg
102528.jpg;044407.jpg;012876.jpg
188855.jpg;187295.jpg;014063.jpg
076382.jpg;152762.jpg;150935.jpg
125549.jpg;122456.jpg;170182.jpg
192134.jpg;197551.jpg;068308.jpg
171153.jpg;179048.jpg;188347.jpg
124928.jpg;123459.jpg;043432.jpg
005926.jpg;062460.jpg;144140.jpg
009454.jpg;016650.jpg;117006.jpg
146093.jpg;038327.jpg;131409.jpg
026486.jpg;067285.jpg;026032.jpg
039218.jpg;061074.jpg;098277.jpg
139254.jpg;005173.jpg;071180.jpg
035678.jpg;126240.jpg;059699.jpg
079447.jpg;067522.jpg;043941.jpg
090502.jpg;143575.jpg;148761.jpg
150043.jpg;145894.jpg;107315.jpg
109156.jpg;018751.jpg;103975.jpg
037271.jpg;103112.jpg;064406.jpg
196622.jpg;185982.jpg;184358.jpg
169898.jpg;163564.jpg;174662.jpg
043170.jpg;097039.jpg;065141.jpg
006271.jpg;086175.jpg;169820.jpg
052299.jpg;131013.jpg;174544.jpg
106517.jpg;025850.jpg;003820.jpg
194377.jpg;193291.jpg;086527.jpg
171866.jpg;165267.jpg;193810.jpg
019106.jpg;137676.jpg;157435.jpg
129457.jpg;110013.jpg;181614.jpg
104632.jpg;127162.jpg;041452.jpg
027225.jpg;126546.jpg;018045.jpg
117227.jpg;067043.jpg;001334.jpg
009745.jpg;054502.jpg;101694.jpg
123359.jpg;141499.jpg;122999.jpg
152391.jpg;131027.jpg;075194.jpg
198772.jpg;189819.jpg;008619.jpg
053031.jpg;091753.jpg;077027.jpg
046745.jpg;026783.jpg;120638.jpg
147084.jpg;146009.jpg;151938.jpg
019688.jpg;098086.jpg;102569.jpg
152364.jpg;074572.jpg;077651.jpg
081744.jpg;041048.jpg;153667.jpg
072996.jpg;132081.jpg;072692.jpg
130290.jpg;139385.jpg;127718.jpg
060756.jpg;132667.jpg;062327.jpg
105091.jpg;068665.jpg;152483.jpg
109160.jpg;118996.jpg;161181.jpg
044536.jpg;017952.jpg;054878.jpg
131336.jpg;039912.jpg;016899.jpg
011748.jpg;133165.jpg;107363.jpg
083550.jpg;121539.jpg;146917.jpg
177851.jpg;167284.jpg;053508.jpg
003160.jpg;030884.jpg;048972.jpg
042801.jpg;148895.jpg;110155.jpg
107419.jpg;143363.jpg;123337.jpg
025259.jpg;068853.jpg;074957.jpg
005965.jpg;114719.jpg;051523.jpg
159026.jpg;094723.jpg;173874.jpg
186583.jpg;187476.jpg;071989.jpg
035211.jpg;116659.jpg;110425.jpg
107853.jpg;073266.jpg;112722.jpg
015778.jpg;017482.jpg;008882.jpg
074267.jpg;141166.jpg;088691.jpg
034091.jpg;011400.jpg;014233.jpg
104901.jpg;129296.jpg;195028.jpg
167600.jpg;171003.jpg;139001.jpg
183594.jpg;192447.jpg;158656.jpg
167052.jpg;182105.jpg;071321.jpg
033161.jpg;098979.jpg;132617.jpg
167965.jpg;169101.jpg;006190.jpg
000396.jpg;002499.jpg;073040.jpg
115816.jpg;057116.jpg;144951.jpg
093878.jpg;096449.jpg;014127.jpg
190837.jpg;189015.jpg;097024.jpg
021429.jpg;044646.jpg;020202.jpg
126230.jpg;004164.jpg;118541.jpg
043455.jpg;018324.jpg;055654.jpg
021502.jpg;047102.jpg;190064.jpg
067417.jpg;161791.jpg;182849.jpg
185613.jpg;197544.jpg;066320.jpg
040037.jpg;126911.jpg;108577.jpg
066651.jpg;049970.jpg;109254.jpg
148666.jpg;157024.jpg;022909.jpg
025828.jpg;138993.jpg;072669.jpg
168208.jpg;178233.jpg;193229.jpg
106901.jpg;161928.jpg;102146.jpg
147321.jpg;096103.jpg;128124.jpg
195516.jpg;200871.jpg;127466.jpg
046893.jpg;044141.jpg;151815.jpg
141653.jpg;125030.jpg;179346.jpg
069047.jpg;131399.jpg;060667.jpg
080628.jpg;142482.jpg;169761.jpg
129521.jpg;087914.jpg;078762.jpg
113894.jpg;061633.jpg;011050.jpg
066397.jpg;043911.jpg;181233.jpg
133857.jpg;006825.jpg;125482.jpg
047610.jpg;007698.jpg;145718.jpg
083482.jpg;066502.jpg;074587.jpg
024457.jpg;064492.jpg;100212.jpg
031722.jpg;060181.jpg;004197.jpg
018477.jpg;054493.jpg;021113.jpg
154972.jpg;024913.jpg;152674.jpg
193869.jpg;196715.jpg;151502.jpg
131664.jpg;029252.jpg;155066.jpg
007738.jpg;082097.jpg;112462.jpg
031697.jpg;160266.jpg;083210.jpg
089811.jpg;122829.jpg;149056.jpg
137973.jpg;040766.jpg;055257.jpg
028257.jpg;078971.jpg;160110.jpg
041953.jpg;133917.jpg;169227.jpg
084831.jpg;062325.jpg;010336.jpg
167005.jpg;169604.jpg;051231.jpg
010434.jpg;023160.jpg;069021.jpg
135571.jpg;049548.jpg;021766.jpg
017902.jpg;008044.jpg;190632.jpg
117171.jpg;133075.jpg;139189.jpg
181123.jpg;165350.jpg;051469.jpg
043846.jpg;037386.jpg;141752.jpg
031122.jpg;138102.jpg;164520.jpg
057572.jpg;018531.jpg;120103.jpg
100984.jpg;067179.jpg;132052.jpg
063815.jpg;014475.jpg;114637.jpg
015299.jpg;088055.jpg;083894.jpg
130713.jpg;116758.jpg;093466.jpg
172206.jpg;167915.jpg;041034.jpg
004075.jpg;159408.jpg;051090.jpg
151057.jpg;058947.jpg;188498.jpg
187608.jpg;182670.jpg;151874.jpg
089705.jpg;158826.jpg;133752.jpg
171693.jpg;179840.jpg;197418.jpg
068873.jpg;026733.jpg;118625.jpg
000396.jpg;062621.jpg;015483.jpg
068067.jpg;069783.jpg;032899.jpg
041003.jpg;005798.jpg;175597.jpg
185440.jpg;193784.jpg;110886.jpg
060284.jpg;143290.jpg;103158.jpg
074175.jpg;059288.jpg;181673.jpg
140814.jpg;052960.jpg;009158.jpg
063230.jpg;129938.jpg;002488.jpg
150539.jpg;129507.jpg;109598.jpg
079540.jpg;076979.jpg;186555.jpg
027221.jpg;036465.jpg;138349.jpg
021541.jpg;089550.jpg;045587.jpg
177650.jpg;176771.jpg;155547.jpg
170580.jpg;163856.jpg;061997.jpg
171196.jpg;180222.jpg;157154.jpg
116403.jpg;003490.jpg;175759.jpg
021012.jpg;061968.jpg;023914.jpg
112361.jpg;141729.jpg;125416.jpg
062614.jpg;090280.jpg;013358.jpg
187375.jpg;186626.jpg;038681.jpg
018945.jpg;153580.jpg;114242.jpg
153472.jpg;134549.jpg;023367.jpg
194975.jpg;194755.jpg;029168.jpg
194609.jpg;192108.jpg;096468.jpg
094045.jpg;111302.jpg;077117.jpg
125739.jpg;046376.jpg;030038.jpg
179901.jpg;173848.jpg;013488.jpg
094262.jpg;082957.jpg;178446.jpg
111887.jpg;041464.jpg;068572.jpg
040532.jpg;055328.jpg;084050.jpg
056428.jpg;039362.jpg;083777.jpg
107167.jpg;078830.jpg;019683.jpg
100046.jpg;031040.jpg;042575.jpg
058306.jpg;058145.jpg;106818.jpg
020280.jpg;021051.jpg;035560.jpg
187466.jpg;186755.jpg;144440.jpg
119785.jpg;133470.jpg;139479.jpg
196910.jpg;195393.jpg;051393.jpg
032242.jpg;049234.jpg;071956.jpg
097566.jpg;028988.jpg;163614.jpg
025622.jpg;047253.jpg;073065.jpg
007151.jpg;105921.jpg;003484.jpg
023621.jpg;041252.jpg;092896.jpg
126419.jpg;084606.jpg;107645.jpg
164355.jpg;167024.jpg;103820.jpg
182279.jpg;182095.jpg;183055.jpg
013875.jpg;010132.jpg;044863.jpg
056358.jpg;019575.jpg;169024.jpg
076113.jpg;143951.jpg;135848.jpg
105885.jpg;080043.jpg;179297.jpg
032455.jpg;070564.jpg;181196.jpg
148457.jpg;088796.jpg;198031.jpg
144509.jpg;055275.jpg;154174.jpg
087841.jpg;025017.jpg;077509.jpg
004068.jpg;109734.jpg;087499.jpg
066658.jpg;104419.jpg;137910.jpg
193025.jpg;196308.jpg;004987.jpg
064974.jpg;117495.jpg;136032.jpg
000596.jpg;111669.jpg;179113.jpg
039034.jpg;004161.jpg;122134.jpg
175387.jpg;179588.jpg;041772.jpg
000466.jpg;064171.jpg;000611.jpg
150057.jpg;158442.jpg;095781.jpg
024645.jpg;120050.jpg;047530.jpg
087227.jpg;042788.jpg;176711.jpg
070343.jpg;027699.jpg;148897.jpg
071479.jpg;103545.jpg;155707.jpg
077851.jpg;152193.jpg;191363.jpg
196084.jpg;200722.jpg;060776.jpg
151785.jpg;038632.jpg;040379.jpg
141161.jpg;031884.jpg;161598.jpg
132815.jpg;028508.jpg;154834.jpg
086365.jpg;104521.jpg;149721.jpg
077047.jpg;017057.jpg;100334.jpg
125037.jpg;100888.jpg;093226.jpg
187100.jpg;199745.jpg;198411.jpg
169497.jpg;180831.jpg;086788.jpg
139604.jpg;082181.jpg;170426.jpg
001438.jpg;119372.jpg;152213.jpg
090562.jpg;093322.jpg;076575.jpg
200413.jpg;182667.jpg;034678.jpg
133211.jpg;016375.jpg;046509.jpg
123018.jpg;117271.jpg;181045.jpg
121193.jpg;017071.jpg;197551.jpg
133544.jpg;112892.jpg;077180.jpg
061003.jpg;012523.jpg;168896.jpg
192803.jpg;185762.jpg;110320.jpg
113755.jpg;084830.jpg;011829.jpg
126686.jpg;072107.jpg;180665.jpg
106876.jpg;072659.jpg;066250.jpg
009328.jpg;023374.jpg;183862.jpg
119857.jpg;098907.jpg;075538.jpg
033220.jpg;162504.jpg;088556.jpg
050801.jpg;026544.jpg;126473.jpg
094823.jpg;026714.jpg;142303.jpg
029322.jpg;032401.jpg;141628.jpg
102565.jpg;143992.jpg;049331.jpg
041891.jpg;063769.jpg;181140.jpg
005118.jpg;061832.jpg;196632.jpg
121385.jpg;115374.jpg;096282.jpg
153430.jpg;101222.jpg;038567.jpg
081836.jpg;052236.jpg;091160.jpg
059007.jpg;108133.jpg;191852.jpg
075821.jpg;034169.jpg;176926.jpg
154659.jpg;006856.jpg;115149.jpg
152102.jpg;109091.jpg;076125.jpg
036129.jpg;074460.jpg;105270.jpg
103001.jpg;134663.jpg;014671.jpg
096239.jpg;121625.jpg;052526.jpg
026995.jpg;015178.jpg;194872.jpg
197041.jpg;195831.jpg;102345.jpg
200340.jpg;194327.jpg;071166.jpg
130296.jpg;155688.jpg;037033.jpg
007836.jpg;040096.jpg;186751.jpg
084932.jpg;105650.jpg;001911.jpg
152685.jpg;052569.jpg;178758.jpg
143211.jpg;041822.jpg;090221.jpg
072944.jpg;075579.jpg;143335.jpg
028433.jpg;118809.jpg;135744.jpg
125598.jpg;096703.jpg;068971.jpg
083102.jpg;034323.jpg;070748.jpg
124613.jpg;081897.jpg;151859.jpg
002134.jpg;144725.jpg;017005.jpg
017888.jpg;007640.jpg;174359.jpg
180005.jpg;169825.jpg;033256.jpg
096938.jpg;072012.jpg;113581.jpg
148077.jpg;042428.jpg;051713.jpg
148183.jpg;034933.jpg;015437.jpg
156016.jpg;046717.jpg;053509.jpg
016147.jpg;152832.jpg;159965.jpg
166622.jpg;165029.jpg;067831.jpg
169106.jpg;170924.jpg;054826.jpg
005722.jpg;060871.jpg;047163.jpg
126430.jpg;035407.jpg;146952.jpg
069200.jpg;064955.jpg;172100.jpg
091311.jpg;068807.jpg;066165.jpg
012135.jpg;031719.jpg;133518.jpg
008881.jpg;115491.jpg;021497.jpg
099252.jpg;053859.jpg;136338.jpg
060427.jpg;086072.jpg;053647.jpg
099060.jpg;068831.jpg;127279.jpg
177292.jpg;173665.jpg;004607.jpg
017571.jpg;000014.jpg;066170.jpg
062636.jpg;098748.jpg;147109.jpg
065699.jpg;114063.jpg;093039.jpg
129384.jpg;017545.jpg;200070.jpg
122316.jpg;070598.jpg;021453.jpg
141703.jpg;029621.jpg;014478.jpg
159561.jpg;120983.jpg;162717.jpg
070818.jpg;143357.jpg;078999.jpg
088671.jpg;080526.jpg;039117.jpg
147397.jpg;080126.jpg;031880.jpg
174639.jpg;179770.jpg;056614.jpg
145182.jpg;012632.jpg;089998.jpg
196762.jpg;184423.jpg;039891.jpg
147601.jpg;016523.jpg;107341.jpg
039157.jpg;013456.jpg;130360.jpg
047248.jpg;131057.jpg;051274.jpg
163925.jpg;166728.jpg;047136.jpg
096896.jpg;141697.jpg;083213.jpg
181757.jpg;174915.jpg;031921.jpg
029830.jpg;056819.jpg;199780.jpg
118069.jpg;053622.jpg;036694.jpg
035633.jpg;021167.jpg;129517.jpg
081556.jpg;110462.jpg;030612.jpg
075590.jpg;062065.jpg;104987.jpg
012614.jpg;108183.jpg;159145.jpg
157546.jpg;077847.jpg;034092.jpg
138620.jpg;034428.jpg;028898.jpg
123242.jpg;031434.jpg;099157.jpg
064335.jpg;159830.jpg;024787.jpg
100855.jpg;068839.jpg;006090.jpg
074011.jpg;088105.jpg;171847.jpg
019451.jpg;096650.jpg;000830.jpg
090809.jpg;079991.jpg;143541.jpg
074713.jpg;003626.jpg;085563.jpg
168733.jpg;164009.jpg;097171.jpg
054139.jpg;094782.jpg;161344.jpg
117000.jpg;124704.jpg;075605.jpg
053261.jpg;116171.jpg;118711.jpg
030609.jpg;146706.jpg;028047.jpg
196650.jpg;201283.jpg;006332.jpg
050515.jpg;123892.jpg;141145.jpg
126527.jpg;085501.jpg;154662.jpg
190862.jpg;190522.jpg;063793.jpg
135987.jpg;062976.jpg;054454.jpg
181825.jpg;167954.jpg;077145.jpg
096263.jpg;138031.jpg;016354.jpg
112278.jpg;046214.jpg;137681.jpg
061381.jpg;074368.jpg;187613.jpg
149514.jpg;158288.jpg;185879.jpg
032000.jpg;147482.jpg;048715.jpg
194377.jpg;191977.jpg;187110.jpg
171480.jpg;168017.jpg;117825.jpg
169927.jpg;182522.jpg;102511.jpg
157717.jpg;099931.jpg;079711.jpg
056414.jpg;036123.jpg;156511.jpg
016661.jpg;133456.jpg;022287.jpg
008517.jpg;130652.jpg;037158.jpg
146236.jpg;071445.jpg;034463.jpg
089525.jpg;027242.jpg;109689.jpg
141056.jpg;060030.jpg;179737.jpg
171117.jpg;175180.jpg;109763.jpg
074801.jpg;144834.jpg;030881.jpg
041091.jpg;093813.jpg;043024.jpg
022830.jpg;144062.jpg;055718.jpg
046923.jpg;104594.jpg;135737.jpg
051678.jpg;001219.jpg;033244.jpg
090207.jpg;153200.jpg;110223.jpg
003990.jpg;092524.jpg;072998.jpg
093006.jpg;116905.jpg;004103.jpg
043704.jpg;033804.jpg;174969.jpg
156965.jpg;033835.jpg;105491.jpg
090746.jpg;068399.jpg;041686.jpg
194896.jpg;197289.jpg;076870.jpg
044934.jpg;130822.jpg;135868.jpg
099799.jpg;027634.jpg;134341.jpg
086848.jpg;006647.jpg;016323.jpg
129791.jpg;140890.jpg;138525.jpg
037279.jpg;127187.jpg;180528.jpg
172011.jpg;181208.jpg;172544.jpg
142077.jpg;103629.jpg;157277.jpg
013483.jpg;065692.jpg;070080.jpg
000644.jpg;028260.jpg;109699.jpg
052750.jpg;155739.jpg;092549.jpg
020225.jpg;113794.jpg;185540.jpg
087348.jpg;035565.jpg;043921.jpg
123134.jpg;039909.jpg;077800.jpg
124363.jpg;161427.jpg;156989.jpg
109620.jpg;159283.jpg;114679.jpg
017464.jpg;064457.jpg;148457.jpg
062273.jpg;055550.jpg;021674.jpg
186478.jpg;185055.jpg;018332.jpg
089392.jpg;093098.jpg;192822.jpg
140647.jpg;139744.jpg;008467.jpg
117194.jpg;084973.jpg;116494.jpg
135489.jpg;096090.jpg;163562.jpg
128866.jpg;075513.jpg;112145.jpg
037484.jpg;037753.jpg;141054.jpg
030978.jpg;008707.jpg;137781.jpg
028918.jpg;143416.jpg;076967.jpg
094576.jpg;153866.jpg;102854.jpg
181269.jpg;164804.jpg;163786.jpg
073083.jpg;113389.jpg;149336.jpg
137164.jpg;112806.jpg;061733.jpg
065210.jpg;094601.jpg;042839.jpg
100389.jpg;128987.jpg;012876.jpg
170910.jpg;167588.jpg;141683.jpg
125946.jpg;123475.jpg;009186.jpg
019188.jpg;013387.jpg;092201.jpg
163989.jpg;179973.jpg;021905.jpg
075080.jpg;066564.jpg;053146.jpg
147375.jpg;009172.jpg;010944.jpg
167779.jpg;169816.jpg;032356.jpg
158164.jpg;025172.jpg;070681.jpg
097439.jpg;106979.jpg;076852.jpg
174834.jpg;172095.jpg;144299.jpg
138741.jpg;069089.jpg;086988.jpg
201891.jpg;189893.jpg;017845.jpg
134655.jpg;089763.jpg;089350.jpg
096304.jpg;054579.jpg;011229.jpg
016495.jpg;081617.jpg;001997.jpg
084734.jpg;124969.jpg;021707.jpg
127602.jpg;112780.jpg;063754.jpg
036165.jpg;026952.jpg;195122.jpg
021056.jpg;007327.jpg;069971.jpg
170306.jpg;165251.jpg;133833.jpg
066327.jpg;118656.jpg;063213.jpg
158800.jpg;045096.jpg;111938.jpg
193802.jpg;202373.jpg;130799.jpg
053795.jpg;007104.jpg;116049.jpg
161876.jpg;148214.jpg;032141.jpg
080692.jpg;080873.jpg;045502.jpg
102809.jpg;005783.jpg;107247.jpg
025033.jpg;111059.jpg;046340.jpg
026086.jpg;050050.jpg;175611.jpg
040416.jpg;047779.jpg;062993.jpg
065690.jpg;100997.jpg;102993.jpg
007451.jpg;131149.jpg;177308.jpg
111838.jpg;059674.jpg;086314.jpg
016962.jpg;059639.jpg;002607.jpg
007718.jpg;083685.jpg;024432.jpg
044433.jpg;079522.jpg;186177.jpg
124873.jpg;149304.jpg;015237.jpg
002286.jpg;040071.jpg;131947.jpg
057456.jpg;127914.jpg;063632.jpg
130829.jpg;030178.jpg;123118.jpg
161868.jpg;112878.jpg;090158.jpg
088592.jpg;000537.jpg;055442.jpg
033476.jpg;157803.jpg;183744.jpg
043916.jpg;115696.jpg;103675.jpg
156356.jpg;115561.jpg;017098.jpg
035511.jpg;057716.jpg;013962.jpg
073059.jpg;105808.jpg;148879.jpg
172699.jpg;172551.jpg;067139.jpg
008865.jpg;028542.jpg;034797.jpg
015965.jpg;030921.jpg;152669.jpg
164623.jpg;170940.jpg;040736.jpg
082822.jpg;066699.jpg;083482.jpg
200680.jpg;187125.jpg;056496.jpg
011168.jpg;061283.jpg;092763.jpg
120048.jpg;063106.jpg;045042.jpg
057579.jpg;138454.jpg;187430.jpg
044065.jpg;152565.jpg;010914.jpg
097764.jpg;103505.jpg;022641.jpg
051852.jpg;052356.jpg;008337.jpg
152447.jpg;112561.jpg;018445.jpg
169237.jpg;180002.jpg;009430.jpg
120097.jpg;125386.jpg;134875.jpg
120314.jpg;143239.jpg;184416.jpg
120271.jpg;140194.jpg;117043.jpg
179012.jpg;181437.jpg;148607.jpg
002059.jpg;129687.jpg;073251.jpg
098856.jpg;107379.jpg;182685.jpg
195965.jpg;198259.jpg;036861.jpg
181184.jpg;170974.jpg;174525.jpg
051086.jpg;067759.jpg;078848.jpg
014668.jpg;055806.jpg;161195.jpg
005379.jpg;162500.jpg;180015.jpg
195732.jpg;195510.jpg;081318.jpg
159573.jpg;047931.jpg;156363.jpg
194905.jpg;187256.jpg;033258.jpg
033164.jpg;100044.jpg;145734.jpg
202236.jpg;193083.jpg;042181.jpg
028822.jpg;086455.jpg;115604.jpg
136354.jpg;031441.jpg;177368.jpg
102874.jpg;008815.jpg;191161.jpg
180464.jpg;177087.jpg;009381.jpg
034620.jpg;048435.jpg;189800.jpg
155398.jpg;023319.jpg;088862.jpg
092221.jpg;041571.jpg;136406.jpg
037612.jpg;081322.jpg;130182.jpg
173447.jpg;175496.jpg;191969.jpg
057246.jpg;094289.jpg;104796.jpg
061477.jpg;126977.jpg;106468.jpg
149238.jpg;024244.jpg;036641.jpg
117048.jpg;047886.jpg;089486.jpg
030474.jpg;021426.jpg;154503.jpg
165252.jpg;167851.jpg;039338.jpg
192716.jpg;184216.jpg;190255.jpg
176653.jpg;168276.jpg;151187.jpg
130126.jpg;094382.jpg;089505.jpg
146417.jpg;013755.jpg;164429.jpg
158277.jpg;052399.jpg;131892.jpg
196437.jpg;200637.jpg;149068.jpg
188371.jpg;184504.jpg;072419.jpg
159401.jpg;081706.jpg;083806.jpg
155749.jpg;009973.jpg;192615.jpg
113154.jpg;017899.jpg;035709.jpg
002639.jpg;103350.jpg;053512.jpg
147790.jpg;152094.jpg;096223.jpg
135253.jpg;071516.jpg;018655.jpg
122349.jpg;108499.jpg;008728.jpg
023653.jpg;114828.jpg;080420.jpg
178217.jpg;167038.jpg;195980.jpg
137123.jpg;011999.jpg;116848.jpg
054169.jpg;077650.jpg;064817.jpg
070873.jpg;063901.jpg;026345.jpg
036719.jpg;102798.jpg;147105.jpg
129430.jpg;084938.jpg;174199.jpg
105913.jpg;071175.jpg;170009.jpg
197664.jpg;200558.jpg;174597.jpg
180106.jpg;179918.jpg;080015.jpg
110689.jpg;162219.jpg;123294.jpg
098524.jpg;095868.jpg;013817.jpg
048669.jpg;032601.jpg;019980.jpg
149231.jpg;053663.jpg;136934.jpg
077540.jpg;096588.jpg;097632.jpg
109039.jpg;103015.jpg;198378.jpg
186162.jpg;192905.jpg;138642.jpg
106638.jpg;101298.jpg;045879.jpg
111325.jpg;077018.jpg;036659.jpg
111707.jpg;109631.jpg;025543.jpg
043507.jpg;024985.jpg;093202.jpg
128682.jpg;136322.jpg;110740.jpg
107262.jpg;135070.jpg;129259.jpg
008869.jpg;120860.jpg;031518.jpg
056795.jpg;088682.jpg;034506.jpg
089949.jpg;078276.jpg;040261.jpg
081426.jpg;099844.jpg;076677.jpg
175095.jpg;171852.jpg;095181.jpg
044173.jpg;136750.jpg;121744.jpg
060643.jpg;123243.jpg;014206.jpg
121040.jpg;080796.jpg;175277.jpg
066501.jpg;076746.jpg;123985.jpg
148939.jpg;100544.jpg;068797.jpg
048471.jpg;142026.jpg;102195.jpg
016472.jpg;034731.jpg;144247.jpg
007803.jpg;033130.jpg;022568.jpg
145196.jpg;150627.jpg;105738.jpg
181644.jpg;169111.jpg;171568.jpg
172477.jpg;175828.jpg;096720.jpg
095689.jpg;064753.jpg;200717.jpg
030305.jpg;050310.jpg;020558.jpg
019626.jpg;124483.jpg;050334.jpg
157085.jpg;133228.jpg;011986.jpg
191803.jpg;198884.jpg;053222.jpg
137473.jpg;101851.jpg;165627.jpg
016892.jpg;101094.jpg;181905.jpg
118848.jpg;099372.jpg;030954.jpg
070993.jpg;135542.jpg;117056.jpg
162426.jpg;098739.jpg;027544.jpg
021167.jpg;030365.jpg;050803.jpg
053463.jpg;044033.jpg;188886.jpg
093358.jpg;114645.jpg;072398.jpg
033230.jpg;131997.jpg;145760.jpg
005314.jpg;024697.jpg;007013.jpg
175261.jpg;175253.jpg;003200.jpg
110442.jpg;151243.jpg;137992.jpg
005794.jpg;030964.jpg;145984.jpg
066370.jpg;113020.jpg;164412.jpg
139092.jpg;036782.jpg;134178.jpg
090168.jpg;015123.jpg;072187.jpg
150483.jpg;073631.jpg;007618.jpg
200959.jpg;188946.jpg;103190.jpg
084592.jpg;079896.jpg;050504.jpg
095211.jpg;103817.jpg;130356.jpg
066902.jpg;076943.jpg;123137.jpg
109093.jpg;009680.jpg;167637.jpg
096427.jpg;061015.jpg;197200.jpg
112217.jpg;111871.jpg;116450.jpg
133261.jpg;147598.jpg;150546.jpg
069437.jpg;035630.jpg;159684.jpg
050752.jpg;080802.jpg;156482.jpg
066804.jpg;115307.jpg;129379.jpg
013102.jpg;014824.jpg;135487.jpg
056797.jpg;047333.jpg;160283.jpg
074691.jpg;053297.jpg;043149.jpg
127205.jpg;135737.jpg;041833.jpg
152029.jpg;091538.jpg;072191.jpg
189787.jpg;184357.jpg;157489.jpg
028888.jpg;117208.jpg;094091.jpg
012043.jpg;107488.jpg;046840.jpg
133469.jpg;115225.jpg;124675.jpg
094516.jpg;076791.jpg;186289.jpg
036921.jpg;070207.jpg;066886.jpg
031674.jpg;092169.jpg;099854.jpg
123530.jpg;159177.jpg;140589.jpg
089997.jpg;131272.jpg;160306.jpg
196636.jpg;188555.jpg;001112.jpg
106223.jpg;073823.jpg;156069.jpg
129687.jpg;005277.jpg;008606.jpg
160403.jpg;047900.jpg;193045.jpg
056967.jpg;003621.jpg;200869.jpg
037362.jpg;066991.jpg;132366.jpg
201768.jpg;201572.jpg;159332.jpg
039536.jpg;038182.jpg;164600.jpg
011649.jpg;028578.jpg;020661.jpg
049414.jpg;051036.jpg;085156.jpg
180008.jpg;167875.jpg;012957.jpg
137542.jpg;112565.jpg;184214.jpg
168772.jpg;172995.jpg;040436.jpg
007386.jpg;062150.jpg;094428.jpg
033529.jpg;025950.jpg;173604.jpg
176110.jpg;167266.jpg;164865.jpg
122619.jpg;085421.jpg;058096.jpg
023554.jpg;070157.jpg;086356.jpg
160981.jpg;157557.jpg;086679.jpg
160620.jpg;148997.jpg;025445.jpg
178924.jpg;167342.jpg;126062.jpg
149121.jpg;041887.jpg;148291.jpg
145980.jpg;109007.jpg;013483.jpg
051738.jpg;144978.jpg;038897.jpg
047935.jpg;027610.jpg;190225.jpg
034086.jpg;143236.jpg;021563.jpg
038417.jpg;140447.jpg;043143.jpg
189481.jpg;186552.jpg;137399.jpg
038705.jpg;066563.jpg;041611.jpg
032952.jpg;147350.jpg;192442.jpg
195216.jpg;196468.jpg;179560.jpg
174242.jpg;165244.jpg;121774.jpg
124704.jpg;055492.jpg;202432.jpg
015914.jpg;032143.jpg;182223.jpg
052955.jpg;026969.jpg;069350.jpg
074668.jpg;085350.jpg;180190.jpg
181089.jpg;177430.jpg;178620.jpg
195454.jpg;193936.jpg;017596.jpg
129473.jpg;074076.jpg;053530.jpg
003671.jpg;018335.jpg;161072.jpg
073439.jpg;158206.jpg;181916.jpg
129791.jpg;108654.jpg;012756.jpg
054459.jpg;003434.jpg;181901.jpg
018600.jpg;009722.jpg;197076.jpg
035692.jpg;108832.jpg;090215.jpg
089779.jpg;121857.jpg;050126.jpg
150633.jpg;043835.jpg;041035.jpg
064812.jpg;006344.jpg;095237.jpg
120320.jpg;124474.jpg;092121.jpg
138826.jpg;010488.jpg;167891.jpg
118598.jpg;138149.jpg;176409.jpg
005501.jpg;152969.jpg;045307.jpg
102115.jpg;040878.jpg;046198.jpg
106390.jpg;033671.jpg;116158.jpg
132227.jpg;160713.jpg;041972.jpg
130571.jpg;096779.jpg;067686.jpg
022556.jpg;037168.jpg;129533.jpg
076034.jpg;148673.jpg;004967.jpg
118981.jpg;102886.jpg;024651.jpg
108370.jpg;048850.jpg;085621.jpg
009390.jpg;146979.jpg;177404.jpg
071062.jpg;098957.jpg;009697.jpg
057762.jpg;145593.jpg;080185.jpg
200649.jpg;190139.jpg;050676.jpg
073127.jpg;156370.jpg;194329.jpg
153888.jpg;081862.jpg;049222.jpg
201802.jpg;200601.jpg;050980.jpg
124447.jpg;080719.jpg;161729.jpg
085515.jpg;149103.jpg;005347.jpg
197197.jpg;191856.jpg;168646.jpg
088121.jpg;121965.jpg;082975.jpg
168922.jpg;166839.jpg;090420.jpg
078005.jpg;126779.jpg;035130.jpg
044319.jpg;154021.jpg;188931.jpg
154345.jpg;004575.jpg;065051.jpg
102467.jpg;152990.jpg;025865.jpg
053674.jpg;047042.jpg;069420.jpg
090388.jpg;034668.jpg;169190.jpg
073772.jpg;123707.jpg;045272.jpg
116283.jpg;084380.jpg;076214.jpg
161859.jpg;023283.jpg;188755.jpg
112850.jpg;010283.jpg;156167.jpg
158916.jpg;114999.jpg;103266.jpg
176050.jpg;164815.jpg;198721.jpg
050554.jpg;079878.jpg;078438.jpg
057585.jpg;106490.jpg;139951.jpg
159487.jpg;132421.jpg;047882.jpg
174910.jpg;182539.jpg;031311.jpg
179875.jpg;174421.jpg;020722.jpg
142926.jpg;009104.jpg;036362.jpg
043993.jpg;054983.jpg;087299.jpg
161962.jpg;084109.jpg;058098.jpg
183597.jpg;185677.jpg;198486.jpg
132592.jpg;034263.jpg;170928.jpg
053036.jpg;132620.jpg;044616.jpg
003740.jpg;058645.jpg;023861.jpg
174995.jpg;171135.jpg;041078.jpg
118916.jpg;035081.jpg;188927.jpg
033058.jpg;138107.jpg;008798.jpg
188581.jpg;183940.jpg;078405.jpg
047098.jpg;151879.jpg;128362.jpg
062082.jpg;054700.jpg;137740.jpg
122572.jpg;115091.jpg;041898.jpg
120963.jpg;142498.jpg;044837.jpg
054914.jpg;133894.jpg;193148.jpg
136242.jpg;145342.jpg;058150.jpg
104067.jpg;152800.jpg;067563.jpg
009396.jpg;140584.jpg;115933.jpg
108107.jpg;121771.jpg;079056.jpg
027327.jpg;042716.jpg;156055.jpg
004647.jpg;051112.jpg;163028.jpg
098726.jpg;025187.jpg;080111.jpg
073005.jpg;127258.jpg;008382.jpg
077250.jpg;063995.jpg;143596.jpg
179221.jpg;176483.jpg;146052.jpg
116404.jpg;106318.jpg;086800.jpg
199464.jpg;182975.jpg;053237.jpg
139050.jpg;022217.jpg;069994.jpg
137314.jpg;124874.jpg;017598.jpg
033785.jpg;070465.jpg;053090.jpg
188163.jpg;187983.jpg;040113.jpg
168456.jpg;166059.jpg;053249.jpg
115995.jpg;058820.jpg;097204.jpg
160118.jpg;018458.jpg;018604.jpg
059455.jpg;036938.jpg;198451.jpg
132716.jpg;073723.jpg;130784.jpg
024961.jpg;007269.jpg;006050.jpg
072877.jpg;105195.jpg;118952.jpg
032320.jpg;150096.jpg;044026.jpg
069520.jpg;034182.jpg;191411.jpg
159665.jpg;057595.jpg;081360.jpg
017498.jpg;127844.jpg;196168.jpg
127399.jpg;084675.jpg;169922.jpg
065140.jpg;012320.jpg;103580.jpg
013506.jpg;137067.jpg;117436.jpg
157589.jpg;012140.jpg;069430.jpg
047002.jpg;118742.jpg;202369.jpg
187437.jpg;182754.jpg;005190.jpg
008774.jpg;143277.jpg;092529.jpg
035979.jpg;071338.jpg;018432.jpg
088786.jpg;139075.jpg;019714.jpg
035370.jpg;018657.jpg;067608.jpg
195145.jpg;197333.jpg;134475.jpg
053774.jpg;073493.jpg;110845.jpg
063473.jpg;004196.jpg;161624.jpg
116049.jpg;073914.jpg;002292.jpg
173730.jpg;165395.jpg;137099.jpg
092047.jpg;075035.jpg;073162.jpg
167356.jpg;170996.jpg;001018.jpg
105145.jpg;020551.jpg;085438.jpg
121819.jpg;149189.jpg;017083.jpg
090156.jpg;076124.jpg;025019.jpg
123992.jpg;020682.jpg;086916.jpg
024555.jpg;045254.jpg;009337.jpg
160031.jpg;036793.jpg;122929.jpg
196851.jpg;186798.jpg;083740.jpg
163701.jpg;166098.jpg;049346.jpg
135834.jpg;048019.jpg;051332.jpg
077443.jpg;017739.jpg;190753.jpg
173673.jpg;167875.jpg;071304.jpg
014680.jpg;106067.jpg;131032.jpg
048507.jpg;104780.jpg;089567.jpg
037688.jpg;032869.jpg;112811.jpg
197999.jpg;187781.jpg;052804.jpg
034357.jpg;027163.jpg;092496.jpg
113343.jpg;017211.jpg;145190.jpg
012949.jpg;051305.jpg;011532.jpg
048436.jpg;039061.jpg;175559.jpg
157750.jpg;038719.jpg;091392.jpg
138307.jpg;110720.jpg;149556.jpg
096300.jpg;033887.jpg;115553.jpg
091351.jpg;002268.jpg;119529.jpg
027332.jpg;031940.jpg;098410.jpg
088612.jpg;022416.jpg;045740.jpg
171641.jpg;173376.jpg;157357.jpg
128106.jpg;035997.jpg;190792.jpg
024427.jpg;092042.jpg;137260.jpg
119244.jpg;154063.jpg;007613.jpg
136459.jpg;074276.jpg;055501.jpg
164625.jpg;175739.jpg;103220.jpg
069671.jpg;005504.jpg;143052.jpg
088686.jpg;127206.jpg;125323.jpg
085157.jpg;002122.jpg;087993.jpg
047993.jpg;006097.jpg;129186.jpg
075278.jpg;120058.jpg;149064.jpg
073859.jpg;016870.jpg;105794.jpg
130437.jpg;128374.jpg;139196.jpg
166526.jpg;168723.jpg;154825.jpg
202062.jpg;198357.jpg;105820.jpg
186096.jpg;187157.jpg;141157.jpg
011065.jpg;131824.jpg;091630.jpg
111699.jpg;124506.jpg;057638.jpg
049558.jpg;156321.jpg;140887.jpg
133140.jpg;122912.jpg;112587.jpg
141227.jpg;025259.jpg;101371.jpg
152300.jpg;011672.jpg;018609.jpg
015848.jpg;103510.jpg;165756.jpg
056446.jpg;114964.jpg;165382.jpg
009858.jpg;101628.jpg;130754.jpg
134079.jpg;026688.jpg;083345.jpg
062449.jpg;010032.jpg;060118.jpg
065657.jpg;108549.jpg;170324.jpg
052518.jpg;071725.jpg;196535.jpg
012252.jpg;065843.jpg;126937.jpg
158910.jpg;127157.jpg;063924.jpg
121474.jpg;135555.jpg;019292.jpg
116463.jpg;038152.jpg;148395.jpg
168350.jpg;181749.jpg;061019.jpg
154126.jpg;087465.jpg;036220.jpg
047869.jpg;064542.jpg;136305.jpg
106876.jpg;161837.jpg;121000.jpg
055115.jpg;004466.jpg;017412.jpg
190799.jpg;190794.jpg;148609.jpg
148028.jpg;148480.jpg;164051.jpg
052126.jpg;015765.jpg;162615.jpg
148618.jpg;055690.jpg;053667.jpg
184169.jpg;195165.jpg;117675.jpg
136642.jpg;076366.jpg;019511.jpg
039338.jpg;087385.jpg;191751.jpg
179014.jpg;169975.jpg;081750.jpg
177315.jpg;182605.jpg;149016.jpg
081326.jpg;101044.jpg;079217.jpg
054317.jpg;007793.jpg;023442.jpg
162734.jpg;088019.jpg;031278.jpg
123158.jpg;017594.jpg;099230.jpg
084502.jpg;018683.jpg;042176.jpg
078426.jpg;131399.jpg;026519.jpg
046506.jpg;036326.jpg;107851.jpg
088005.jpg;123385.jpg;144745.jpg
072290.jpg;052046.jpg;051729.jpg
038017.jpg;092710.jpg;129969.jpg
101609.jpg;144802.jpg;068798.jpg
201716.jpg;187335.jpg;048789.jpg
096884.jpg;083743.jpg;022324.jpg
159400.jpg;022169.jpg;017279.jpg
052396.jpg;142732.jpg;191897.jpg
193905.jpg;184979.jpg;044432.jpg
176148.jpg;163367.jpg;159838.jpg
018995.jpg;009266.jpg;097986.jpg
111690.jpg;043394.jpg;019005.jpg
193340.jpg;184872.jpg;099697.jpg
162139.jpg;015013.jpg;059873.jpg
031113.jpg;024658.jpg;000974.jpg
111014.jpg;036122.jpg;112731.jpg
090968.jpg;042090.jpg;112633.jpg
008847.jpg;002866.jpg;080966.jpg
185462.jpg;188470.jpg;192654.jpg
064816.jpg;063416.jpg;104594.jpg
068138.jpg;048977.jpg;153502.jpg
041768.jpg;044777.jpg;133382.jpg
116503.jpg;008351.jpg;045073.jpg
079966.jpg;067988.jpg;047401.jpg
172422.jpg;179528.jpg;134618.jpg
043069.jpg;077122.jpg;180741.jpg
025851.jpg;029780.jpg;085922.jpg
158024.jpg;066303.jpg;197687.jpg
188212.jpg;187791.jpg;037224.jpg
140667.jpg;119686.jpg;159059.jpg
020457.jpg;144159.jpg;092687.jpg
022494.jpg;062897.jpg;112792.jpg
036426.jpg;137562.jpg;053875.jpg
156231.jpg;032767.jpg;029375.jpg
186680.jpg;201199.jpg;056006.jpg
050558.jpg;130293.jpg;107776.jpg
066310.jpg;075374.jpg;117128.jpg
158176.jpg;009053.jpg;175672.jpg
149908.jpg;110327.jpg;137101.jpg
115803.jpg;091933.jpg;180981.jpg
100563.jpg;082437.jpg;047184.jpg
150581.jpg;101754.jpg;176266.jpg
045331.jpg;026625.jpg;197816.jpg
173012.jpg;182216.jpg;138562.jpg
180376.jpg;175554.jpg;137154.jpg
054716.jpg;120982.jpg;142471.jpg
008860.jpg;159566.jpg;114280.jpg
146848.jpg;041956.jpg;033500.jpg
141037.jpg;063814.jpg;131655.jpg
014799.jpg;039199.jpg;047376.jpg
197013.jpg;200634.jpg;122709.jpg
148158.jpg;035482.jpg;014965.jpg
041309.jpg;035139.jpg;185056.jpg
147267.jpg;006361.jpg;077453.jpg
084639.jpg;035937.jpg;191850.jpg
084358.jpg;147627.jpg;025475.jpg
164200.jpg;163623.jpg;017017.jpg
024949.jpg;000626.jpg;059578.jpg
185015.jpg;199366.jpg;180115.jpg
101579.jpg;029607.jpg;144660.jpg
124917.jpg;096283.jpg;194991.jpg
201321.jpg;193655.jpg;193989.jpg
048776.jpg;161737.jpg;169679.jpg
058059.jpg;012245.jpg;186971.jpg
081530.jpg;063013.jpg;150668.jpg
147004.jpg;122721.jpg;120951.jpg
158275.jpg;047275.jpg;171289.jpg
119268.jpg;009200.jpg;021467.jpg
009350.jpg;134240.jpg;187044.jpg
038352.jpg;073721.jpg;139265.jpg
042762.jpg;007035.jpg;186499.jpg
134129.jpg;040236.jpg;144573.jpg
062962.jpg;159964.jpg;123727.jpg
071807.jpg;099024.jpg;078891.jpg
148309.jpg;129159.jpg;177186.jpg
018904.jpg;066980.jpg;062424.jpg
129456.jpg;138385.jpg;051085.jpg
189428.jpg;191746.jpg;024786.jpg
073297.jpg;139843.jpg;144672.jpg
103614.jpg;030398.jpg;149875.jpg
182670.jpg;198508.jpg;068901.jpg
051902.jpg;034346.jpg;087362.jpg
080645.jpg;028921.jpg;088989.jpg
125509.jpg;141145.jpg;171170.jpg
201923.jpg;200334.jpg;003134.jpg
093285.jpg;110738.jpg;061967.jpg
055039.jpg;021852.jpg;161961.jpg
185897.jpg;199708.jpg;061670.jpg
145396.jpg;022808.jpg;021341.jpg
000016.jpg;135813.jpg;047781.jpg
023306.jpg;122159.jpg;012981.jpg
027088.jpg;018330.jpg;015424.jpg
032434.jpg;139743.jpg;125048.jpg
036994.jpg;129882.jpg;172806.jpg
161313.jpg;051956.jpg;092147.jpg
006597.jpg;012653.jpg;112087.jpg
058942.jpg;091870.jpg;145118.jpg
009232.jpg;111777.jpg;082481.jpg
041366.jpg;154013.jpg;131113.jpg
181522.jpg;175589.jpg;095353.jpg
016766.jpg;086354.jpg;036236.jpg
080123.jpg;075738.jpg;099904.jpg
149535.jpg;078913.jpg;109184.jpg
147308.jpg;062261.jpg;164093.jpg
177366.jpg;177542.jpg;091308.jpg
130140.jpg;134227.jpg;174552.jpg
157499.jpg;096494.jpg;123491.jpg
188926.jpg;188733.jpg;067956.jpg
167493.jpg;172075.jpg;185123.jpg
201952.jpg;185424.jpg;077816.jpg
136028.jpg;059602.jpg;175807.jpg
019271.jpg;092889.jpg;066419.jpg
192855.jpg;183023.jpg;124234.jpg
197108.jpg;190516.jpg;106177.jpg
151256.jpg;102856.jpg;071135.jpg
025938.jpg;066467.jpg;106488.jpg
053439.jpg;079671.jpg;016998.jpg
066754.jpg;035537.jpg;066921.jpg
069418.jpg;147676.jpg;201273.jpg
086517.jpg;085963.jpg;154019.jpg
104744.jpg;118158.jpg;035680.jpg
110707.jpg;022624.jpg;096670.jpg
135549.jpg;152302.jpg;017189.jpg
036330.jpg;041091.jpg;050255.jpg
134539.jpg;054445.jpg;016020.jpg
188161.jpg;196375.jpg;144020.jpg
103717.jpg;054125.jpg;126746.jpg
069632.jpg;010658.jpg;046683.jpg
134406.jpg;051111.jpg;138708.jpg
080953.jpg;054070.jpg;106891.jpg
047047.jpg;065861.jpg;059381.jpg
120219.jpg;065586.jpg;019593.jpg
092427.jpg;119179.jpg;041432.jpg
091790.jpg;149325.jpg;080693.jpg
196036.jpg;190816.jpg;006741.jpg
078374.jpg;058642.jpg;184468.jpg
163819.jpg;168942.jpg;095061.jpg
083109.jpg;001997.jpg;105103.jpg
001978.jpg;119256.jpg;164760.jpg
115482.jpg;128124.jpg;074975.jpg
036725.jpg;028888.jpg;058617.jpg
060005.jpg;150705.jpg;097309.jpg
156974.jpg;153687.jpg;019110.jpg
189198.jpg;192739.jpg;042135.jpg
184548.jpg;190939.jpg;140242.jpg
189212.jpg;200527.jpg;088269.jpg
105441.jpg;067606.jpg;072685.jpg
183774.jpg;197752.jpg;180433.jpg
152224.jpg;044012.jpg;045071.jpg
010668.jpg;089808.jpg;003127.jpg
180396.jpg;163196.jpg;010407.jpg
131380.jpg;141432.jpg;164464.jpg
047447.jpg;084197.jpg;055371.jpg
134646.jpg;071002.jpg;090515.jpg
184023.jpg;187936.jpg;053713.jpg
041416.jpg;058273.jpg;024031.jpg
134921.jpg;120353.jpg;127811.jpg
156907.jpg;152661.jpg;171945.jpg
106982.jpg;090424.jpg;069403.jpg
034093.jpg;050267.jpg;175294.jpg
118678.jpg;136390.jpg;177480.jpg
027068.jpg;109985.jpg;031923.jpg
116592.jpg;016420.jpg;109971.jpg
163821.jpg;181950.jpg;124188.jpg
193825.jpg;185806.jpg;085788.jpg
164131.jpg;177584.jpg;171176.jpg
198491.jpg;201711.jpg;154236.jpg
005635.jpg;018474.jpg;004604.jpg
094663.jpg;113996.jpg;122166.jpg
187375.jpg;197146.jpg;017011.jpg
129455.jpg;056802.jpg;143752.jpg
115036.jpg;057178.jpg;102618.jpg
159942.jpg;101481.jpg;174542.jpg
173697.jpg;169740.jpg;146284.jpg
128370.jpg;123053.jpg;053852.jpg
140290.jpg;018383.jpg;122834.jpg
049759.jpg;132461.jpg;024165.jpg
198374.jpg;189716.jpg;133582.jpg
117349.jpg;042424.jpg;141002.jpg
095467.jpg;148680.jpg;141616.jpg
134244.jpg;014290.jpg;161358.jpg
114105.jpg;001260.jpg;174971.jpg
020304.jpg;161396.jpg;108615.jpg
102003.jpg;134308.jpg;095035.jpg
186171.jpg;198203.jpg;067992.jpg
121521.jpg;121531.jpg;011734.jpg
025798.jpg;005085.jpg;104022.jpg
091675.jpg;132122.jpg;134179.jpg
046177.jpg;124120.jpg;086143.jpg
169581.jpg;171271.jpg;187853.jpg
024513.jpg;130744.jpg;022868.jpg
201939.jpg;200055.jpg;129713.jpg
105548.jpg;145469.jpg;074818.jpg
044862.jpg;071545.jpg;193079.jpg
090602.jpg;144128.jpg;152115.jpg
115147.jpg;156398.jpg;034803.jpg
072105.jpg;091544.jpg;140935.jpg
175779.jpg;173444.jpg;181441.jpg
005072.jpg;120191.jpg;154756.jpg
047721.jpg;156644.jpg;052682.jpg
028206.jpg;143665.jpg;192550.jpg
039209.jpg;024041.jpg;152575.jpg
167518.jpg;181757.jpg;192565.jpg
131517.jpg;090918.jpg;021465.jpg
002818.jpg;010309.jpg;042188.jpg
088484.jpg;068227.jpg;085186.jpg
115171.jpg;031004.jpg;182973.jpg
077784.jpg;088583.jpg;129750.jpg
028683.jpg;101046.jpg;057471.jpg
141036.jpg;157858.jpg;016737.jpg
128217.jpg;053756.jpg;095002.jpg
096325.jpg;070508.jpg;004473.jpg
148270.jpg;049591.jpg;200579.jpg
112895.jpg;120457.jpg;184740.jpg
159340.jpg;017069.jpg;042583.jpg
194088.jpg;200935.jpg;093604.jpg
081356.jpg;041437.jpg;151489.jpg
026140.jpg;125943.jpg;104647.jpg
151752.jpg;045017.jpg;061944.jpg
092690.jpg;021614.jpg;125225.jpg
011485.jpg;057282.jpg;023054.jpg
126331.jpg;159073.jpg;035702.jpg
030570.jpg;030180.jpg;022066.jpg
062572.jpg;128280.jpg;059290.jpg
165640.jpg;168999.jpg;065188.jpg
126712.jpg;110198.jpg;102476.jpg
121559.jpg;015940.jpg;168924.jpg
155679.jpg;030549.jpg;182922.jpg
119360.jpg;142743.jpg;144393.jpg
122049.jpg;013482.jpg;127169.jpg
165829.jpg;163400.jpg;180149.jpg
103305.jpg;127740.jpg;024273.jpg
038673.jpg;136960.jpg;074422.jpg
186897.jpg;200303.jpg;110978.jpg
002597.jpg;035146.jpg;137307.jpg
082063.jpg;039401.jpg;115421.jpg
180172.jpg;166276.jpg;058817.jpg
183428.jpg;191214.jpg;132018.jpg
070484.jpg;036674.jpg;139563.jpg
014788.jpg;131779.jpg;025942.jpg
197301.jpg;185725.jpg;047152.jpg
199653.jpg;188628.jpg;079017.jpg
055058.jpg;030113.jpg;055051.jpg
113007.jpg;128011.jpg;128170.jpg
174387.jpg;174143.jpg;146908.jpg
110415.jpg;083861.jpg;092370.jpg
042998.jpg;079923.jpg;130060.jpg
052291.jpg;023636.jpg;073872.jpg
016157.jpg;162408.jpg;010136.jpg
074942.jpg;148170.jpg;187868.jpg
028791.jpg;068630.jpg;200261.jpg
072036.jpg;083170.jpg;121769.jpg
171695.jpg;163734.jpg;133405.jpg
043325.jpg;038921.jpg;031717.jpg
062982.jpg;056473.jpg;048555.jpg
018028.jpg;156397.jpg;092876.jpg
173504.jpg;167958.jpg;124362.jpg
164817.jpg;164496.jpg;050304.jpg
168853.jpg;166380.jpg;069591.jpg
005708.jpg;082179.jpg;055016.jpg
162767.jpg;096819.jpg;031467.jpg
009308.jpg;129668.jpg;183425.jpg
036720.jpg;004903.jpg;191740.jpg
004114.jpg;042278.jpg;006850.jpg
108258.jpg;070487.jpg;134711.jpg
144735.jpg;140664.jpg;130709.jpg
026051.jpg;037147.jpg;189785.jpg
042075.jpg;049695.jpg;017363.jpg
003894.jpg;162610.jpg;152256.jpg
022358.jpg;050057.jpg;187012.jpg
148327.jpg;121446.jpg;101301.jpg
194023.jpg;185384.jpg;088089.jpg
049904.jpg;110959.jpg;181855.jpg
022884.jpg;040533.jpg;190361.jpg
142063.jpg;058485.jpg;018510.jpg
146772.jpg;091546.jpg;104753.jpg
071469.jpg;039282.jpg;116092.jpg
054834.jpg;142946.jpg;096112.jpg
166047.jpg;165825.jpg;016546.jpg
056069.jpg;105324.jpg;160254.jpg
063145.jpg;093858.jpg;199276.jpg
017703.jpg;135661.jpg;126008.jpg
016445.jpg;111841.jpg;106307.jpg
098647.jpg;038733.jpg;099217.jpg
142743.jpg;074612.jpg;147345.jpg
186268.jpg;195258.jpg;022238.jpg
000623.jpg;157405.jpg;187085.jpg
044177.jpg;018335.jpg;131966.jpg
056751.jpg;101090.jpg;064914.jpg
188702.jpg;192948.jpg;005237.jpg
105532.jpg;094531.jpg;091422.jpg
061122.jpg;129424.jpg;104246.jpg
134899.jpg;042710.jpg;111958.jpg
137292.jpg;090703.jpg;032842.jpg
095131.jpg;114121.jpg;065840.jpg
016447.jpg;027969.jpg;108343.jpg
160616.jpg;149905.jpg;196590.jpg
130009.jpg;029841.jpg;061332.jpg
202360.jpg;185430.jpg;137660.jpg
032648.jpg;048899.jpg;152790.jpg
077937.jpg;138958.jpg;195722.jpg
112591.jpg;038121.jpg;146609.jpg
121981.jpg;151772.jpg;093550.jpg
038476.jpg;094924.jpg;170146.jpg
136152.jpg;005842.jpg;193285.jpg
082825.jpg;024286.jpg;005664.jpg
058064.jpg;012650.jpg;175133.jpg
089980.jpg;112074.jpg;121798.jpg
128163.jpg;118226.jpg;142220.jpg
081875.jpg;147287.jpg;033645.jpg
085234.jpg;069682.jpg;142333.jpg
121500.jpg;017951.jpg;075546.jpg
030935.jpg;002353.jpg;058507.jpg
170744.jpg;180434.jpg;091160.jpg
006296.jpg;085532.jpg;138550.jpg
057020.jpg;078727.jpg;002792.jpg
040529.jpg;146093.jpg;015076.jpg
197865.jpg;201135.jpg;138795.jpg
020540.jpg;099767.jpg;102390.jpg
063881.jpg;004097.jpg;068324.jpg
174820.jpg;170604.jpg;132200.jpg
065124.jpg;090826.jpg;138178.jpg
168505.jpg;177641.jpg;100754.jpg
105800.jpg;060960.jpg;009972.jpg
069535.jpg;097546.jpg;048307.jpg
167239.jpg;172345.jpg;081123.jpg
098638.jpg;063294.jpg;067121.jpg
078490.jpg;154567.jpg;042107.jpg
080309.jpg;101697.jpg;121458.jpg
111484.jpg;125990.jpg;120171.jpg
014522.jpg;012939.jpg;170623.jpg
009950.jpg;061633.jpg;141583.jpg
163406.jpg;181406.jpg;161988.jpg
175264.jpg;176789.jpg;121987.jpg
112947.jpg;127668.jpg;096879.jpg
169733.jpg;167832.jpg;029725.jpg
182741.jpg;194097.jpg;084201.jpg
199465.jpg;199734.jpg;034666.jpg
102719.jpg;031874.jpg;152151.jpg
043268.jpg;026774.jpg;010427.jpg
160358.jpg;161982.jpg;032305.jpg
170236.jpg;176160.jpg;167122.jpg
044986.jpg;156007.jpg;170528.jpg
111577.jpg;031341.jpg;068722.jpg
020402.jpg;132509.jpg;089869.jpg
150660.jpg;067680.jpg;162833.jpg
145602.jpg;023459.jpg;173586.jpg
201199.jpg;196043.jpg;191127.jpg
062765.jpg;009722.jpg;063145.jpg
091125.jpg;026937.jpg;057202.jpg
058457.jpg;063302.jpg;051306.jpg
021154.jpg;140870.jpg;194418.jpg
158300.jpg;027855.jpg;050814.jpg
109378.jpg;031054.jpg;154560.jpg
151740.jpg;132903.jpg;052640.jpg
102280.jpg;096793.jpg;172268.jpg
136326.jpg;001164.jpg;110264.jpg
039896.jpg;025957.jpg;063183.jpg
036383.jpg;127765.jpg;092287.jpg
109854.jpg;109243.jpg;064678.jpg
169753.jpg;171704.jpg;104717.jpg
141463.jpg;009582.jpg;177522.jpg
180723.jpg;170794.jpg;164575.jpg
038602.jpg;099373.jpg;160187.jpg
186966.jpg;200909.jpg;140356.jpg
055570.jpg;012591.jpg;121831.jpg
094090.jpg;002155.jpg;171970.jpg
018586.jpg;128605.jpg;104830.jpg
155810.jpg;117784.jpg;044102.jpg
025398.jpg;120936.jpg;034952.jpg
015035.jpg;080672.jpg;120130.jpg
063964.jpg;117707.jpg;185617.jpg
109154.jpg;061047.jpg;084925.jpg
115677.jpg;042125.jpg;179476.jpg
192083.jpg;193356.jpg;083346.jpg
085515.jpg;127055.jpg;124907.jpg
068985.jpg;039976.jpg;114266.jpg
007855.jpg;156806.jpg;101813.jpg
047351.jpg;095088.jpg;176604.jpg
130801.jpg;151256.jpg;124082.jpg
025167.jpg;099594.jpg;064251.jpg
081215.jpg;101533.jpg;197251.jpg
093271.jpg;007719.jpg;137213.jpg
112855.jpg;013023.jpg;093985.jpg
134390.jpg;047255.jpg;111742.jpg
158780.jpg;077079.jpg;089398.jpg
176438.jpg;179416.jpg;123872.jpg
108895.jpg;130095.jpg;172230.jpg
160988.jpg;001246.jpg;201701.jpg
165859.jpg;170840.jpg;170019.jpg
055036.jpg;074524.jpg;017292.jpg
105046.jpg;082052.jpg;121739.jpg
024919.jpg;068033.jpg;080023.jpg
104378.jpg;109413.jpg;030791.jpg
056715.jpg;063627.jpg;175673.jpg
059223.jpg;110259.jpg;180194.jpg
172307.jpg;174841.jpg;093311.jpg
099698.jpg;057544.jpg;093987.jpg
113836.jpg;091401.jpg;109995.jpg
066368.jpg;141711.jpg;143540.jpg
201996.jpg;191016.jpg;096416.jpg
113940.jpg;066646.jpg;080979.jpg
038982.jpg;012513.jpg;013016.jpg
071378.jpg;038229.jpg;046074.jpg
030972.jpg;019794.jpg;103506.jpg
084000.jpg;143429.jpg;084075.jpg
066135.jpg;010795.jpg;007761.jpg
136961.jpg;109899.jpg;067439.jpg
195607.jpg;199916.jpg;140181.jpg
145008.jpg;034584.jpg;103754.jpg
085170.jpg;047734.jpg;147584.jpg
079187.jpg;045398.jpg;019950.jpg
193840.jpg;190715.jpg;023760.jpg
007209.jpg;003017.jpg;116800.jpg
104432.jpg;139390.jpg;035130.jpg
200061.jpg;188260.jpg;061676.jpg
073354.jpg;010159.jpg;002579.jpg
103013.jpg;136407.jpg;071630.jpg
131237.jpg;048739.jpg;150343.jpg
008092.jpg;093450.jpg;125691.jpg
088694.jpg;129047.jpg;049314.jpg
061542.jpg;040793.jpg;089874.jpg
189489.jpg;192745.jpg;094929.jpg
112056.jpg;128539.jpg;039502.jpg
098446.jpg;057061.jpg;002235.jpg
166731.jpg;174348.jpg;088738.jpg
197620.jpg;185589.jpg;095922.jpg
184932.jpg;183825.jpg;138260.jpg
110762.jpg;112182.jpg;102930.jpg
179545.jpg;171897.jpg;163458.jpg
010760.jpg;130158.jpg;139279.jpg
042818.jpg;135567.jpg;167212.jpg
162818.jpg;168895.jpg;170755.jpg
172452.jpg;177803.jpg;114136.jpg
127075.jpg;091414.jpg;075195.jpg
113984.jpg;010790.jpg;171364.jpg
045481.jpg;053845.jpg;106826.jpg
194623.jpg;187061.jpg;147833.jpg
121444.jpg;011937.jpg;016455.jpg
108201.jpg;076545.jpg;186875.jpg
152135.jpg;087828.jpg;175783.jpg
010389.jpg;001063.jpg;080031.jpg
182763.jpg;193232.jpg;106846.jpg
022724.jpg;011496.jpg;201992.jpg
098894.jpg;020889.jpg;130343.jpg
170375.jpg;165470.jpg;001543.jpg
086250.jpg;016797.jpg;042212.jpg
099731.jpg;053096.jpg;037468.jpg
181567.jpg;173214.jpg;089467.jpg
093796.jpg;006371.jpg;090852.jpg
120874.jpg;097126.jpg;054225.jpg
099267.jpg;014022.jpg;155413.jpg
071996.jpg;068325.jpg;074643.jpg
053842.jpg;081204.jpg;043850.jpg
165252.jpg;180375.jpg;139042.jpg
086042.jpg;003473.jpg;108311.jpg
031958.jpg;044097.jpg;031704.jpg
166028.jpg;180582.jpg;185480.jpg
018053.jpg;100425.jpg;177661.jpg
021271.jpg;140824.jpg;000085.jpg
104303.jpg;065630.jpg;185041.jpg
109662.jpg;003187.jpg;138678.jpg
140227.jpg;032061.jpg;003269.jpg
024776.jpg;057728.jpg;148345.jpg
116107.jpg;139357.jpg;042144.jpg
114170.jpg;023977.jpg;078191.jpg
074170.jpg;142939.jpg;183400.jpg
107110.jpg;032784.jpg;167341.jpg
000021.jpg;080038.jpg;076930.jpg
050370.jpg;162325.jpg;089369.jpg
020706.jpg;152274.jpg;183480.jpg
163903.jpg;168775.jpg;174824.jpg
165468.jpg;163484.jpg;189968.jpg
151971.jpg;089478.jpg;127736.jpg
145970.jpg;055521.jpg;122185.jpg
088932.jpg;037406.jpg;196383.jpg
135762.jpg;101546.jpg;106154.jpg
157741.jpg;034576.jpg;088486.jpg
113911.jpg;077777.jpg;012550.jpg
071248.jpg;073628.jpg;163895.jpg
191539.jpg;189558.jpg;018430.jpg
044338.jpg;079876.jpg;157218.jpg
026625.jpg;044834.jpg;201815.jpg
065542.jpg;073481.jpg;154909.jpg
111099.jpg;052639.jpg;005475.jpg
108760.jpg;097684.jpg;166080.jpg
064319.jpg;057720.jpg;042806.jpg
147711.jpg;156647.jpg;131354.jpg
109274.jpg;110509.jpg;167477.jpg
187296.jpg;200604.jpg;108703.jpg
035746.jpg;117012.jpg;130675.jpg
092657.jpg;030675.jpg;003905.jpg
118624.jpg;106753.jpg;038817.jpg
045281.jpg;120743.jpg;189299.jpg
094147.jpg;084986.jpg;079764.jpg
079756.jpg;057468.jpg;086965.jpg
151004.jpg;151318.jpg;099799.jpg
092157.jpg;101031.jpg;040599.jpg
099856.jpg;055141.jpg;137301.jpg
006907.jpg;146098.jpg;153133.jpg
138840.jpg;029043.jpg;002860.jpg
019272.jpg;031092.jpg;180021.jpg
182952.jpg;201317.jpg;005867.jpg
093095.jpg;013642.jpg;173582.jpg
137194.jpg;047479.jpg;101869.jpg
083793.jpg;106027.jpg;166377.jpg
154421.jpg;146563.jpg;014926.jpg
014369.jpg;013050.jpg;042459.jpg
168471.jpg;179652.jpg;159611.jpg
126250.jpg;104093.jpg;010525.jpg
081867.jpg;162436.jpg;148035.jpg
138822.jpg;122760.jpg;111314.jpg
139046.jpg;148941.jpg;164089.jpg
187948.jpg;184875.jpg;162672.jpg
160244.jpg;150021.jpg;120882.jpg
167261.jpg;172331.jpg;176696.jpg
156011.jpg;103449.jpg;053478.jpg
149866.jpg;114442.jpg;114380.jpg
130896.jpg;048221.jpg;156362.jpg
113429.jpg;014999.jpg;000682.jpg
176197.jpg;176514.jpg;146735.jpg
029698.jpg;005290.jpg;082084.jpg
020524.jpg;022124.jpg;051588.jpg
192043.jpg;184112.jpg;027829.jpg
002633.jpg;150929.jpg;095737.jpg
131413.jpg;029649.jpg;166677.jpg
146960.jpg;082093.jpg;039980.jpg
082995.jpg;025281.jpg;100879.jpg
008987.jpg;001803.jpg;122101.jpg
178496.jpg;171116.jpg;031631.jpg
152819.jpg;047637.jpg;012453.jpg
094973.jpg;136378.jpg;202359.jpg
044531.jpg;076842.jpg;127656.jpg
093842.jpg;016714.jpg;127656.jpg
029845.jpg;116938.jpg;115494.jpg
069051.jpg;127228.jpg;005642.jpg
182816.jpg;201926.jpg;175058.jpg
003650.jpg;094791.jpg;188881.jpg
186002.jpg;185572.jpg;078863.jpg
201776.jpg;199849.jpg;175486.jpg
112101.jpg;008616.jpg;023542.jpg
134079.jpg;028205.jpg;005916.jpg
193519.jpg;195341.jpg;097991.jpg
013438.jpg;109107.jpg;146304.jpg
030048.jpg;005275.jpg;180207.jpg
091143.jpg;150099.jpg;075556.jpg
053587.jpg;122191.jpg;017018.jpg
012845.jpg;069318.jpg;040223.jpg
153178.jpg;093621.jpg;069200.jpg
137828.jpg;078923.jpg;119788.jpg
101123.jpg;010885.jpg;103124.jpg
089624.jpg;074694.jpg;167355.jpg
071248.jpg;110257.jpg;011197.jpg
116048.jpg;123672.jpg;118087.jpg
150345.jpg;141078.jpg;089411.jpg
074273.jpg;134249.jpg;156798.jpg
123506.jpg;009156.jpg;181285.jpg
029739.jpg;071579.jpg;065913.jpg
110513.jpg;135317.jpg;098563.jpg
096935.jpg;140831.jpg;177681.jpg
019008.jpg;103181.jpg;048513.jpg
095415.jpg;027759.jpg;194954.jpg
158028.jpg;142693.jpg;076880.jpg
109583.jpg;001039.jpg;095779.jpg
041464.jpg;091318.jpg;180661.jpg
098737.jpg;080832.jpg;148091.jpg
070056.jpg;030002.jpg;042841.jpg
155811.jpg;120821.jpg;200027.jpg
016912.jpg;086199.jpg;060874.jpg
111589.jpg;142838.jpg;093418.jpg
076720.jpg;140248.jpg;046646.jpg
142796.jpg;145464.jpg;091419.jpg
189721.jpg;189360.jpg;062028.jpg
038359.jpg;135109.jpg;164934.jpg
024311.jpg;007803.jpg;168806.jpg
147087.jpg;071966.jpg;099337.jpg
012653.jpg;140504.jpg;036236.jpg
176376.jpg;170948.jpg;110863.jpg
187767.jpg;187038.jpg;112629.jpg
089302.jpg;049309.jpg;031414.jpg
194233.jpg;199470.jpg;081403.jpg
027826.jpg;121994.jpg;156000.jpg
057029.jpg;034954.jpg;040716.jpg
193614.jpg;202253.jpg;185175.jpg
076860.jpg;004432.jpg;150663.jpg
056805.jpg;121535.jpg;002658.jpg
104084.jpg;087778.jpg;068228.jpg
106582.jpg;067176.jpg;085693.jpg
124003.jpg;067634.jpg;133619.jpg
112052.jpg;032911.jpg;005391.jpg
112166.jpg;080881.jpg;059106.jpg
038234.jpg;021092.jpg;080939.jpg
032429.jpg;137162.jpg;035024.jpg
022375.jpg;131900.jpg;042731.jpg
048905.jpg;027916.jpg;066349.jpg
165660.jpg;175293.jpg;086220.jpg
073724.jpg;095235.jpg;070484.jpg
183505.jpg;201125.jpg;172044.jpg
049759.jpg;147808.jpg;064219.jpg
093513.jpg;072329.jpg;029272.jpg
200214.jpg;190863.jpg;114271.jpg
134365.jpg;095164.jpg;016710.jpg
025929.jpg;107830.jpg;157266.jpg
088441.jpg;054092.jpg;144808.jpg
054281.jpg;105661.jpg;109404.jpg
136634.jpg;057304.jpg;132021.jpg
029526.jpg;004146.jpg;028001.jpg
176933.jpg;181992.jpg;116790.jpg
060286.jpg;059124.jpg;061737.jpg
156664.jpg;091966.jpg;117349.jpg
014955.jpg;035057.jpg;049377.jpg
148046.jpg;056882.jpg;132098.jpg
181846.jpg;174590.jpg;045081.jpg
069950.jpg;082683.jpg;042626.jpg
193537.jpg;199493.jpg;089637.jpg
166550.jpg;180155.jpg;000357.jpg
197791.jpg;197102.jpg;131729.jpg
008383.jpg;088239.jpg;124481.jpg
099498.jpg;086902.jpg;162540.jpg
003487.jpg;035055.jpg;135966.jpg
115577.jpg;141937.jpg;105426.jpg
010986.jpg;050554.jpg;047465.jpg
160175.jpg;023957.jpg;058382.jpg
083079.jpg;082096.jpg;038837.jpg
022633.jpg;010796.jpg;113477.jpg
055152.jpg;136276.jpg;006935.jpg
046433.jpg;048885.jpg;105474.jpg
037182.jpg;087970.jpg;176882.jpg
178660.jpg;173510.jpg;195039.jpg
017305.jpg;035577.jpg;025497.jpg
056090.jpg;116968.jpg;089312.jpg
150559.jpg;080246.jpg;013217.jpg
173077.jpg;168897.jpg;151040.jpg
068275.jpg;067370.jpg;087089.jpg
110162.jpg;030456.jpg;111367.jpg
097004.jpg;151595.jpg;019704.jpg
114605.jpg;109553.jpg;115681.jpg
054211.jpg;000184.jpg;102708.jpg
082355.jpg;162350.jpg;087771.jpg
082928.jpg;141897.jpg;038541.jpg
157108.jpg;049689.jpg;178696.jpg
164736.jpg;170162.jpg;038372.jpg
092133.jpg;015503.jpg;013546.jpg
115343.jpg;097194.jpg;148155.jpg
071282.jpg;040739.jpg;094532.jpg
181953.jpg;179765.jpg;145969.jpg
090782.jpg;025752.jpg;010136.jpg
042297.jpg;029831.jpg;144958.jpg
030498.jpg;052134.jpg;130455.jpg
073270.jpg;004285.jpg;024118.jpg
109554.jpg;145811.jpg;052199.jpg
090160.jpg;044195.jpg;196585.jpg
093841.jpg;102618.jpg;103736.jpg
006713.jpg;158183.jpg;089495.jpg
133306.jpg;083780.jpg;107686.jpg
196010.jpg;197554.jpg;077668.jpg
158899.jpg;035883.jpg;044255.jpg
080815.jpg;104641.jpg;178614.jpg
041619.jpg;091034.jpg;120688.jpg
093311.jpg;005062.jpg;159509.jpg
153221.jpg;068904.jpg;034608.jpg
037595.jpg;001199.jpg;078965.jpg
127177.jpg;024526.jpg;143010.jpg
139801.jpg;059040.jpg;141420.jpg
201769.jpg;195212.jpg;069779.jpg
110866.jpg;101741.jpg;129211.jpg
114180.jpg;080854.jpg;160701.jpg
198782.jpg;197002.jpg;051920.jpg
143120.jpg;103507.jpg;117736.jpg
191521.jpg;187173.jpg;164720.jpg
105130.jpg;069582.jpg;104312.jpg
167917.jpg;167998.jpg;170963.jpg
029792.jpg;076038.jpg;101153.jpg
197211.jpg;183774.jpg;141403.jpg
184755.jpg;200265.jpg;188559.jpg
025292.jpg;037483.jpg;180992.jpg
123172.jpg;134953.jpg;015722.jpg
110819.jpg;103771.jpg;078520.jpg
129149.jpg;016336.jpg;115641.jpg
150814.jpg;132220.jpg;169230.jpg
158023.jpg;070373.jpg;106518.jpg
152669.jpg;134064.jpg;124443.jpg
139626.jpg;133819.jpg;041795.jpg
094889.jpg;037053.jpg;164978.jpg
153184.jpg;021101.jpg;000998.jpg
131355.jpg;122922.jpg;120198.jpg
010795.jpg;066135.jpg;170686.jpg
055342.jpg;028075.jpg;029845.jpg
117496.jpg;069573.jpg;135556.jpg
100975.jpg;036037.jpg;091928.jpg
077900.jpg;081998.jpg;121232.jpg
127897.jpg;139847.jpg;169558.jpg
029728.jpg;131559.jpg;191599.jpg
035238.jpg;156321.jpg;047807.jpg
003990.jpg;099510.jpg;100894.jpg
032446.jpg;109275.jpg;086476.jpg
148289.jpg;118027.jpg;153641.jpg
085713.jpg;156947.jpg;051807.jpg
124578.jpg;018811.jpg;134216.jpg
129419.jpg;062599.jpg;051822.jpg
201550.jpg;200711.jpg;068041.jpg
131872.jpg;036775.jpg;171179.jpg
032298.jpg;089784.jpg;052476.jpg
001300.jpg;142944.jpg;087713.jpg
058913.jpg;088666.jpg;181443.jpg
019709.jpg;016107.jpg;190607.jpg
079368.jpg;079454.jpg;101594.jpg
141039.jpg;059599.jpg;135608.jpg
001633.jpg;030709.jpg;162987.jpg
114423.jpg;068794.jpg;076004.jpg
087011.jpg;083598.jpg;009692.jpg
076867.jpg;136024.jpg;197492.jpg
026654.jpg;127049.jpg;116922.jpg
105134.jpg;043302.jpg;111361.jpg
094385.jpg;000567.jpg;128034.jpg
125665.jpg;031341.jpg;052160.jpg
149567.jpg;086128.jpg;035357.jpg
078293.jpg;006433.jpg;021979.jpg
134599.jpg;110745.jpg;108205.jpg
121849.jpg;047323.jpg;082192.jpg
182669.jpg;192815.jpg;026663.jpg
169334.jpg;169853.jpg;071182.jpg
104341.jpg;098811.jpg;016191.jpg
159341.jpg;020612.jpg;103183.jpg
076660.jpg;022739.jpg;135348.jpg
123811.jpg;010318.jpg;130616.jpg
104318.jpg;107720.jpg;070774.jpg
151565.jpg;092847.jpg;112081.jpg
086749.jpg;046265.jpg;155148.jpg
192318.jpg;201856.jpg;177135.jpg
014939.jpg;045061.jpg;041617.jpg
184272.jpg;190133.jpg;081497.jpg
008022.jpg;103681.jpg;134002.jpg
079789.jpg;089177.jpg;157578.jpg
091633.jpg;050354.jpg;064435.jpg
018675.jpg;027539.jpg;006940.jpg
055470.jpg;034696.jpg;043030.jpg
078257.jpg;019269.jpg;086531.jpg
060508.jpg;044879.jpg;176735.jpg
160412.jpg;037324.jpg;139305.jpg
069860.jpg;101412.jpg;035468.jpg
030286.jpg;055093.jpg;071234.jpg
169483.jpg;168299.jpg;030260.jpg
084604.jpg;140761.jpg;037305.jpg
195030.jpg;186078.jpg;039587.jpg
151974.jpg;150164.jpg;098998.jpg
115070.jpg;156013.jpg;113646.jpg
164622.jpg;180934.jpg;106683.jpg
011983.jpg;006022.jpg;118584.jpg
140038.jpg;132758.jpg;109380.jpg
073763.jpg;004703.jpg;033052.jpg
144521.jpg;006869.jpg;053246.jpg
081583.jpg;031573.jpg;032602.jpg
189330.jpg;197156.jpg;195218.jpg
198540.jpg;187889.jpg;090747.jpg
013529.jpg;076781.jpg;065025.jpg
118158.jpg;018520.jpg;011804.jpg
020584.jpg;001717.jpg;136354.jpg
158108.jpg;020498.jpg;065628.jpg
198948.jpg;196966.jpg;133135.jpg
091651.jpg;027484.jpg;158738.jpg
125983.jpg;119340.jpg;123124.jpg
050744.jpg;069511.jpg;192367.jpg
170508.jpg;181383.jpg;126827.jpg
117500.jpg;053882.jpg;183792.jpg
113820.jpg;098762.jpg;012609.jpg
065755.jpg;066060.jpg;166995.jpg
139719.jpg;144022.jpg;192693.jpg
166627.jpg;165753.jpg;115429.jpg
041408.jpg;155828.jpg;083439.jpg
125787.jpg;097914.jpg;121717.jpg
060770.jpg;046646.jpg;009037.jpg
085424.jpg;011913.jpg;063319.jpg
069455.jpg;039655.jpg;114227.jpg
043519.jpg;009767.jpg;174888.jpg
170222.jpg;169938.jpg;068998.jpg
057018.jpg;114474.jpg;143972.jpg
017205.jpg;153526.jpg;132135.jpg
002647.jpg;048894.jpg;122079.jpg
115724.jpg;117208.jpg;124641.jpg
049259.jpg;124270.jpg;135467.jpg
029652.jpg;157006.jpg;067962.jpg
076845.jpg;103648.jpg;150189.jpg
129237.jpg;151720.jpg;109400.jpg
067610.jpg;098739.jpg;136280.jpg
129238.jpg;143496.jpg;177852.jpg
004727.jpg;138736.jpg;034772.jpg
001314.jpg;107170.jpg;123410.jpg
070608.jpg;032976.jpg;069028.jpg
125713.jpg;069928.jpg;034536.jpg
016754.jpg;143795.jpg;045464.jpg
042576.jpg;019729.jpg;064006.jpg
122385.jpg;093222.jpg;066048.jpg
054306.jpg;081619.jpg;094838.jpg
072246.jpg;080993.jpg;001269.jpg
031976.jpg;130501.jpg;106667.jpg
074142.jpg;131753.jpg;012704.jpg
194849.jpg;186870.jpg;166001.jpg
007092.jpg;095883.jpg;190729.jpg
085805.jpg;122666.jpg;192994.jpg
111347.jpg;045087.jpg;142127.jpg
189917.jpg;201628.jpg;085146.jpg
120050.jpg;031859.jpg;011457.jpg
139681.jpg;149785.jpg;170355.jpg
118608.jpg;033178.jpg;095324.jpg
103431.jpg;062529.jpg;125145.jpg
028235.jpg;007220.jpg;200764.jpg
180216.jpg;163907.jpg;036394.jpg
178474.jpg;163467.jpg;060316.jpg
107959.jpg;047220.jpg;030590.jpg
004713.jpg;093456.jpg;195969.jpg
030893.jpg;109610.jpg;047249.jpg
084152.jpg;160388.jpg;019378.jpg
199981.jpg;198163.jpg;054297.jpg
142675.jpg;059907.jpg;114539.jpg
038220.jpg;079429.jpg;026159.jpg
114188.jpg;091536.jpg;191043.jpg
182431.jpg;175256.jpg;194029.jpg
060734.jpg;148202.jpg;170863.jpg
113815.jpg;071131.jpg;092382.jpg
067634.jpg;000968.jpg;028480.jpg
114336.jpg;063616.jpg;135928.jpg
006422.jpg;012880.jpg;173544.jpg
084228.jpg;138817.jpg;148264.jpg
051107.jpg;055381.jpg;025515.jpg
100946.jpg;037697.jpg;019557.jpg
197826.jpg;196151.jpg;137967.jpg
147627.jpg;130066.jpg;184301.jpg
128839.jpg;108293.jpg;136823.jpg
037367.jpg;062019.jpg;135376.jpg
180960.jpg;179393.jpg;115424.jpg
193532.jpg;195508.jpg;164874.jpg
082377.jpg;156685.jpg;192361.jpg
057755.jpg;058770.jpg;169537.jpg
039869.jpg;038829.jpg;136386.jpg
061988.jpg;096755.jpg;062895.jpg
096742.jpg;119606.jpg;155153.jpg
028567.jpg;031426.jpg;093301.jpg
024274.jpg;120418.jpg;201511.jpg
031808.jpg;037687.jpg;136322.jpg
096407.jpg;009004.jpg;078272.jpg
154986.jpg;005427.jpg;177664.jpg
174997.jpg;164064.jpg;144991.jpg
155403.jpg;145689.jpg;146641.jpg
098459.jpg;089236.jpg;134102.jpg
178736.jpg;165628.jpg;132845.jpg
077976.jpg;017512.jpg;029659.jpg
100595.jpg;028763.jpg;142635.jpg
021017.jpg;161647.jpg;173209.jpg
104555.jpg;102785.jpg;128471.jpg
122485.jpg;105655.jpg;132556.jpg
066809.jpg;095867.jpg;048301.jpg
181072.jpg;163752.jpg;145093.jpg
075329.jpg;019387.jpg;182308.jpg
011440.jpg;091430.jpg;035546.jpg
147964.jpg;115697.jpg;099958.jpg
165188.jpg;166840.jpg;135870.jpg
145036.jpg;008047.jpg;107965.jpg
113189.jpg;134189.jpg;132842.jpg
068312.jpg;089365.jpg;127612.jpg
180523.jpg;176745.jpg;006396.jpg
095265.jpg;000897.jpg;070317.jpg
046689.jpg;058404.jpg;153056.jpg
149207.jpg;158287.jpg;190487.jpg
059970.jpg;065310.jpg;130682.jpg
041907.jpg;008422.jpg;136649.jpg
176738.jpg;171135.jpg;043242.jpg
051884.jpg;106258.jpg;165169.jpg
052231.jpg;159843.jpg;201700.jpg
054103.jpg;160110.jpg;062139.jpg
038769.jpg;069694.jpg;177099.jpg
171574.jpg;180819.jpg;196710.jpg
102672.jpg;135617.jpg;105284.jpg
020207.jpg;079567.jpg;032520.jpg
187379.jpg;184355.jpg;017232.jpg
013024.jpg;006203.jpg;096143.jpg
084468.jpg;093722.jpg;045596.jpg
128243.jpg;150743.jpg;063511.jpg
189521.jpg;194992.jpg;106496.jpg
006196.jpg;072664.jpg;129549.jpg
122367.jpg;039114.jpg;101112.jpg
200165.jpg;186713.jpg;036093.jpg
069014.jpg;069351.jpg;147719.jpg
141442.jpg;053889.jpg;120441.jpg
201409.jpg;200916.jpg;055745.jpg
020043.jpg;035745.jpg;103112.jpg
083726.jpg;125238.jpg;071573.jpg
175472.jpg;170122.jpg;162123.jpg
097710.jpg;128029.jpg;107577.jpg
201849.jpg;186636.jpg;146839.jpg
046906.jpg;033472.jpg;087246.jpg
025904.jpg;137807.jpg;108927.jpg
172021.jpg;177294.jpg;047506.jpg
127385.jpg;123763.jpg;057491.jpg
115274.jpg;142205.jpg;016194.jpg
195041.jpg;186730.jpg;033725.jpg
103476.jpg;106815.jpg;056199.jpg
125709.jpg;010831.jpg;148751.jpg
189531.jpg;190457.jpg;061166.jpg
018921.jpg;128775.jpg;195791.jpg
173369.jpg;170232.jpg;064395.jpg
055881.jpg;128801.jpg;186192.jpg
017506.jpg;091740.jpg;151801.jpg
071660.jpg;021963.jpg;030639.jpg
082577.jpg;002535.jpg;011071.jpg
000668.jpg;024212.jpg;103964.jpg
022112.jpg;013500.jpg;136877.jpg
171347.jpg;174518.jpg;085400.jpg
170685.jpg;178718.jpg;095311.jpg
104815.jpg;147480.jpg;077241.jpg
057161.jpg;119274.jpg;109322.jpg
067816.jpg;124977.jpg;127227.jpg
015556.jpg;076523.jpg;071611.jpg
191148.jpg;200075.jpg;030763.jpg
166497.jpg;166738.jpg;120319.jpg
144047.jpg;103840.jpg;167270.jpg
133596.jpg;018555.jpg;167277.jpg
038563.jpg;131348.jpg;065151.jpg
114437.jpg;132275.jpg;139017.jpg
163336.jpg;166297.jpg;143784.jpg
096432.jpg;012088.jpg;017900.jpg
081979.jpg;140001.jpg;172412.jpg
114557.jpg;076196.jpg;007409.jpg
149966.jpg;057473.jpg;040667.jpg
169006.jpg;179026.jpg;161726.jpg
094157.jpg;101482.jpg;160583.jpg
060326.jpg;009198.jpg;025454.jpg
088253.jpg;080040.jpg;068750.jpg
077891.jpg;024224.jpg;182995.jpg
089357.jpg;084471.jpg;073722.jpg
069525.jpg;090414.jpg;126001.jpg
160249.jpg;043746.jpg;103378.jpg
126575.jpg;110883.jpg;021611.jpg
079065.jpg;037989.jpg;055174.jpg
045453.jpg;061868.jpg;050689.jpg
133976.jpg;062332.jpg;136601.jpg
014536.jpg;006213.jpg;155931.jpg
040916.jpg;075808.jpg;155660.jpg
144016.jpg;053590.jpg;181323.jpg
146957.jpg;092072.jpg;167026.jpg
181660.jpg;181106.jpg;065656.jpg
141689.jpg;130855.jpg;134590.jpg
128762.jpg;140892.jpg;027918.jpg
137279.jpg;125829.jpg;042157.jpg
103780.jpg;028315.jpg;202389.jpg
188200.jpg;195361.jpg;087033.jpg
112103.jpg;132462.jpg;085389.jpg
168357.jpg;176694.jpg;119264.jpg
121787.jpg;133656.jpg;066862.jpg
032918.jpg;066894.jpg;020290.jpg
174642.jpg;175445.jpg;149824.jpg
124439.jpg;017031.jpg;061692.jpg
016436.jpg;027262.jpg;079205.jpg
179650.jpg;175029.jpg;067377.jpg
046737.jpg;130077.jpg;104442.jpg
162788.jpg;175081.jpg;164203.jpg
125076.jpg;154305.jpg;097760.jpg
107440.jpg;088131.jpg;006913.jpg
197693.jpg;183444.jpg;012765.jpg
029421.jpg;065654.jpg;029561.jpg
172408.jpg;180764.jpg;192444.jpg
007983.jpg;137960.jpg;144329.jpg
173392.jpg;171403.jpg;084405.jpg
116275.jpg;068633.jpg;042987.jpg
068148.jpg;120655.jpg;062464.jpg
020838.jpg;015416.jpg;016212.jpg
131211.jpg;089415.jpg;106390.jpg
103090.jpg;012332.jpg;126811.jpg
010113.jpg;064823.jpg;199748.jpg
046163.jpg;050377.jpg;145597.jpg
129883.jpg;078554.jpg;036974.jpg
180466.jpg;181539.jpg;039420.jpg
135257.jpg;025178.jpg;002251.jpg
105857.jpg;020557.jpg;034959.jpg
189326.jpg;200687.jpg;196585.jpg
052865.jpg;146585.jpg;078124.jpg
050223.jpg;051545.jpg;165502.jpg
147112.jpg;012769.jpg;127827.jpg
193517.jpg;195354.jpg;181346.jpg
174818.jpg;172268.jpg;016949.jpg
071498.jpg;044346.jpg;108053.jpg
045337.jpg;072953.jpg;002048.jpg
079186.jpg;105952.jpg;159788.jpg
104705.jpg;007437.jpg;121832.jpg
121571.jpg;017679.jpg;085216.jpg
154947.jpg;007320.jpg;157489.jpg
127849.jpg;116271.jpg;034107.jpg
199531.jpg;191248.jpg;047797.jpg
087136.jpg;043954.jpg;039738.jpg
164342.jpg;163125.jpg;139612.jpg
109155.jpg;102922.jpg;066713.jpg
097949.jpg;084266.jpg;082807.jpg
050525.jpg;008891.jpg;082061.jpg
120663.jpg;146449.jpg;183190.jpg
169268.jpg;174692.jpg;124273.jpg
062289.jpg;124653.jpg;098522.jpg
116127.jpg;135112.jpg;045500.jpg
123897.jpg;080220.jpg;174898.jpg
063989.jpg;082712.jpg;192699.jpg
056689.jpg;127304.jpg;027443.jpg
032483.jpg;036375.jpg;147823.jpg
073371.jpg;014294.jpg;154232.jpg
070503.jpg;120713.jpg;140019.jpg
136563.jpg;009942.jpg;039926.jpg
064742.jpg;122073.jpg;109481.jpg
134428.jpg;156251.jpg;175185.jpg
174373.jpg;163434.jpg;145706.jpg
182605.jpg;172443.jpg;053757.jpg
147153.jpg;016692.jpg;118343.jpg
065987.jpg;145569.jpg;033740.jpg
026737.jpg;045242.jpg;119446.jpg
112339.jpg;049598.jpg;060277.jpg
053175.jpg;041428.jpg;091699.jpg
126358.jpg;116928.jpg;077917.jpg
002310.jpg;117929.jpg;099837.jpg
056911.jpg;068991.jpg;200252.jpg
164850.jpg;167842.jpg;073623.jpg
125536.jpg;160476.jpg;027599.jpg
084650.jpg;153792.jpg;036736.jpg
158160.jpg;018932.jpg;035467.jpg
196449.jpg;192278.jpg;047826.jpg
135390.jpg;112902.jpg;037458.jpg
096637.jpg;122733.jpg;164078.jpg
126098.jpg;061591.jpg;084126.jpg
018896.jpg;019858.jpg;096719.jpg
168337.jpg;174289.jpg;010087.jpg
172029.jpg;169935.jpg;131250.jpg
021456.jpg;133655.jpg;073308.jpg
185553.jpg;184235.jpg;103345.jpg
135428.jpg;080730.jpg;176134.jpg
051271.jpg;074831.jpg;004347.jpg
145370.jpg;076320.jpg;142287.jpg
113354.jpg;021669.jpg;054022.jpg
092648.jpg;012676.jpg;104399.jpg
079291.jpg;028689.jpg;202503.jpg
199187.jpg;202397.jpg;169999.jpg
191610.jpg;188004.jpg;076664.jpg
107723.jpg;118177.jpg;146400.jpg
109001.jpg;061870.jpg;022073.jpg
142508.jpg;001965.jpg;134719.jpg
097876.jpg;067475.jpg;082699.jpg
092053.jpg;066446.jpg;186969.jpg
133592.jpg;114640.jpg;124656.jpg
136015.jpg;069158.jpg;176284.jpg
100178.jpg;089997.jpg;089772.jpg
019080.jpg;143277.jpg;010376.jpg
043778.jpg;002440.jpg;193162.jpg
013590.jpg;066557.jpg;027622.jpg
156509.jpg;127020.jpg;177263.jpg
184483.jpg;201078.jpg;176383.jpg
030679.jpg;053868.jpg;114019.jpg
007431.jpg;017535.jpg;195401.jpg
131917.jpg;026761.jpg;113187.jpg
175493.jpg;163689.jpg;163015.jpg
117334.jpg;138937.jpg;091717.jpg
178315.jpg;177167.jpg;187266.jpg
063559.jpg;034500.jpg;073398.jpg
135675.jpg;073027.jpg;078970.jpg
034733.jpg;049915.jpg;064960.jpg
054145.jpg;125715.jpg;011341.jpg
057915.jpg;073844.jpg;071708.jpg
118190.jpg;134720.jpg;055183.jpg
041160.jpg;044543.jpg;046149.jpg
100865.jpg;132777.jpg;175250.jpg
060706.jpg;147440.jpg;134339.jpg
116938.jpg;029136.jpg;135757.jpg
042676.jpg;142289.jpg;025113.jpg
007264.jpg;014886.jpg;112324.jpg
146780.jpg;115278.jpg;121168.jpg
137619.jpg;079352.jpg;049504.jpg
047590.jpg;032267.jpg;035500.jpg
168948.jpg;164129.jpg;061607.jpg
105525.jpg;014187.jpg;124607.jpg
164885.jpg;167141.jpg;080741.jpg
112763.jpg;073521.jpg;055720.jpg
152833.jpg;066970.jpg;187383.jpg
132076.jpg;160680.jpg;137363.jpg
066355.jpg;093604.jpg;093601.jpg
050552.jpg;004205.jpg;180383.jpg
103833.jpg;104780.jpg;041070.jpg
199798.jpg;190849.jpg;022520.jpg
051784.jpg;040676.jpg;193106.jpg
059446.jpg;093038.jpg;104422.jpg
108085.jpg;038246.jpg;001639.jpg
097298.jpg;074543.jpg;186228.jpg
126035.jpg;039355.jpg;056813.jpg
017228.jpg;043321.jpg;079175.jpg
100751.jpg;128293.jpg;091561.jpg
169265.jpg;168299.jpg;126552.jpg
194645.jpg;187672.jpg;138097.jpg
044648.jpg;071186.jpg;075186.jpg
198521.jpg;200140.jpg;094982.jpg
093909.jpg;083539.jpg;074060.jpg
202306.jpg;189630.jpg;048323.jpg
181883.jpg;162934.jpg;118070.jpg
035349.jpg;084887.jpg;049501.jpg
082719.jpg;109867.jpg;121760.jpg
012866.jpg;055513.jpg;034828.jpg
058447.jpg;155964.jpg;028217.jpg
097035.jpg;075041.jpg;174191.jpg
186625.jpg;186442.jpg;138422.jpg
011945.jpg;099289.jpg;188550.jpg
178081.jpg;174293.jpg;139871.jpg
131765.jpg;016950.jpg;045343.jpg
191385.jpg;199348.jpg;139182.jpg
158083.jpg;003048.jpg;146879.jpg
150550.jpg;051807.jpg;190902.jpg
045358.jpg;011985.jpg;115603.jpg
075573.jpg;119313.jpg;100586.jpg
156267.jpg;089255.jpg;144642.jpg
161939.jpg;010703.jpg;084768.jpg
200859.jpg;190789.jpg;134307.jpg
030961.jpg;104934.jpg;163990.jpg
065297.jpg;113241.jpg;127059.jpg
059110.jpg;139985.jpg;154818.jpg
042087.jpg;152532.jpg;022564.jpg
038017.jpg;055810.jpg;044401.jpg
019223.jpg;144148.jpg;045065.jpg
178527.jpg;172944.jpg;178606.jpg
040812.jpg;129071.jpg;131576.jpg
038150.jpg;088225.jpg;161775.jpg
192594.jpg;191628.jpg;029852.jpg
150009.jpg;109870.jpg;122687.jpg
202500.jpg;189063.jpg;036152.jpg
065461.jpg;016409.jpg;031532.jpg
000558.jpg;041732.jpg;064461.jpg
166717.jpg;172162.jpg;110614.jpg
015053.jpg;008552.jpg;056431.jpg
128656.jpg;026723.jpg;183136.jpg
193275.jpg;195637.jpg;176231.jpg
115334.jpg;055086.jpg;153036.jpg
156203.jpg;022077.jpg;025082.jpg
140301.jpg;122111.jpg;093222.jpg
193011.jpg;198588.jpg;120285.jpg
013112.jpg;082866.jpg;195699.jpg
144211.jpg;088132.jpg;199845.jpg
192636.jpg;184022.jpg;107559.jpg
195244.jpg;194969.jpg;159357.jpg
084185.jpg;082806.jpg;082391.jpg
106635.jpg;062640.jpg;052187.jpg
020359.jpg;052845.jpg;036898.jpg
173818.jpg;182013.jpg;109140.jpg
032039.jpg;114860.jpg;000074.jpg
163720.jpg;163054.jpg;024622.jpg
164789.jpg;182524.jpg;118717.jpg
085247.jpg;068435.jpg;176708.jpg
012875.jpg;107915.jpg;038322.jpg
056259.jpg;099342.jpg;176172.jpg
143287.jpg;003895.jpg;139384.jpg
023514.jpg;008707.jpg;079740.jpg
081400.jpg;088945.jpg;105752.jpg
135591.jpg;107830.jpg;198124.jpg
019730.jpg;116363.jpg;111342.jpg
167749.jpg;177564.jpg;199825.jpg
039342.jpg;011642.jpg;113219.jpg
123556.jpg;049752.jpg;094064.jpg
170547.jpg;175896.jpg;092413.jpg
152586.jpg;129858.jpg;022260.jpg
128581.jpg;128975.jpg;050488.jpg
080102.jpg;021699.jpg;109924.jpg
187408.jpg;186270.jpg;022145.jpg
181792.jpg;173382.jpg;090913.jpg
123801.jpg;102142.jpg;165714.jpg
090955.jpg;045411.jpg;009756.jpg
030855.jpg;162754.jpg;172986.jpg
043154.jpg;017712.jpg;141229.jpg
014399.jpg;120897.jpg;124101.jpg
107905.jpg;070292.jpg;100225.jpg
063585.jpg;015388.jpg;000996.jpg
027402.jpg;051210.jpg;018616.jpg
181259.jpg;165236.jpg;199328.jpg
092366.jpg;112849.jpg;115728.jpg
111621.jpg;134213.jpg;005743.jpg
053118.jpg;146127.jpg;146881.jpg
059570.jpg;030915.jpg;163175.jpg
162706.jpg;026159.jpg;171448.jpg
071153.jpg;095619.jpg;101858.jpg
031690.jpg;118412.jpg;046100.jpg
179585.jpg;180703.jpg;150237.jpg
088170.jpg;098538.jpg;114667.jpg
185116.jpg;188053.jpg;080650.jpg
046292.jpg;038949.jpg;144921.jpg
077021.jpg;129347.jpg;000190.jpg
151687.jpg;042850.jpg;121012.jpg
171395.jpg;168819.jpg;037683.jpg
059480.jpg;007025.jpg;017300.jpg
180378.jpg;177692.jpg;127679.jpg
058349.jpg;147247.jpg;183300.jpg
143213.jpg;123692.jpg;127007.jpg
179580.jpg;177084.jpg;173138.jpg
020045.jpg;005796.jpg;024540.jpg
060462.jpg;105869.jpg;143630.jpg
082884.jpg;048605.jpg;194780.jpg
109695.jpg;112375.jpg;013752.jpg
177307.jpg;172526.jpg;092180.jpg
042327.jpg;006926.jpg;178598.jpg
099553.jpg;006257.jpg;153384.jpg
141102.jpg;119649.jpg;080025.jpg
025631.jpg;064470.jpg;047556.jpg
158731.jpg;094894.jpg;107882.jpg
130771.jpg;111070.jpg;115003.jpg
062914.jpg;033010.jpg;060038.jpg
103426.jpg;061706.jpg;141522.jpg
027494.jpg;129077.jpg;040052.jpg
201560.jpg;194351.jpg;001211.jpg
052704.jpg;123313.jpg;074526.jpg
042705.jpg;025926.jpg;156155.jpg
171085.jpg;176129.jpg;202445.jpg
118258.jpg;005968.jpg;008174.jpg
009374.jpg;078099.jpg;016240.jpg
016104.jpg;034472.jpg;079527.jpg
023013.jpg;161507.jpg;143965.jpg
190569.jpg;193667.jpg;051403.jpg
037014.jpg;139317.jpg;158312.jpg
177042.jpg;169349.jpg;019236.jpg
017812.jpg;097222.jpg;062935.jpg
117735.jpg;132843.jpg;079263.jpg
182991.jpg;198609.jpg;040062.jpg
002098.jpg;017122.jpg;050783.jpg
183367.jpg;189222.jpg;037004.jpg
101458.jpg;119251.jpg;144324.jpg
103343.jpg;062882.jpg;016737.jpg
085897.jpg;079731.jpg;070422.jpg
059472.jpg;149249.jpg;197274.jpg
193166.jpg;196886.jpg;143371.jpg
137637.jpg;157389.jpg;003203.jpg
178259.jpg;173608.jpg;141344.jpg
167268.jpg;165837.jpg;176872.jpg
189694.jpg;188860.jpg;081070.jpg
191895.jpg;193000.jpg;153454.jpg
164661.jpg;168563.jpg;123545.jpg
024265.jpg;072117.jpg;086565.jpg
155097.jpg;020028.jpg;006797.jpg
131081.jpg;113068.jpg;122130.jpg
113795.jpg;055727.jpg;141478.jpg
148032.jpg;116055.jpg;110081.jpg
076195.jpg;070284.jpg;122109.jpg
025012.jpg;152053.jpg;036783.jpg
013016.jpg;048854.jpg;177508.jpg
059910.jpg;046884.jpg;044850.jpg
164451.jpg;168698.jpg;142911.jpg
174434.jpg;170903.jpg;006987.jpg
011964.jpg;003652.jpg;166252.jpg
125428.jpg;151893.jpg;033782.jpg
020617.jpg;089887.jpg;015262.jpg
063398.jpg;057935.jpg;029789.jpg
115743.jpg;159810.jpg;131025.jpg
021932.jpg;053944.jpg;060116.jpg
135517.jpg;001879.jpg;051250.jpg
118945.jpg;035241.jpg;178507.jpg
122300.jpg;033880.jpg;068305.jpg
050451.jpg;152801.jpg;176199.jpg
061250.jpg;050569.jpg;067602.jpg
078428.jpg;114260.jpg;058941.jpg
154838.jpg;124417.jpg;054808.jpg
131067.jpg;151094.jpg;112992.jpg
141721.jpg;094502.jpg;086520.jpg
010336.jpg;158488.jpg;107848.jpg
190944.jpg;186047.jpg;119605.jpg
030650.jpg;114979.jpg;026249.jpg
098354.jpg;127565.jpg;002468.jpg
042116.jpg;114251.jpg;061690.jpg
059432.jpg;159251.jpg;066496.jpg
078525.jpg;031592.jpg;122761.jpg
134596.jpg;113860.jpg;189390.jpg
091590.jpg;137724.jpg;141060.jpg
097173.jpg;121283.jpg;084365.jpg
190131.jpg;190870.jpg;006450.jpg
047732.jpg;159981.jpg;152349.jpg
130637.jpg;050806.jpg;044803.jpg
117595.jpg;037254.jpg;023094.jpg
001488.jpg;136707.jpg;034694.jpg
022235.jpg;059450.jpg;048579.jpg
125254.jpg;024710.jpg;131682.jpg
161598.jpg;058281.jpg;137665.jpg
028903.jpg;135346.jpg;021301.jpg
113489.jpg;120947.jpg;117713.jpg
141477.jpg;065155.jpg;097510.jpg
112075.jpg;017380.jpg;082299.jpg
114433.jpg;043125.jpg;010643.jpg
011862.jpg;009010.jpg;115805.jpg
130159.jpg;140964.jpg;040873.jpg
188465.jpg;199135.jpg;146026.jpg
171865.jpg;164962.jpg;098085.jpg
179475.jpg;173353.jpg;198844.jpg
153949.jpg;055653.jpg;105628.jpg
196326.jpg;193164.jpg;003403.jpg
061593.jpg;115138.jpg;153293.jpg
070531.jpg;002886.jpg;181753.jpg
030659.jpg;136542.jpg;053439.jpg
197036.jpg;184691.jpg;010659.jpg
006780.jpg;056536.jpg;114775.jpg
049347.jpg;004935.jpg;032866.jpg
156845.jpg;139109.jpg;031443.jpg
050192.jpg;084079.jpg;039458.jpg
023336.jpg;108714.jpg;062121.jpg
056056.jpg;160167.jpg;064107.jpg
139449.jpg;140618.jpg;013594.jpg
057091.jpg;002564.jpg;132890.jpg
145250.jpg;049822.jpg;200981.jpg
032780.jpg;161233.jpg;079521.jpg
040512.jpg;058346.jpg;003901.jpg
106612.jpg;010876.jpg;108530.jpg
130326.jpg;067347.jpg;061865.jpg
185449.jpg;189645.jpg;066316.jpg
075629.jpg;058936.jpg;137715.jpg
192963.jpg;185762.jpg;177747.jpg
194970.jpg;202100.jpg;150273.jpg
153438.jpg;012809.jpg;057306.jpg
032949.jpg;113868.jpg;163566.jpg
166571.jpg;172646.jpg;049682.jpg
065879.jpg;029534.jpg;000582.jpg
039494.jpg;049617.jpg;101074.jpg
181207.jpg;167289.jpg;121732.jpg
066610.jpg;052091.jpg;083206.jpg
104672.jpg;108817.jpg;024688.jpg
139529.jpg;007019.jpg;175663.jpg
119867.jpg;109934.jpg;116297.jpg
165590.jpg;173558.jpg;125314.jpg
177107.jpg;178908.jpg;182960.jpg
144256.jpg;062764.jpg;048437.jpg
136648.jpg;068965.jpg;033938.jpg
097280.jpg;054496.jpg;128135.jpg
024357.jpg;022665.jpg;114599.jpg
173862.jpg;181790.jpg;086153.jpg
055206.jpg;109896.jpg;116678.jpg
006846.jpg;157346.jpg;026517.jpg
148384.jpg;135711.jpg;036181.jpg
194465.jpg;190691.jpg;075775.jpg
147469.jpg;112948.jpg;099108.jpg
154015.jpg;015797.jpg;143747.jpg
068429.jpg;092012.jpg;036280.jpg
064148.jpg;018305.jpg;174569.jpg
192152.jpg;194803.jpg;110874.jpg
099664.jpg;013233.jpg;057112.jpg
115691.jpg;064944.jpg;166814.jpg
073343.jpg;079340.jpg;152174.jpg
197737.jpg;191962.jpg;199767.jpg
175248.jpg;167754.jpg;017280.jpg
024952.jpg;116592.jpg;163820.jpg
090553.jpg;092061.jpg;181221.jpg
200658.jpg;198009.jpg;096819.jpg
161689.jpg;021711.jpg;163499.jpg
075892.jpg;140367.jpg;161518.jpg
150790.jpg;122351.jpg;017040.jpg
163679.jpg;180865.jpg;105201.jpg
003985.jpg;153574.jpg;058473.jpg
193877.jpg;187797.jpg;144866.jpg
197910.jpg;194233.jpg;100583.jpg
172544.jpg;170752.jpg;035086.jpg
117106.jpg;085683.jpg;046117.jpg
173736.jpg;168194.jpg;110576.jpg
154453.jpg;035147.jpg;089858.jpg
000059.jpg;105428.jpg;022519.jpg
163632.jpg;169642.jpg;098453.jpg
159871.jpg;072671.jpg;185124.jpg
099145.jpg;057238.jpg;090258.jpg
067739.jpg;113130.jpg;036971.jpg
185127.jpg;190216.jpg;021857.jpg
089625.jpg;091685.jpg;094896.jpg
171381.jpg;169143.jpg;090115.jpg
089879.jpg;075449.jpg;130944.jpg
177677.jpg;175587.jpg;048208.jpg
037651.jpg;039839.jpg;138252.jpg
141375.jpg;077249.jpg;008094.jpg
106028.jpg;153368.jpg;004817.jpg
047885.jpg;152025.jpg;202220.jpg
065470.jpg;054643.jpg;056058.jpg
057080.jpg;001375.jpg;121248.jpg
144877.jpg;098519.jpg;147696.jpg
165152.jpg;175707.jpg;057720.jpg
020794.jpg;023245.jpg;197168.jpg
113515.jpg;056998.jpg;134142.jpg
044389.jpg;027533.jpg;182997.jpg
091863.jpg;123524.jpg;052808.jpg
170755.jpg;175656.jpg;105227.jpg
140111.jpg;143403.jpg;170965.jpg
104076.jpg;018193.jpg;083914.jpg
101794.jpg;048340.jpg;065120.jpg
042456.jpg;114958.jpg;007764.jpg
090610.jpg;159182.jpg;111289.jpg
098784.jpg;062446.jpg;000200.jpg
201919.jpg;192081.jpg;015464.jpg
050677.jpg;104902.jpg;077857.jpg
020124.jpg;150564.jpg;202586.jpg
184470.jpg;198076.jpg;042312.jpg
071419.jpg;117195.jpg;142283.jpg
102416.jpg;078136.jpg;075423.jpg
134748.jpg;105456.jpg;078463.jpg
027028.jpg;076845.jpg;046434.jpg
112302.jpg;133206.jpg;034786.jpg
013912.jpg;151584.jpg;094927.jpg
115994.jpg;115976.jpg;085156.jpg
092035.jpg;030727.jpg;134366.jpg
192695.jpg;190643.jpg;082126.jpg
105472.jpg;113840.jpg;079498.jpg
051091.jpg;003842.jpg;022407.jpg
198611.jpg;188899.jpg;045811.jpg
074700.jpg;160935.jpg;166491.jpg
087284.jpg;098762.jpg;129193.jpg
019818.jpg;076158.jpg;071269.jpg
040580.jpg;053103.jpg;160321.jpg
097555.jpg;133198.jpg;132442.jpg
133317.jpg;121834.jpg;066341.jpg
021881.jpg;115068.jpg;047484.jpg
045900.jpg;010610.jpg;141946.jpg
087298.jpg;070212.jpg;088111.jpg
155236.jpg;027947.jpg;027821.jpg
198226.jpg;198255.jpg;054584.jpg
098994.jpg;021256.jpg;185431.jpg
001446.jpg;003390.jpg;052580.jpg
173084.jpg;169223.jpg;026304.jpg
045643.jpg;005041.jpg;162098.jpg
148592.jpg;151381.jpg;023926.jpg
055533.jpg;109841.jpg;021984.jpg
150682.jpg;019984.jpg;170938.jpg
117966.jpg;020465.jpg;093714.jpg
031718.jpg;132634.jpg;171253.jpg
067064.jpg;054746.jpg;140414.jpg
128712.jpg;055198.jpg;165041.jpg
158829.jpg;153594.jpg;077233.jpg
127982.jpg;004364.jpg;059130.jpg
084868.jpg;149255.jpg;200178.jpg
131456.jpg;076340.jpg;041122.jpg
156766.jpg;039018.jpg;009419.jpg
094355.jpg;060698.jpg;082093.jpg
085968.jpg;104974.jpg;018939.jpg
042123.jpg;049230.jpg;121503.jpg
145822.jpg;045395.jpg;111087.jpg
128563.jpg;144741.jpg;032025.jpg
166901.jpg;167788.jpg;189413.jpg
045615.jpg;043497.jpg;183289.jpg
130848.jpg;050927.jpg;160829.jpg
075320.jpg;147413.jpg;059312.jpg
063774.jpg;136585.jpg;132183.jpg
135654.jpg;102226.jpg;042800.jpg
027113.jpg;092551.jpg;040543.jpg
140404.jpg;103264.jpg;012263.jpg
193764.jpg;185106.jpg;162029.jpg
117056.jpg;043901.jpg;189971.jpg
015884.jpg;086674.jpg;035046.jpg
038530.jpg;153143.jpg;112720.jpg
026588.jpg;108053.jpg;027188.jpg
091088.jpg;011069.jpg;173735.jpg
054491.jpg;078104.jpg;175656.jpg
062778.jpg;087874.jpg;018292.jpg
091190.jpg;054123.jpg;006024.jpg
043495.jpg;011500.jpg;157962.jpg
050278.jpg;117952.jpg;170794.jpg
188217.jpg;192350.jpg;028321.jpg
063592.jpg;065922.jpg;181034.jpg
164948.jpg;167348.jpg;007304.jpg
091505.jpg;045539.jpg;069416.jpg
101315.jpg;103768.jpg;152417.jpg
045128.jpg;129974.jpg;001464.jpg
132891.jpg;118104.jpg;091757.jpg
149560.jpg;103678.jpg;009888.jpg
136666.jpg;004640.jpg;095252.jpg
019510.jpg;155535.jpg;163225.jpg
069302.jpg;088484.jpg;104865.jpg
201688.jpg;198992.jpg;135957.jpg
065482.jpg;034467.jpg;034983.jpg
075012.jpg;153488.jpg;023332.jpg
017685.jpg;032914.jpg;191216.jpg
113011.jpg;052760.jpg;145287.jpg
044860.jpg;005189.jpg;065069.jpg
072490.jpg;094928.jpg;173447.jpg
010794.jpg;035961.jpg;156436.jpg
094368.jpg;073610.jpg;122658.jpg
122528.jpg;103498.jpg;185029.jpg
056484.jpg;078606.jpg;016302.jpg
098336.jpg;010517.jpg;042257.jpg
149559.jpg;098226.jpg;191101.jpg
042329.jpg;018238.jpg;133524.jpg
109739.jpg;012261.jpg;188481.jpg
132224.jpg;143430.jpg;041184.jpg
104438.jpg;077241.jpg;083023.jpg
076938.jpg;135400.jpg;054888.jpg
080529.jpg;050615.jpg;133469.jpg
127354.jpg;001067.jpg;079926.jpg
149873.jpg;078634.jpg;055013.jpg
103090.jpg;000129.jpg;182099.jpg
141443.jpg;089540.jpg;157611.jpg
124017.jpg;160873.jpg;053087.jpg
002445.jpg;053025.jpg;108324.jpg
168710.jpg;181021.jpg;130814.jpg
140661.jpg;008308.jpg;107404.jpg
104681.jpg;160043.jpg;164104.jpg
128910.jpg;037213.jpg;047370.jpg
073559.jpg;084484.jpg;080971.jpg
093675.jpg;140172.jpg;136214.jpg
044477.jpg;024121.jpg;143531.jpg
153867.jpg;027724.jpg;039065.jpg
051468.jpg;108168.jpg;042740.jpg
053388.jpg;091644.jpg;151154.jpg
179520.jpg;170944.jpg;057172.jpg
088821.jpg;006821.jpg;201427.jpg
196699.jpg;191162.jpg;202092.jpg
019176.jpg;045176.jpg;101306.jpg
011320.jpg;072713.jpg;111365.jpg
145742.jpg;069759.jpg;165573.jpg
014282.jpg;096161.jpg;009473.jpg
013758.jpg;103207.jpg;083135.jpg
052616.jpg;100037.jpg;015839.jpg
001552.jpg;129737.jpg;127980.jpg
143192.jpg;109667.jpg;017246.jpg
004527.jpg;058772.jpg;056981.jpg
013470.jpg;100798.jpg;165565.jpg
191694.jpg;196282.jpg;119449.jpg
012737.jpg;102994.jpg;195688.jpg
021481.jpg;039119.jpg;197150.jpg
118016.jpg;066721.jpg;060565.jpg
025673.jpg;008834.jpg;108747.jpg
071140.jpg;138561.jpg;045688.jpg
174755.jpg;178728.jpg;196743.jpg
133593.jpg;109785.jpg;186921.jpg
056689.jpg;127304.jpg;157091.jpg
121484.jpg;093539.jpg;148951.jpg
005437.jpg;128094.jpg;061444.jpg
181707.jpg;176088.jpg;097560.jpg
114126.jpg;078103.jpg;165919.jpg
139715.jpg;162458.jpg;003222.jpg
136608.jpg;140945.jpg;179116.jpg
162222.jpg;134475.jpg;193129.jpg
121022.jpg;044841.jpg;070510.jpg
040880.jpg;080994.jpg;057564.jpg
148765.jpg;014157.jpg;013053.jpg
059561.jpg;042489.jpg;141018.jpg
188961.jpg;184912.jpg;093751.jpg
068496.jpg;096870.jpg;145033.jpg
042233.jpg;046848.jpg;052088.jpg
004661.jpg;091816.jpg;095762.jpg
141335.jpg;049824.jpg;162914.jpg
050702.jpg;031565.jpg;132074.jpg
181352.jpg;168841.jpg;031428.jpg
181271.jpg;177076.jpg;085993.jpg
149435.jpg;130328.jpg;111693.jpg
114703.jpg;093464.jpg;023141.jpg
117588.jpg;003345.jpg;051607.jpg
068537.jpg;034182.jpg;133048.jpg
134923.jpg;024230.jpg;091624.jpg
028962.jpg;136818.jpg;184338.jpg
167295.jpg;176768.jpg;049211.jpg
085654.jpg;087945.jpg;147506.jpg
010291.jpg;143593.jpg;014645.jpg
001935.jpg;079815.jpg;042111.jpg
126637.jpg;037334.jpg;111788.jpg
038413.jpg;001186.jpg;087515.jpg
033025.jpg;027864.jpg;186999.jpg
185594.jpg;186122.jpg;175432.jpg
000952.jpg;068644.jpg;089366.jpg
072671.jpg;060745.jpg;033878.jpg
114115.jpg;059931.jpg;179208.jpg
140285.jpg;130148.jpg;075775.jpg
149752.jpg;160252.jpg;134364.jpg
147003.jpg;133520.jpg;057913.jpg
159004.jpg;008527.jpg;090784.jpg
079616.jpg;005977.jpg;160458.jpg
116763.jpg;076468.jpg;067195.jpg
122813.jpg;018007.jpg;187742.jpg
198503.jpg;196638.jpg;074909.jpg
180292.jpg;163146.jpg;111556.jpg
146997.jpg;003760.jpg;101510.jpg
176517.jpg;172830.jpg;037010.jpg
107433.jpg;104005.jpg;053308.jpg
164164.jpg;175236.jpg;166157.jpg
051516.jpg;075560.jpg;126181.jpg
125393.jpg;089269.jpg;130926.jpg
066674.jpg;138956.jpg;185824.jpg
077079.jpg;110698.jpg;069981.jpg
135892.jpg;086251.jpg;137577.jpg
153886.jpg;015251.jpg;096960.jpg
158801.jpg;046505.jpg;017128.jpg
147923.jpg;114301.jpg;014911.jpg
147004.jpg;097137.jpg;019249.jpg
139850.jpg;132881.jpg;035685.jpg
137884.jpg;045446.jpg;011853.jpg
101044.jpg;018651.jpg;074322.jpg
027866.jpg;068000.jpg;088516.jpg
054313.jpg;126263.jpg;185631.jpg
118177.jpg;144660.jpg;017332.jpg
011355.jpg;089144.jpg;177092.jpg
103214.jpg;077590.jpg;066187.jpg
087997.jpg;150605.jpg;132870.jpg
081566.jpg;112885.jpg;069486.jpg
147291.jpg;024165.jpg;108350.jpg
177130.jpg;177247.jpg;019626.jpg
095328.jpg;112345.jpg;043120.jpg
159594.jpg;145403.jpg;021422.jpg
087353.jpg;073244.jpg;009631.jpg
145107.jpg;078574.jpg;121856.jpg
028993.jpg;049261.jpg;135015.jpg
201729.jpg;201968.jpg;073579.jpg
124150.jpg;013097.jpg;009649.jpg
158593.jpg;105944.jpg;181838.jpg
065386.jpg;127621.jpg;119162.jpg
131710.jpg;106567.jpg;084011.jpg
099608.jpg;029001.jpg;113972.jpg
061635.jpg;032777.jpg;174391.jpg
129320.jpg;103935.jpg;053899.jpg
196547.jpg;187401.jpg;122304.jpg
160977.jpg;095034.jpg;189944.jpg
061655.jpg;005549.jpg;174723.jpg
101701.jpg;060736.jpg;166806.jpg
094604.jpg;149510.jpg;119281.jpg
143916.jpg;134871.jpg;115091.jpg
042028.jpg;043410.jpg;165456.jpg
191494.jpg;196044.jpg;127766.jpg
022703.jpg;052441.jpg;008507.jpg
027646.jpg;134469.jpg;091797.jpg
079335.jpg;085422.jpg;037199.jpg
048835.jpg;108754.jpg;124237.jpg
122114.jpg;121540.jpg;160815.jpg
187859.jpg;192745.jpg;063573.jpg
022535.jpg;019757.jpg;200589.jpg
120021.jpg;042586.jpg;165454.jpg
066667.jpg;121272.jpg;129990.jpg
050363.jpg;151122.jpg;082066.jpg
093529.jpg;161388.jpg;166030.jpg
092196.jpg;001635.jpg;040511.jpg
064495.jpg;089622.jpg;045853.jpg
129297.jpg;035090.jpg;131821.jpg
102297.jpg;019036.jpg;137546.jpg
142330.jpg;132148.jpg;058954.jpg
104238.jpg;113599.jpg;089909.jpg
090146.jpg;154436.jpg;089464.jpg
141383.jpg;125174.jpg;110982.jpg
170498.jpg;166605.jpg;140894.jpg
146904.jpg;000468.jpg;087057.jpg
191028.jpg;182913.jpg;133589.jpg
069757.jpg;129051.jpg;125192.jpg
178973.jpg;178218.jpg;069985.jpg
149908.jpg;056295.jpg;122813.jpg
105420.jpg;132952.jpg;157543.jpg
095880.jpg;156214.jpg;181026.jpg
047193.jpg;020318.jpg;155932.jpg
162289.jpg;128169.jpg;198337.jpg
120558.jpg;044695.jpg;066828.jpg
147637.jpg;016059.jpg;196132.jpg
157408.jpg;037737.jpg;176616.jpg
165140.jpg;182002.jpg;202503.jpg
191940.jpg;186233.jpg;187539.jpg
111125.jpg;020781.jpg;032970.jpg
023492.jpg;008796.jpg;121592.jpg
058649.jpg;082078.jpg;067083.jpg
143521.jpg;120079.jpg;035347.jpg
033870.jpg;139866.jpg;146368.jpg
011957.jpg;092152.jpg;124070.jpg
110348.jpg;159254.jpg;175001.jpg
109051.jpg;022591.jpg;114701.jpg
100398.jpg;040328.jpg;025721.jpg
102751.jpg;122622.jpg;180938.jpg
040953.jpg;001887.jpg;068088.jpg
032665.jpg;069574.jpg;176539.jpg
020006.jpg;143176.jpg;162140.jpg
070210.jpg;108980.jpg;159492.jpg
139027.jpg;124188.jpg;014029.jpg
149271.jpg;133523.jpg;054406.jpg
170584.jpg;166727.jpg;148866.jpg
178732.jpg;170431.jpg;055795.jpg
000881.jpg;136437.jpg;196304.jpg
150850.jpg;030717.jpg;128839.jpg
185020.jpg;185900.jpg;160735.jpg
154285.jpg;151932.jpg;062110.jpg
099012.jpg;012662.jpg;028410.jpg
129667.jpg;096229.jpg;141592.jpg
133102.jpg;088147.jpg;111971.jpg
072290.jpg;018231.jpg;085020.jpg
145598.jpg;093800.jpg;107487.jpg
136039.jpg;002701.jpg;112307.jpg
044204.jpg;082516.jpg;197722.jpg
164330.jpg;178647.jpg;154497.jpg
141623.jpg;066126.jpg;121473.jpg
174689.jpg;171265.jpg;046114.jpg
118622.jpg;044492.jpg;118425.jpg
098264.jpg;054786.jpg;065207.jpg
011002.jpg;017107.jpg;109254.jpg
074547.jpg;098758.jpg;064649.jpg
177018.jpg;165490.jpg;151640.jpg
061095.jpg;014804.jpg;159491.jpg
095839.jpg;151831.jpg;167822.jpg
095663.jpg;035826.jpg;067477.jpg
106584.jpg;075571.jpg;093586.jpg
011170.jpg;148171.jpg;024233.jpg
061211.jpg;036733.jpg;094669.jpg
045387.jpg;126563.jpg;098556.jpg
200467.jpg;187106.jpg;044625.jpg
006683.jpg;106537.jpg;150026.jpg
003406.jpg;036905.jpg;087262.jpg
004750.jpg;051974.jpg;099376.jpg
156519.jpg;090745.jpg;095095.jpg
176058.jpg;172353.jpg;065277.jpg
121570.jpg;052150.jpg;128281.jpg
142031.jpg;021870.jpg;071424.jpg
128835.jpg;132655.jpg;058180.jpg
187032.jpg;189778.jpg;151938.jpg
051823.jpg;078819.jpg;025823.jpg
182536.jpg;168146.jpg;051675.jpg
125576.jpg;138602.jpg;001958.jpg
068003.jpg;125537.jpg;104357.jpg
090621.jpg;018482.jpg;122281.jpg
124148.jpg;066089.jpg;147139.jpg
016477.jpg;105589.jpg;161208.jpg
088957.jpg;016098.jpg;120308.jpg
026732.jpg;140671.jpg;157335.jpg
190451.jpg;189053.jpg;137456.jpg
026747.jpg;067858.jpg;064966.jpg
074475.jpg;152280.jpg;099777.jpg
051090.jpg;124648.jpg;045990.jpg
052912.jpg;010965.jpg;075656.jpg
117882.jpg;115198.jpg;050920.jpg
174348.jpg;163638.jpg;064440.jpg
172816.jpg;165823.jpg;131058.jpg
140270.jpg;116803.jpg;131293.jpg
027388.jpg;088489.jpg;073965.jpg
029891.jpg;093795.jpg;195175.jpg
199312.jpg;185630.jpg;056266.jpg
125325.jpg;055015.jpg;043845.jpg
027730.jpg;081920.jpg;064564.jpg
202185.jpg;187128.jpg;120559.jpg
168742.jpg;177842.jpg;126165.jpg
056593.jpg;128037.jpg;119020.jpg
048585.jpg;040795.jpg;174588.jpg
123594.jpg;113086.jpg;020660.jpg
151328.jpg;004993.jpg;087574.jpg
115365.jpg;024016.jpg;074367.jpg
090737.jpg;129122.jpg;029560.jpg
067551.jpg;098690.jpg;089598.jpg
094053.jpg;102755.jpg;125542.jpg
050750.jpg;051763.jpg;041841.jpg
152423.jpg;082559.jpg;112784.jpg
042772.jpg;063290.jpg;051831.jpg
025767.jpg;097089.jpg;037662.jpg
043604.jpg;043384.jpg;052694.jpg
068950.jpg;097040.jpg;016022.jpg
100353.jpg;068660.jpg;010607.jpg
142352.jpg;067686.jpg;175955.jpg
114343.jpg;008105.jpg;065889.jpg
109841.jpg;132904.jpg;179725.jpg
052568.jpg;025090.jpg;149086.jpg
189963.jpg;200497.jpg;133941.jpg
069899.jpg;161927.jpg;163564.jpg
190802.jpg;199081.jpg;170143.jpg
162043.jpg;161430.jpg;080352.jpg
035620.jpg;031389.jpg;156566.jpg
159512.jpg;079835.jpg;020764.jpg
000884.jpg;068289.jpg;019629.jpg
057512.jpg;088061.jpg;143765.jpg
005527.jpg;141354.jpg;106867.jpg
112570.jpg;147490.jpg;152322.jpg
029279.jpg;072734.jpg;149544.jpg
199533.jpg;190921.jpg;023692.jpg
000301.jpg;004309.jpg;051761.jpg
058141.jpg;093003.jpg;164633.jpg
099582.jpg;088011.jpg;125977.jpg
028400.jpg;063240.jpg;012897.jpg
073844.jpg;076320.jpg;134763.jpg
156470.jpg;023977.jpg;040644.jpg
154628.jpg;161504.jpg;039664.jpg
072933.jpg;006943.jpg;148517.jpg
059617.jpg;062429.jpg;165617.jpg
088753.jpg;118628.jpg;001021.jpg
003967.jpg;012597.jpg;057012.jpg
120667.jpg;074515.jpg;155612.jpg
016902.jpg;008493.jpg;200521.jpg
173441.jpg;175682.jpg;021868.jpg
104949.jpg;107168.jpg;009388.jpg
005830.jpg;081168.jpg;083110.jpg
155586.jpg;108557.jpg;057876.jpg
178234.jpg;180470.jpg;055125.jpg
081484.jpg;028722.jpg;069753.jpg
002082.jpg;095280.jpg;161311.jpg
102498.jpg;042029.jpg;184164.jpg
112284.jpg;069680.jpg;188500.jpg
133411.jpg;097554.jpg;048441.jpg
137600.jpg;058275.jpg;123628.jpg
117159.jpg;067092.jpg;052685.jpg
182424.jpg;166284.jpg;135969.jpg
060078.jpg;093311.jpg;052952.jpg
128041.jpg;050672.jpg;007884.jpg
199153.jpg;197000.jpg;058371.jpg
110896.jpg;020150.jpg;131560.jpg
073723.jpg;010222.jpg;025969.jpg
143437.jpg;083974.jpg;076116.jpg
130870.jpg;137277.jpg;014711.jpg
004785.jpg;017599.jpg;195155.jpg
143287.jpg;003895.jpg;050257.jpg
027907.jpg;115740.jpg;035481.jpg
115883.jpg;048520.jpg;028489.jpg
051399.jpg;061586.jpg;079712.jpg
002473.jpg;031517.jpg;048616.jpg
024745.jpg;161613.jpg;050959.jpg
091804.jpg;095954.jpg;188529.jpg
115806.jpg;152680.jpg;142738.jpg
152974.jpg;112688.jpg;061401.jpg
091226.jpg;038129.jpg;072297.jpg
160426.jpg;145961.jpg;173185.jpg
052306.jpg;150945.jpg;131137.jpg
046721.jpg;065987.jpg;060475.jpg
194529.jpg;198281.jpg;133566.jpg
153757.jpg;040930.jpg;102355.jpg
183718.jpg;202481.jpg;012441.jpg
109273.jpg;113256.jpg;138795.jpg
082718.jpg;023280.jpg;025173.jpg
106502.jpg;132307.jpg;074854.jpg
081922.jpg;020434.jpg;001668.jpg
139634.jpg;071510.jpg;075301.jpg
143551.jpg;011546.jpg;099093.jpg
177660.jpg;168884.jpg;145196.jpg
156482.jpg;077976.jpg;016854.jpg
027786.jpg;050685.jpg;118381.jpg
044931.jpg;158335.jpg;099196.jpg
182791.jpg;201110.jpg;002758.jpg
001915.jpg;080065.jpg;181940.jpg
016475.jpg;103808.jpg;009053.jpg
176487.jpg;168412.jpg;087955.jpg
177234.jpg;173813.jpg;015049.jpg
101150.jpg;032382.jpg;088444.jpg
097408.jpg;115600.jpg;168701.jpg
074135.jpg;071177.jpg;151501.jpg
098669.jpg;028887.jpg;042818.jpg
128870.jpg;033117.jpg;037716.jpg
182621.jpg;166035.jpg;002738.jpg
050833.jpg;091044.jpg;122009.jpg
136648.jpg;084771.jpg;108170.jpg
117535.jpg;151908.jpg;027180.jpg
093968.jpg;016913.jpg;094462.jpg
043241.jpg;156139.jpg;191691.jpg
081011.jpg;038825.jpg;202579.jpg
023602.jpg;048482.jpg;103737.jpg
010116.jpg;161567.jpg;137481.jpg
190022.jpg;185742.jpg;100192.jpg
179790.jpg;168727.jpg;016795.jpg
033140.jpg;086919.jpg;007050.jpg
183147.jpg;183441.jpg;197608.jpg
195804.jpg;196483.jpg;179151.jpg
000605.jpg;139912.jpg;114078.jpg
137244.jpg;061194.jpg;077280.jpg
148378.jpg;108665.jpg;008520.jpg
039594.jpg;127047.jpg;062253.jpg
182156.jpg;179369.jpg;076383.jpg
093829.jpg;101713.jpg;051616.jpg
013522.jpg;105901.jpg;011137.jpg
107176.jpg;152023.jpg;063036.jpg
097185.jpg;076716.jpg;102152.jpg
086395.jpg;108628.jpg;018148.jpg
153789.jpg;001439.jpg;065305.jpg
112972.jpg;030349.jpg;192951.jpg
083725.jpg;100239.jpg;131698.jpg
141086.jpg;152731.jpg;189943.jpg
092156.jpg;110593.jpg;168161.jpg
126663.jpg;033752.jpg;004013.jpg
188735.jpg;184431.jpg;133775.jpg
082835.jpg;145024.jpg;186921.jpg
135140.jpg;142018.jpg;089592.jpg
157731.jpg;026442.jpg;044069.jpg
192708.jpg;188933.jpg;196482.jpg
050066.jpg;061469.jpg;167133.jpg
063266.jpg;139302.jpg;170504.jpg
083130.jpg;003144.jpg;150106.jpg
051192.jpg;005069.jpg;042886.jpg
045419.jpg;130899.jpg;073223.jpg
187461.jpg;194438.jpg;181913.jpg
106802.jpg;148464.jpg;183049.jpg
174218.jpg;167928.jpg;021528.jpg
006501.jpg;111296.jpg;179147.jpg
057086.jpg;004723.jpg;010337.jpg
047567.jpg;129372.jpg;128828.jpg
022788.jpg;119205.jpg;124758.jpg
088204.jpg;055127.jpg;011465.jpg
002524.jpg;043681.jpg;021940.jpg
049879.jpg;018269.jpg;064881.jpg
114715.jpg;020193.jpg;110571.jpg
050588.jpg;109093.jpg;171837.jpg
021683.jpg;130691.jpg;002775.jpg
114695.jpg;128439.jpg;039950.jpg
046664.jpg;140651.jpg;139671.jpg
201818.jpg;194908.jpg;139366.jpg
009307.jpg;099463.jpg;086527.jpg
029356.jpg;018186.jpg;052586.jpg
125095.jpg;048677.jpg;153967.jpg
197633.jpg;185310.jpg;160288.jpg
121635.jpg;161931.jpg;111291.jpg
108975.jpg;068236.jpg;163465.jpg
078741.jpg;144107.jpg;064274.jpg
089095.jpg;034262.jpg;089073.jpg
013298.jpg;077685.jpg;029952.jpg
106440.jpg;051320.jpg;165251.jpg
050223.jpg;075947.jpg;066572.jpg
110601.jpg;157996.jpg;183866.jpg
073230.jpg;151913.jpg;159179.jpg
089112.jpg;114845.jpg;054672.jpg
042092.jpg;032296.jpg;032907.jpg
136382.jpg;041020.jpg;032920.jpg
167840.jpg;163124.jpg;188674.jpg
047060.jpg;120556.jpg;113254.jpg
198905.jpg;197308.jpg;192191.jpg
084545.jpg;128756.jpg;144459.jpg
116883.jpg;080729.jpg;128005.jpg
120592.jpg;080788.jpg;150721.jpg
063030.jpg;149772.jpg;033000.jpg
078896.jpg;073773.jpg;020563.jpg
100430.jpg;123911.jpg;160443.jpg
136285.jpg;029675.jpg;107517.jpg
043820.jpg;072474.jpg;021939.jpg
069465.jpg;070215.jpg;054157.jpg
135576.jpg;125424.jpg;178136.jpg
039121.jpg;034864.jpg;176512.jpg
147221.jpg;145593.jpg;085841.jpg
128709.jpg;031303.jpg;085989.jpg
188984.jpg;186895.jpg;130302.jpg
191550.jpg;195914.jpg;199616.jpg
108929.jpg;153758.jpg;035082.jpg
169460.jpg;180117.jpg;009649.jpg
110289.jpg;147507.jpg;043021.jpg
191568.jpg;200047.jpg;047565.jpg
190240.jpg;202231.jpg;185890.jpg
002764.jpg;034342.jpg;088259.jpg
007546.jpg;103371.jpg;049508.jpg
109918.jpg;004608.jpg;067162.jpg
151466.jpg;097268.jpg;134083.jpg
158169.jpg;094464.jpg;051056.jpg
000487.jpg;105830.jpg;090825.jpg
111569.jpg;010543.jpg;089994.jpg
159022.jpg;121549.jpg;195625.jpg
062802.jpg;062351.jpg;051151.jpg
024006.jpg;029868.jpg;061925.jpg
049229.jpg;019589.jpg;109600.jpg
022571.jpg;084074.jpg;147653.jpg
082162.jpg;052199.jpg;199691.jpg
157756.jpg;019718.jpg;092580.jpg
086063.jpg;141225.jpg;058188.jpg
010222.jpg;041082.jpg;097566.jpg
194167.jpg;197689.jpg;051288.jpg
158837.jpg;095624.jpg;078891.jpg
201425.jpg;199433.jpg;107119.jpg
170090.jpg;166586.jpg;101745.jpg
024967.jpg;025787.jpg;042456.jpg
010666.jpg;087588.jpg;048956.jpg
095102.jpg;061348.jpg;059944.jpg
089881.jpg;124393.jpg;144530.jpg
063033.jpg;056601.jpg;200049.jpg
017267.jpg;057462.jpg;035878.jpg
005536.jpg;147609.jpg;024383.jpg
088107.jpg;132071.jpg;141328.jpg
038400.jpg;012300.jpg;008823.jpg
110576.jpg;094475.jpg;014829.jpg
055808.jpg;012867.jpg;126453.jpg
002962.jpg;090021.jpg;063482.jpg
049435.jpg;131387.jpg;022751.jpg
114703.jpg;108150.jpg;144105.jpg
125657.jpg;117501.jpg;173262.jpg
052733.jpg;142982.jpg;171912.jpg
094496.jpg;029736.jpg;029577.jpg
146565.jpg;076697.jpg;139250.jpg
198989.jpg;184316.jpg;160503.jpg
015200.jpg;036193.jpg;072796.jpg
035560.jpg;092969.jpg;029171.jpg
141573.jpg;079898.jpg;150301.jpg
097467.jpg;143630.jpg;121022.jpg
064356.jpg;059409.jpg;002205.jpg
079970.jpg;078069.jpg;123572.jpg
056216.jpg;063151.jpg;046704.jpg
000687.jpg;158304.jpg;049276.jpg
122234.jpg;092266.jpg;126638.jpg
005371.jpg;143206.jpg;088730.jpg
005146.jpg;060617.jpg;001471.jpg
173054.jpg;168682.jpg;047170.jpg
105000.jpg;058801.jpg;151869.jpg
023091.jpg;109703.jpg;002751.jpg
050210.jpg;047635.jpg;097918.jpg
024443.jpg;012669.jpg;087716.jpg
197040.jpg;200649.jpg;196435.jpg
185362.jpg;191027.jpg;152808.jpg
052375.jpg;081156.jpg;013345.jpg
027562.jpg;092788.jpg;059401.jpg
170728.jpg;169678.jpg;085760.jpg
024425.jpg;100637.jpg;173826.jpg
148936.jpg;067450.jpg;158104.jpg
074833.jpg;142271.jpg;094228.jpg
165555.jpg;181357.jpg;179484.jpg
117577.jpg;138099.jpg;171331.jpg
123696.jpg;118894.jpg;146292.jpg
118263.jpg;119333.jpg;014916.jpg
190962.jpg;195881.jpg;143284.jpg
091653.jpg;010792.jpg;108659.jpg
121924.jpg;090444.jpg;108829.jpg
068009.jpg;012345.jpg;162318.jpg
073099.jpg;159980.jpg;139868.jpg
141342.jpg;110506.jpg;080233.jpg
061546.jpg;096270.jpg;047742.jpg
122754.jpg;130464.jpg;002211.jpg
025093.jpg;074443.jpg;156701.jpg
073541.jpg;000053.jpg;091927.jpg
183286.jpg;183737.jpg;119389.jpg
136686.jpg;142877.jpg;153453.jpg
111724.jpg;132766.jpg;131784.jpg
113595.jpg;153637.jpg;092328.jpg
083294.jpg;020602.jpg;196734.jpg
012375.jpg;152946.jpg;106995.jpg
091510.jpg;153769.jpg;062727.jpg
125402.jpg;113642.jpg;088457.jpg
121713.jpg;098292.jpg;175501.jpg
041713.jpg;037705.jpg;118783.jpg
083053.jpg;116150.jpg;141005.jpg
174717.jpg;163495.jpg;143209.jpg
120535.jpg;114224.jpg;122232.jpg
022626.jpg;141041.jpg;149027.jpg
121376.jpg;101411.jpg;156427.jpg
178575.jpg;175873.jpg;149109.jpg
002042.jpg;092052.jpg;118280.jpg
031616.jpg;077537.jpg;056270.jpg
171216.jpg;177306.jpg;031616.jpg
136284.jpg;053118.jpg;063205.jpg
128040.jpg;151263.jpg;077492.jpg
054148.jpg;085026.jpg;178040.jpg
105507.jpg;096458.jpg;187768.jpg
158209.jpg;120213.jpg;026259.jpg
077738.jpg;025598.jpg;051371.jpg
084437.jpg;028647.jpg;105859.jpg
072447.jpg;150741.jpg;041025.jpg
185461.jpg;198999.jpg;018364.jpg
188790.jpg;193684.jpg;079835.jpg
182667.jpg;183766.jpg;047896.jpg
112344.jpg;064837.jpg;119171.jpg
163574.jpg;165939.jpg;166030.jpg
188226.jpg;189968.jpg;090532.jpg
089437.jpg;161124.jpg;189894.jpg
197492.jpg;197384.jpg;144798.jpg
065250.jpg;004326.jpg;159682.jpg
138527.jpg;107115.jpg;157552.jpg
182478.jpg;181269.jpg;169049.jpg
034439.jpg;158998.jpg;182158.jpg
161882.jpg;125598.jpg;042879.jpg
019498.jpg;099128.jpg;109188.jpg
187017.jpg;193831.jpg;181095.jpg
146868.jpg;008565.jpg;146382.jpg
008759.jpg;019700.jpg;137334.jpg
031466.jpg;127689.jpg;044034.jpg
189521.jpg;193700.jpg;141230.jpg
080186.jpg;045238.jpg;143077.jpg
028104.jpg;102811.jpg;054420.jpg
179151.jpg;166867.jpg;014649.jpg
185167.jpg;190854.jpg;024240.jpg
146758.jpg;072803.jpg;014085.jpg
031007.jpg;038377.jpg;024156.jpg
135595.jpg;109093.jpg;143436.jpg
134038.jpg;031963.jpg;198088.jpg
140483.jpg;092646.jpg;156657.jpg
122207.jpg;029762.jpg;076634.jpg
081189.jpg;077457.jpg;003283.jpg
156079.jpg;113208.jpg;174968.jpg
039448.jpg;090991.jpg;038513.jpg
062459.jpg;042502.jpg;112216.jpg
123938.jpg;014703.jpg;032690.jpg
199898.jpg;200377.jpg;090200.jpg
055251.jpg;016076.jpg;150617.jpg
076193.jpg;046264.jpg;022353.jpg
078363.jpg;069933.jpg;182270.jpg
091255.jpg;093689.jpg;113138.jpg
007947.jpg;161942.jpg;193946.jpg
036430.jpg;009337.jpg;129867.jpg
060058.jpg;139039.jpg;019393.jpg
190992.jpg;187504.jpg;200814.jpg
113180.jpg;136501.jpg;049636.jpg
026548.jpg;012782.jpg;068461.jpg
106276.jpg;102744.jpg;120577.jpg
002437.jpg;036549.jpg;040689.jpg
181504.jpg;170805.jpg;178768.jpg
179862.jpg;180745.jpg;165714.jpg
188107.jpg;196282.jpg;101372.jpg
067212.jpg;067334.jpg;110770.jpg
073332.jpg;147963.jpg;149658.jpg
158819.jpg;075683.jpg;039918.jpg
048478.jpg;055557.jpg;051318.jpg
196339.jpg;201036.jpg;036557.jpg
044712.jpg;077844.jpg;075426.jpg
024114.jpg;036452.jpg;072540.jpg
065833.jpg;022508.jpg;102896.jpg
075567.jpg;039229.jpg;180492.jpg
196411.jpg;196423.jpg;095453.jpg
063694.jpg;087708.jpg;035325.jpg
108965.jpg;030233.jpg;061708.jpg
031590.jpg;127360.jpg;142171.jpg
014284.jpg;040411.jpg;071255.jpg
034742.jpg;059123.jpg;110920.jpg
181866.jpg;168157.jpg;062089.jpg
147159.jpg;054474.jpg;028618.jpg
014877.jpg;092619.jpg;162224.jpg
200902.jpg;183120.jpg;087683.jpg
024345.jpg;030791.jpg;127473.jpg
171205.jpg;172834.jpg;013088.jpg
054469.jpg;029392.jpg;093565.jpg
019558.jpg;152600.jpg;085121.jpg
086776.jpg;144587.jpg;083514.jpg
096673.jpg;041710.jpg;047107.jpg
002446.jpg;093174.jpg;100391.jpg
034428.jpg;138620.jpg;081712.jpg
024148.jpg;062682.jpg;062419.jpg
038406.jpg;075386.jpg;136225.jpg
200981.jpg;187496.jpg;180350.jpg
062758.jpg;025765.jpg;130890.jpg
167144.jpg;167032.jpg;081210.jpg
099504.jpg;081115.jpg;011200.jpg
075457.jpg;121443.jpg;019862.jpg
167314.jpg;172925.jpg;191537.jpg
161922.jpg;079267.jpg;045891.jpg
059205.jpg;079514.jpg;164189.jpg
085052.jpg;103758.jpg;097594.jpg
100675.jpg;158881.jpg;175416.jpg
030739.jpg;048847.jpg;057454.jpg
087652.jpg;006602.jpg;192121.jpg
116817.jpg;070585.jpg;025383.jpg
049791.jpg;065119.jpg;066085.jpg
058144.jpg;157128.jpg;002534.jpg
086151.jpg;027214.jpg;068498.jpg
142443.jpg;050930.jpg;016488.jpg
196501.jpg;197988.jpg;044313.jpg
036371.jpg;010821.jpg;107243.jpg
072009.jpg;096021.jpg;110074.jpg
183067.jpg;194735.jpg;172920.jpg
120897.jpg;001889.jpg;087431.jpg
170818.jpg;182546.jpg;118693.jpg
013995.jpg;067834.jpg;104173.jpg
120083.jpg;036287.jpg;133923.jpg
032155.jpg;070008.jpg;071184.jpg
113168.jpg;041112.jpg;095499.jpg
080429.jpg;155271.jpg;096066.jpg
089102.jpg;153157.jpg;084745.jpg
151515.jpg;028399.jpg;019601.jpg
043958.jpg;024367.jpg;174905.jpg
007680.jpg;005111.jpg;093601.jpg
160737.jpg;093646.jpg;081258.jpg
067647.jpg;056790.jpg;173051.jpg
173333.jpg;177979.jpg;057852.jpg
050475.jpg;009264.jpg;135553.jpg
099794.jpg;108334.jpg;125939.jpg
040396.jpg;157457.jpg;202284.jpg
114364.jpg;100284.jpg;176114.jpg
040423.jpg;151644.jpg;074790.jpg
144210.jpg;012071.jpg;141286.jpg
107620.jpg;001147.jpg;053745.jpg
100900.jpg;112364.jpg;077336.jpg
137736.jpg;059303.jpg;049507.jpg
051190.jpg;060739.jpg;047806.jpg
050111.jpg;111371.jpg;059145.jpg
093688.jpg;076484.jpg;181974.jpg
094744.jpg;153775.jpg;113104.jpg
168145.jpg;164854.jpg;007503.jpg
055679.jpg;141161.jpg;085652.jpg
067708.jpg;053766.jpg;066924.jpg
068960.jpg;027100.jpg;177039.jpg
178489.jpg;176944.jpg;051523.jpg
034556.jpg;125985.jpg;163807.jpg
061528.jpg;000080.jpg;061385.jpg
062127.jpg;152992.jpg;070963.jpg
133471.jpg;088950.jpg;080497.jpg
024577.jpg;014371.jpg;119646.jpg
111705.jpg;089550.jpg;164813.jpg
014290.jpg;019496.jpg;062322.jpg
013429.jpg;091723.jpg;061260.jpg
150243.jpg;112123.jpg;080856.jpg
003857.jpg;047520.jpg;053669.jpg
159831.jpg;048085.jpg;117478.jpg
036065.jpg;052682.jpg;161978.jpg
053416.jpg;025188.jpg;046112.jpg
109523.jpg;093382.jpg;083050.jpg
169141.jpg;163066.jpg;102434.jpg
161830.jpg;160870.jpg;038475.jpg
019838.jpg;064817.jpg;150844.jpg
052073.jpg;147583.jpg;050194.jpg
110914.jpg;161979.jpg;167806.jpg
180899.jpg;169762.jpg;201766.jpg
142519.jpg;144717.jpg;200252.jpg
202327.jpg;190626.jpg;199362.jpg
109695.jpg;014050.jpg;060292.jpg
125961.jpg;082070.jpg;133639.jpg
152974.jpg;089770.jpg;080455.jpg
121777.jpg;126590.jpg;121364.jpg
034164.jpg;154260.jpg;060557.jpg
193729.jpg;201381.jpg;104670.jpg
065074.jpg;046846.jpg;030194.jpg
071329.jpg;054877.jpg;120596.jpg
153026.jpg;017602.jpg;141332.jpg
048768.jpg;040076.jpg;108300.jpg
053391.jpg;001997.jpg;125153.jpg
118366.jpg;088888.jpg;100554.jpg
195615.jpg;194671.jpg;030264.jpg
122413.jpg;080121.jpg;056968.jpg
190763.jpg;196820.jpg;014000.jpg
161542.jpg;001817.jpg;138372.jpg
111174.jpg;045562.jpg;133484.jpg
165884.jpg;181123.jpg;151657.jpg
029622.jpg;148953.jpg;141231.jpg
052061.jpg;131948.jpg;084863.jpg
187143.jpg;189880.jpg;171146.jpg
081888.jpg;042379.jpg;181807.jpg
023240.jpg;030970.jpg;134038.jpg
007834.jpg;103198.jpg;037776.jpg
185960.jpg;201213.jpg;052229.jpg
199819.jpg;189074.jpg;109721.jpg
097789.jpg;127399.jpg;056936.jpg
009602.jpg;049665.jpg;187414.jpg
106774.jpg;089056.jpg;092102.jpg
197597.jpg;190589.jpg;050756.jpg
033592.jpg;050347.jpg;184822.jpg
092225.jpg;141851.jpg;182768.jpg
025739.jpg;030098.jpg;017754.jpg
008069.jpg;099686.jpg;022450.jpg
005615.jpg;140952.jpg;077798.jpg
024654.jpg;010331.jpg;009307.jpg
119457.jpg;073109.jpg;200039.jpg
030248.jpg;130665.jpg;154953.jpg
103494.jpg;126870.jpg;089699.jpg
033437.jpg;115664.jpg;111026.jpg
154313.jpg;014896.jpg;032025.jpg
052174.jpg;127489.jpg;004724.jpg
126573.jpg;135434.jpg;038020.jpg
052684.jpg;013599.jpg;095357.jpg
006609.jpg;056646.jpg;069048.jpg
017792.jpg;007060.jpg;179229.jpg
062737.jpg;132569.jpg;076978.jpg
010355.jpg;027366.jpg;114385.jpg
138262.jpg;130303.jpg;167637.jpg
047289.jpg;035533.jpg;194417.jpg
065585.jpg;009990.jpg;183419.jpg
165894.jpg;174038.jpg;008964.jpg
065611.jpg;135741.jpg;178465.jpg
039940.jpg;047338.jpg;002150.jpg
115065.jpg;044667.jpg;189489.jpg
099582.jpg;110269.jpg;016305.jpg
114353.jpg;011463.jpg;056792.jpg
056287.jpg;139786.jpg;174240.jpg
053885.jpg;111399.jpg;019263.jpg
076598.jpg;128040.jpg;068803.jpg
050584.jpg;005937.jpg;133270.jpg
185770.jpg;184916.jpg;039157.jpg
026915.jpg;074199.jpg;042970.jpg
045300.jpg;121880.jpg;187424.jpg
160292.jpg;051025.jpg;045151.jpg
107087.jpg;132931.jpg;088204.jpg
191582.jpg;183068.jpg;078664.jpg
044668.jpg;129389.jpg;046456.jpg
067826.jpg;030057.jpg;068527.jpg
052140.jpg;122437.jpg;036667.jpg
172372.jpg;182271.jpg;001442.jpg
141355.jpg;139143.jpg;151735.jpg
185305.jpg;193108.jpg;095501.jpg
022322.jpg;030931.jpg;201535.jpg
037549.jpg;077359.jpg;171109.jpg
193089.jpg;199595.jpg;044894.jpg
028747.jpg;101856.jpg;047642.jpg
139267.jpg;089879.jpg;132631.jpg
176671.jpg;171347.jpg;084956.jpg
163788.jpg;175977.jpg;176117.jpg
162218.jpg;140735.jpg;163098.jpg
033974.jpg;017173.jpg;137347.jpg
073761.jpg;021684.jpg;059788.jpg
180271.jpg;181249.jpg;101380.jpg
074031.jpg;158229.jpg;136495.jpg
081081.jpg;043417.jpg;185222.jpg
052615.jpg;062077.jpg;005113.jpg
155758.jpg;071864.jpg;144269.jpg
146452.jpg;109777.jpg;113023.jpg
102234.jpg;154092.jpg;078695.jpg
186064.jpg;190882.jpg;197331.jpg
172282.jpg;167079.jpg;066564.jpg
048080.jpg;052949.jpg;013015.jpg
169581.jpg;170357.jpg;160465.jpg
030527.jpg;099675.jpg;022575.jpg
171321.jpg;168542.jpg;131220.jpg
128561.jpg;106551.jpg;027150.jpg
116951.jpg;149516.jpg;185074.jpg
044842.jpg;073264.jpg;196239.jpg
049021.jpg;087311.jpg;137298.jpg
058209.jpg;077346.jpg;056601.jpg
023486.jpg;046577.jpg;159885.jpg
090435.jpg;078433.jpg;095108.jpg
086098.jpg;146316.jpg;027382.jpg
134323.jpg;090488.jpg;161454.jpg
141445.jpg;074366.jpg;197467.jpg
172070.jpg;180292.jpg;175685.jpg
034977.jpg;128765.jpg;199097.jpg
027667.jpg;118250.jpg;155614.jpg
056795.jpg;134237.jpg;114059.jpg
075859.jpg;156847.jpg;058925.jpg
025548.jpg;133862.jpg;050687.jpg
069985.jpg;138622.jpg;042185.jpg
161613.jpg;143884.jpg;199838.jpg
192740.jpg;191431.jpg;136024.jpg
085640.jpg;060664.jpg;128266.jpg
059991.jpg;153100.jpg;061685.jpg
031962.jpg;116745.jpg;177378.jpg
046289.jpg;095751.jpg;121784.jpg
113113.jpg;053440.jpg;198293.jpg
153016.jpg;052598.jpg;084029.jpg
183708.jpg;201021.jpg;188141.jpg
132008.jpg;049148.jpg;088617.jpg
061647.jpg;102316.jpg;058855.jpg
019905.jpg;105993.jpg;200329.jpg
058791.jpg;000797.jpg;054675.jpg
064000.jpg;086372.jpg;055440.jpg
178369.jpg;176171.jpg;025796.jpg
013717.jpg;044395.jpg;099390.jpg
076891.jpg;162543.jpg;185619.jpg
092029.jpg;097459.jpg;005461.jpg
146968.jpg;015701.jpg;071714.jpg
157413.jpg;010626.jpg;122436.jpg
008273.jpg;141928.jpg;065296.jpg
066831.jpg;020884.jpg;065752.jpg
133514.jpg;047569.jpg;061683.jpg
193127.jpg;186410.jpg;139533.jpg
183032.jpg;187798.jpg;031942.jpg
007795.jpg;013562.jpg;110745.jpg
096667.jpg;089382.jpg;103734.jpg
020928.jpg;131517.jpg;053046.jpg
127807.jpg;149708.jpg;163627.jpg
010770.jpg;115856.jpg;043003.jpg
058588.jpg;047864.jpg;036482.jpg
112587.jpg;106881.jpg;099971.jpg
022113.jpg;020126.jpg;050291.jpg
201958.jpg;197310.jpg;158627.jpg
040332.jpg;058587.jpg;014780.jpg
020334.jpg;111898.jpg;045922.jpg
170483.jpg;163653.jpg;017687.jpg
037108.jpg;138825.jpg;135310.jpg
174032.jpg;170024.jpg;140925.jpg
146162.jpg;042045.jpg;058557.jpg
028927.jpg;089265.jpg;019006.jpg
110209.jpg;107412.jpg;130551.jpg
025001.jpg;000564.jpg;189970.jpg
140203.jpg;131738.jpg;116128.jpg
159176.jpg;060416.jpg;068009.jpg
193265.jpg;193766.jpg;095307.jpg
135973.jpg;125267.jpg;162188.jpg
050638.jpg;033932.jpg;166098.jpg
175565.jpg;164479.jpg;026452.jpg
081327.jpg;050828.jpg;124853.jpg
186423.jpg;190898.jpg;147923.jpg
100199.jpg;010010.jpg;033758.jpg
199024.jpg;196214.jpg;078156.jpg
064105.jpg;117642.jpg;008687.jpg
072458.jpg;054463.jpg;146526.jpg
125661.jpg;032688.jpg;129720.jpg
113600.jpg;048495.jpg;140293.jpg
150863.jpg;019183.jpg;064885.jpg
194225.jpg;188750.jpg;186015.jpg
188286.jpg;191488.jpg;049641.jpg
149371.jpg;073508.jpg;200164.jpg
192547.jpg;194796.jpg;101599.jpg
179857.jpg;169917.jpg;138869.jpg
140049.jpg;094243.jpg;125638.jpg
003923.jpg;061742.jpg;039213.jpg
147158.jpg;065750.jpg;013214.jpg
151490.jpg;013066.jpg;027894.jpg
072366.jpg;112408.jpg;199091.jpg
138307.jpg;121630.jpg;084849.jpg
069103.jpg;063498.jpg;190766.jpg
027928.jpg;092390.jpg;089703.jpg
142676.jpg;119502.jpg;121070.jpg
116307.jpg;070994.jpg;101959.jpg
009329.jpg;027152.jpg;077414.jpg
133906.jpg;142487.jpg;045262.jpg
090537.jpg;037492.jpg;058825.jpg
187976.jpg;199374.jpg;183988.jpg
076200.jpg;039568.jpg;079720.jpg
045414.jpg;039432.jpg;142760.jpg
135563.jpg;019822.jpg;079069.jpg
041022.jpg;132878.jpg;010133.jpg
174864.jpg;167651.jpg;084830.jpg
045542.jpg;002331.jpg;166822.jpg
073619.jpg;109644.jpg;004353.jpg
089650.jpg;008857.jpg;100532.jpg
114913.jpg;022820.jpg;171466.jpg
045893.jpg;053156.jpg;091168.jpg
155194.jpg;125390.jpg;040006.jpg
151035.jpg;076735.jpg;141936.jpg
050462.jpg;001388.jpg;164481.jpg
138739.jpg;039198.jpg;083537.jpg
107992.jpg;085103.jpg;055852.jpg
077620.jpg;118373.jpg;138470.jpg
023487.jpg;101484.jpg;164916.jpg
176118.jpg;181356.jpg;063852.jpg
117516.jpg;025569.jpg;166823.jpg
023468.jpg;038700.jpg;193077.jpg
182873.jpg;183038.jpg;164426.jpg
093773.jpg;002306.jpg;059051.jpg
112785.jpg;098203.jpg;125810.jpg
036813.jpg;161460.jpg;033033.jpg
103034.jpg;090123.jpg;003114.jpg
148530.jpg;135874.jpg;132200.jpg
162537.jpg;142919.jpg;043495.jpg
004722.jpg;060130.jpg;089212.jpg
047483.jpg;055774.jpg;094725.jpg
144889.jpg;139206.jpg;072708.jpg
121754.jpg;008339.jpg;088202.jpg
060563.jpg;151858.jpg;073090.jpg
047051.jpg;059480.jpg;148187.jpg
002784.jpg;010693.jpg;051825.jpg
160037.jpg;016597.jpg;167577.jpg
008913.jpg;116503.jpg;162818.jpg
113399.jpg;030238.jpg;149725.jpg
157250.jpg;050014.jpg;032443.jpg
167090.jpg;176675.jpg;192111.jpg
048220.jpg;159690.jpg;014968.jpg
132318.jpg;162381.jpg;084820.jpg
035174.jpg;116739.jpg;023032.jpg
006140.jpg;161353.jpg;032584.jpg
003585.jpg;030735.jpg;033228.jpg
073400.jpg;040278.jpg;026808.jpg
110694.jpg;140870.jpg;165442.jpg
007944.jpg;004028.jpg;095831.jpg
028874.jpg;124739.jpg;001854.jpg
131068.jpg;143281.jpg;147754.jpg
042718.jpg;101542.jpg;059565.jpg
187845.jpg;189882.jpg;023977.jpg
107247.jpg;024956.jpg;068685.jpg
163468.jpg;181642.jpg;189983.jpg
192428.jpg;188234.jpg;037580.jpg
007941.jpg;039031.jpg;101951.jpg
184769.jpg;185628.jpg;008228.jpg
005519.jpg;141682.jpg;111308.jpg
064995.jpg;107828.jpg;014037.jpg
153259.jpg;133885.jpg;025740.jpg
186388.jpg;202133.jpg;014900.jpg
135852.jpg;086837.jpg;084141.jpg
032647.jpg;004477.jpg;120103.jpg
045853.jpg;055557.jpg;108458.jpg
106144.jpg;142931.jpg;104301.jpg
168995.jpg;179644.jpg;167546.jpg
167930.jpg;181768.jpg;090892.jpg
109333.jpg;001395.jpg;135486.jpg
103426.jpg;000815.jpg;105546.jpg
048364.jpg;016084.jpg;021401.jpg
115788.jpg;073292.jpg;157610.jpg
163609.jpg;172141.jpg;177570.jpg
155520.jpg;109380.jpg;077678.jpg
177749.jpg;178452.jpg;009664.jpg
150616.jpg;114269.jpg;087345.jpg
073689.jpg;150018.jpg;001082.jpg
142206.jpg;052729.jpg;033583.jpg
037891.jpg;089198.jpg;183750.jpg
081639.jpg;147476.jpg;034546.jpg
116472.jpg;155286.jpg;122901.jpg
196000.jpg;199884.jpg;073982.jpg
094434.jpg;113059.jpg;052068.jpg
078414.jpg;054631.jpg;025684.jpg
087738.jpg;134160.jpg;042722.jpg
035060.jpg;075007.jpg;119671.jpg
193243.jpg;186915.jpg;169902.jpg
152502.jpg;132480.jpg;007702.jpg
179740.jpg;180468.jpg;131740.jpg
029843.jpg;107984.jpg;118130.jpg
009490.jpg;129635.jpg;054065.jpg
085623.jpg;159702.jpg;012778.jpg
165843.jpg;166501.jpg;054406.jpg
053091.jpg;058835.jpg;045800.jpg
199791.jpg;184571.jpg;195339.jpg
091295.jpg;005356.jpg;087534.jpg
096236.jpg;022756.jpg;115367.jpg
018821.jpg;065227.jpg;151538.jpg
123750.jpg;120771.jpg;097023.jpg
067634.jpg;124003.jpg;043210.jpg
017365.jpg;059703.jpg;182253.jpg
118854.jpg;064418.jpg;201055.jpg
057155.jpg;158937.jpg;005692.jpg
001632.jpg;012249.jpg;121353.jpg
078708.jpg;084580.jpg;131280.jpg
102497.jpg;143482.jpg;148156.jpg
025801.jpg;079916.jpg;143047.jpg
008969.jpg;111959.jpg;055884.jpg
146077.jpg;078406.jpg;097730.jpg
192369.jpg;184896.jpg;176439.jpg
002685.jpg;025664.jpg;146062.jpg
038834.jpg;029784.jpg;092709.jpg
061257.jpg;031324.jpg;149109.jpg
141219.jpg;159329.jpg;080629.jpg
128745.jpg;062567.jpg;178752.jpg
169472.jpg;178508.jpg;193981.jpg
095178.jpg;045514.jpg;119862.jpg
116995.jpg;048131.jpg;066011.jpg
084255.jpg;137912.jpg;076521.jpg
183904.jpg;197585.jpg;048595.jpg
199963.jpg;196745.jpg;064988.jpg
170683.jpg;178211.jpg;065621.jpg
125566.jpg;008721.jpg;023023.jpg
126722.jpg;151850.jpg;032651.jpg
014106.jpg;033903.jpg;149427.jpg
016970.jpg;013267.jpg;113493.jpg
083811.jpg;013442.jpg;088495.jpg
135727.jpg;086572.jpg;198405.jpg
148009.jpg;118567.jpg;013384.jpg
094102.jpg;123720.jpg;173890.jpg
122499.jpg;022632.jpg;157467.jpg
133646.jpg;161414.jpg;156657.jpg
185073.jpg;202264.jpg;154994.jpg
054789.jpg;039697.jpg;095902.jpg
075984.jpg;138031.jpg;120184.jpg
001594.jpg;157652.jpg;189577.jpg
144688.jpg;068390.jpg;063656.jpg
160045.jpg;048880.jpg;081646.jpg
051681.jpg;072592.jpg;169168.jpg
042491.jpg;050736.jpg;192516.jpg
095941.jpg;054619.jpg;061056.jpg
104440.jpg;028686.jpg;141119.jpg
150729.jpg;123917.jpg;159103.jpg
187904.jpg;182645.jpg;149526.jpg
193280.jpg;197891.jpg;186782.jpg
112234.jpg;154290.jpg;051469.jpg
065978.jpg;073696.jpg;042519.jpg
066576.jpg;130920.jpg;116032.jpg
154528.jpg;006877.jpg;084882.jpg
143388.jpg;047115.jpg;164482.jpg
169256.jpg;178468.jpg;107908.jpg
153194.jpg;019425.jpg;068049.jpg
183588.jpg;196539.jpg;061395.jpg
092410.jpg;130070.jpg;142653.jpg
069071.jpg;102542.jpg;067822.jpg
116566.jpg;058150.jpg;178714.jpg
004048.jpg;099289.jpg;199388.jpg
135901.jpg;101100.jpg;106612.jpg
034186.jpg;076085.jpg;014110.jpg
014471.jpg;070450.jpg;190889.jpg
096798.jpg;083477.jpg;136225.jpg
099435.jpg;094868.jpg;031143.jpg
076178.jpg;002208.jpg;191217.jpg
118289.jpg;090863.jpg;007589.jpg
116591.jpg;064443.jpg;016275.jpg
050338.jpg;136628.jpg;202008.jpg
061030.jpg;063029.jpg;151819.jpg
164532.jpg;164669.jpg;066707.jpg
102596.jpg;026902.jpg;117817.jpg
058079.jpg;156128.jpg;015985.jpg
150935.jpg;150986.jpg;144382.jpg
144161.jpg;107859.jpg;197095.jpg
053588.jpg;134299.jpg;030751.jpg
072420.jpg;111103.jpg;162322.jpg
038957.jpg;055285.jpg;022055.jpg
102071.jpg;089331.jpg;111857.jpg
173952.jpg;175015.jpg;021269.jpg
043145.jpg;026643.jpg;132034.jpg
100861.jpg;115490.jpg;028046.jpg
051471.jpg;048978.jpg;185908.jpg
153684.jpg;103205.jpg;174028.jpg
100232.jpg;068856.jpg;045578.jpg
122871.jpg;083772.jpg;194255.jpg
165730.jpg;176240.jpg;024844.jpg
028140.jpg;083241.jpg;065253.jpg
188382.jpg;184587.jpg;012977.jpg
033980.jpg;088987.jpg;192122.jpg
110142.jpg;047725.jpg;148066.jpg
044100.jpg;129617.jpg;019754.jpg
105697.jpg;038634.jpg;007040.jpg
089727.jpg;005691.jpg;059897.jpg
190936.jpg;198600.jpg;052893.jpg
147319.jpg;123140.jpg;114634.jpg
042390.jpg;137162.jpg;158133.jpg
121703.jpg;137835.jpg;088651.jpg
082252.jpg;084623.jpg;113674.jpg
074500.jpg;065127.jpg;143270.jpg
074605.jpg;046628.jpg;095760.jpg
130087.jpg;025857.jpg;038117.jpg
165434.jpg;165070.jpg;036688.jpg
075865.jpg;004884.jpg;099500.jpg
201999.jpg;198711.jpg;148400.jpg
200484.jpg;197913.jpg;173481.jpg
122811.jpg;106795.jpg;158469.jpg
126895.jpg;080565.jpg;140398.jpg
127928.jpg;027854.jpg;105689.jpg
081564.jpg;043565.jpg;161584.jpg
081624.jpg;080242.jpg;172271.jpg
182926.jpg;194794.jpg;105530.jpg
144816.jpg;148360.jpg;048536.jpg
015490.jpg;085760.jpg;109845.jpg
027090.jpg;052975.jpg;059592.jpg
152616.jpg;086042.jpg;093908.jpg
083467.jpg;063700.jpg;176831.jpg
165463.jpg;168069.jpg;130358.jpg
131422.jpg;123921.jpg;092547.jpg
086121.jpg;073823.jpg;101010.jpg
126254.jpg;145973.jpg;157257.jpg
129198.jpg;124279.jpg;017456.jpg
044493.jpg;000043.jpg;132779.jpg
167684.jpg;171724.jpg;154781.jpg
037943.jpg;047162.jpg;033608.jpg
086153.jpg;142788.jpg;142639.jpg
054750.jpg;103444.jpg;062975.jpg
146825.jpg;157160.jpg;169766.jpg
195727.jpg;184544.jpg;053020.jpg
052945.jpg;106473.jpg;185610.jpg
089297.jpg;047477.jpg;056465.jpg
181736.jpg;167883.jpg;184249.jpg
007773.jpg;078843.jpg;014532.jpg
100785.jpg;003082.jpg;048939.jpg
003501.jpg;147516.jpg;000271.jpg
007846.jpg;114772.jpg;139266.jpg
174032.jpg;174806.jpg;115838.jpg
156550.jpg;000542.jpg;086613.jpg
195814.jpg;185859.jpg;179493.jpg
021361.jpg;040900.jpg;041913.jpg
126525.jpg;112482.jpg;021807.jpg
102498.jpg;080158.jpg;040419.jpg
005719.jpg;079729.jpg;035280.jpg
005756.jpg;146758.jpg;126733.jpg
003944.jpg;094917.jpg;159805.jpg
175378.jpg;174668.jpg;196546.jpg
200974.jpg;195924.jpg;196085.jpg
035344.jpg;155661.jpg;165999.jpg
026957.jpg;091642.jpg;158818.jpg
047538.jpg;096622.jpg;027028.jpg
015492.jpg;018025.jpg;073871.jpg
089121.jpg;123759.jpg;149572.jpg
041280.jpg;103361.jpg;174231.jpg
176222.jpg;168890.jpg;197553.jpg
057634.jpg;041038.jpg;005035.jpg
014481.jpg;020860.jpg;037393.jpg
096371.jpg;154483.jpg;054370.jpg
181175.jpg;174511.jpg;165909.jpg
085140.jpg;030783.jpg;144637.jpg
050169.jpg;060456.jpg;147613.jpg
039152.jpg;059191.jpg;123282.jpg
083767.jpg;032569.jpg;192548.jpg
103472.jpg;080288.jpg;078336.jpg
053053.jpg;005051.jpg;063689.jpg
196670.jpg;193017.jpg;087166.jpg
159556.jpg;007734.jpg;142298.jpg
099767.jpg;051687.jpg;098449.jpg
160596.jpg;084522.jpg;008433.jpg
137701.jpg;004522.jpg;152728.jpg
150326.jpg;043012.jpg;195896.jpg
117304.jpg;146421.jpg;190462.jpg
089707.jpg;159663.jpg;036422.jpg
023103.jpg;040486.jpg;114073.jpg
180531.jpg;169402.jpg;028326.jpg
141181.jpg;138913.jpg;077948.jpg
097985.jpg;108235.jpg;002546.jpg
156140.jpg;015621.jpg;019481.jpg
104500.jpg;033436.jpg;137621.jpg
090566.jpg;159571.jpg;005357.jpg
161440.jpg;006907.jpg;131781.jpg
149861.jpg;003737.jpg;158965.jpg
004608.jpg;017656.jpg;140784.jpg
199840.jpg;192001.jpg;136533.jpg
044740.jpg;098680.jpg;193582.jpg
029567.jpg;159552.jpg;122591.jpg
200872.jpg;188932.jpg;110933.jpg
154531.jpg;139928.jpg;195900.jpg
181379.jpg;172724.jpg;000218.jpg
004146.jpg;134208.jpg;092549.jpg
144399.jpg;008927.jpg;019028.jpg
072631.jpg;134253.jpg;071288.jpg
189089.jpg;199336.jpg;049291.jpg
202034.jpg;199304.jpg;040277.jpg
171777.jpg;177054.jpg;070936.jpg
166102.jpg;164184.jpg;141606.jpg
096434.jpg;083607.jpg;023396.jpg
187387.jpg;187768.jpg;138618.jpg
184241.jpg;195856.jpg;059182.jpg
067523.jpg;010882.jpg;112806.jpg
051051.jpg;050200.jpg;021280.jpg
005051.jpg;070645.jpg;094695.jpg
097252.jpg;010065.jpg;023792.jpg
024079.jpg;024670.jpg;049259.jpg
015735.jpg;000193.jpg;152605.jpg
003011.jpg;099339.jpg;095361.jpg
031584.jpg;157753.jpg;045714.jpg
087694.jpg;107141.jpg;115967.jpg
156685.jpg;048193.jpg;035622.jpg
040664.jpg;129367.jpg;102879.jpg
024998.jpg;067055.jpg;074825.jpg
122366.jpg;089210.jpg;014768.jpg
169869.jpg;167139.jpg;182876.jpg
148372.jpg;107792.jpg;000696.jpg
040844.jpg;142299.jpg;018651.jpg
105845.jpg;036493.jpg;032463.jpg
180286.jpg;180871.jpg;194644.jpg
143498.jpg;084582.jpg;098521.jpg
094850.jpg;156903.jpg;183017.jpg
013699.jpg;125497.jpg;108496.jpg
080780.jpg;100617.jpg;034219.jpg
187082.jpg;192919.jpg;084904.jpg
060223.jpg;063697.jpg;163526.jpg
010296.jpg;087599.jpg;017762.jpg
030195.jpg;086202.jpg;049716.jpg
096685.jpg;000016.jpg;094994.jpg
029864.jpg;042553.jpg;129895.jpg
183947.jpg;188817.jpg;182929.jpg
090743.jpg;064750.jpg;101456.jpg
052160.jpg;029778.jpg;100045.jpg
046055.jpg;140531.jpg;156143.jpg
162401.jpg;063298.jpg;190069.jpg
064296.jpg;146420.jpg;116031.jpg
099653.jpg;082187.jpg;188409.jpg
061697.jpg;150200.jpg;091105.jpg
121532.jpg;003975.jpg;160550.jpg
038047.jpg;124020.jpg;024937.jpg
110422.jpg;136012.jpg;024726.jpg
038489.jpg;069302.jpg;104849.jpg
118058.jpg;087215.jpg;011455.jpg
013157.jpg;034013.jpg;189685.jpg
051400.jpg;114463.jpg;088013.jpg
055268.jpg;051530.jpg;200000.jpg
079374.jpg;082158.jpg;082961.jpg
069916.jpg;019606.jpg;008818.jpg
004518.jpg;143810.jpg;082108.jpg
196568.jpg;191864.jpg;035588.jpg
071531.jpg;156117.jpg;183584.jpg
050024.jpg;037815.jpg;041096.jpg
039388.jpg;102523.jpg;033111.jpg
029130.jpg;151074.jpg;130759.jpg
157367.jpg;110293.jpg;102612.jpg
030181.jpg;068288.jpg;124884.jpg
125807.jpg;059610.jpg;003501.jpg
118260.jpg;104810.jpg;047186.jpg
140691.jpg;079851.jpg;196708.jpg
095991.jpg;095754.jpg;152887.jpg
075410.jpg;008789.jpg;172856.jpg
124395.jpg;025787.jpg;081491.jpg
112885.jpg;040909.jpg;144852.jpg
190269.jpg;194668.jpg;178766.jpg
065507.jpg;025932.jpg;036160.jpg
080101.jpg;109176.jpg;008288.jpg
056358.jpg;011249.jpg;004729.jpg
053476.jpg;010678.jpg;106391.jpg
087867.jpg;120834.jpg;059689.jpg
181848.jpg;168338.jpg;009732.jpg
094939.jpg;105099.jpg;073851.jpg
157212.jpg;107314.jpg;059352.jpg
151487.jpg;107502.jpg;099698.jpg
097238.jpg;096873.jpg;151654.jpg
115425.jpg;075497.jpg;199803.jpg
195303.jpg;189140.jpg;121054.jpg
125412.jpg;131855.jpg;110284.jpg
076992.jpg;090227.jpg;048983.jpg
198677.jpg;186197.jpg;152403.jpg
160232.jpg;101559.jpg;109824.jpg
014129.jpg;062127.jpg;075893.jpg
187652.jpg;189024.jpg;044105.jpg
021310.jpg;097522.jpg;159548.jpg
194963.jpg;187915.jpg;180084.jpg
108588.jpg;002815.jpg;180590.jpg
138674.jpg;102265.jpg;029308.jpg
153891.jpg;111427.jpg;031948.jpg
101246.jpg;116461.jpg;166963.jpg
156150.jpg;015934.jpg;132106.jpg
103768.jpg;039303.jpg;052057.jpg
068073.jpg;043078.jpg;196142.jpg
002729.jpg;060496.jpg;187343.jpg
063419.jpg;041690.jpg;057011.jpg
140975.jpg;016267.jpg;166062.jpg
076206.jpg;158835.jpg;144703.jpg
008357.jpg;068057.jpg;193304.jpg
168940.jpg;173156.jpg;146988.jpg
133967.jpg;064801.jpg;029148.jpg
026877.jpg;073578.jpg;147885.jpg
057225.jpg;075251.jpg;043761.jpg
167872.jpg;174858.jpg;177080.jpg
195075.jpg;198233.jpg;136338.jpg
062995.jpg;103216.jpg;093899.jpg
140510.jpg;158419.jpg;101171.jpg
028266.jpg;133714.jpg;081513.jpg
045191.jpg;110837.jpg;104338.jpg
097311.jpg;118763.jpg;024713.jpg
108683.jpg;161113.jpg;139587.jpg
135270.jpg;061234.jpg;152133.jpg
069754.jpg;004302.jpg;059072.jpg
160512.jpg;012830.jpg;152314.jpg
130758.jpg;129031.jpg;198672.jpg
161237.jpg;003226.jpg;115800.jpg
185592.jpg;196067.jpg;145132.jpg
067876.jpg;149093.jpg;202286.jpg
038706.jpg;139654.jpg;039874.jpg
093768.jpg;019624.jpg;057658.jpg
077624.jpg;013978.jpg;127565.jpg
201219.jpg;184310.jpg;011564.jpg
158543.jpg;030149.jpg;171882.jpg
198736.jpg;187676.jpg;014727.jpg
000748.jpg;130645.jpg;085277.jpg
190521.jpg;193687.jpg;004394.jpg
071280.jpg;034048.jpg;035719.jpg
053310.jpg;100775.jpg;184314.jpg
097111.jpg;068100.jpg;012845.jpg
198687.jpg;183513.jpg;016468.jpg
099403.jpg;028258.jpg;000498.jpg
194347.jpg;195374.jpg;143636.jpg
036274.jpg;127557.jpg;057259.jpg
129432.jpg;113913.jpg;039087.jpg
129417.jpg;033165.jpg;096466.jpg
108997.jpg;156960.jpg;118593.jpg
188420.jpg;182700.jpg;068867.jpg
076677.jpg;025730.jpg;035069.jpg
127629.jpg;005064.jpg;149793.jpg
068642.jpg;027971.jpg;164765.jpg
198023.jpg;201942.jpg;153266.jpg
018846.jpg;139438.jpg;067674.jpg
093400.jpg;050985.jpg;048699.jpg
186666.jpg;194523.jpg;198692.jpg
018483.jpg;010383.jpg;036187.jpg
181836.jpg;173228.jpg;047835.jpg
150224.jpg;039691.jpg;197264.jpg
048230.jpg;116355.jpg;010761.jpg
157408.jpg;047290.jpg;083109.jpg
122802.jpg;103776.jpg;046364.jpg
019092.jpg;006046.jpg;012333.jpg
197605.jpg;183306.jpg;119617.jpg
123068.jpg;056271.jpg;162386.jpg
150189.jpg;065620.jpg;054225.jpg
075771.jpg;072851.jpg;179900.jpg
161272.jpg;014865.jpg;186980.jpg
013612.jpg;029345.jpg;171792.jpg
082422.jpg;117322.jpg;087005.jpg
156130.jpg;144755.jpg;035344.jpg
034161.jpg;155914.jpg;046989.jpg
010734.jpg;078974.jpg;049768.jpg
172691.jpg;175034.jpg;156986.jpg
110205.jpg;117668.jpg;073335.jpg
009154.jpg;054691.jpg;071043.jpg
142689.jpg;148004.jpg;076141.jpg
073822.jpg;090700.jpg;185529.jpg
078518.jpg;088618.jpg;098347.jpg
030429.jpg;153340.jpg;075506.jpg
148510.jpg;006168.jpg;174533.jpg
196567.jpg;183657.jpg;073629.jpg
156208.jpg;019268.jpg;174091.jpg
052247.jpg;026392.jpg;145417.jpg
054577.jpg;087452.jpg;010521.jpg
057166.jpg;084915.jpg;017209.jpg
057699.jpg;148581.jpg;066463.jpg
123439.jpg;050576.jpg;090429.jpg
004409.jpg;042239.jpg;086556.jpg
175034.jpg;182167.jpg;055846.jpg
114521.jpg;020857.jpg;000995.jpg
105884.jpg;002610.jpg;107498.jpg
022769.jpg;069787.jpg;164704.jpg
021165.jpg;105482.jpg;194254.jpg
119149.jpg;017693.jpg;110326.jpg
024910.jpg;046652.jpg;141412.jpg
182355.jpg;172561.jpg;166011.jpg
193967.jpg;183500.jpg;093422.jpg
058991.jpg;037432.jpg;196705.jpg
129744.jpg;037593.jpg;177763.jpg
014289.jpg;158660.jpg;125730.jpg
122572.jpg;009492.jpg;066394.jpg
017107.jpg;089356.jpg;107963.jpg
128841.jpg;130034.jpg;159053.jpg
113462.jpg;110757.jpg;172478.jpg
100002.jpg;086579.jpg;174024.jpg
022460.jpg;088653.jpg;109149.jpg
149040.jpg;135491.jpg;173517.jpg
053016.jpg;050966.jpg;129678.jpg
051343.jpg;150267.jpg;010868.jpg
089357.jpg;081047.jpg;160857.jpg
177986.jpg;170059.jpg;093943.jpg
025206.jpg;072035.jpg;076933.jpg
012854.jpg;029106.jpg;023944.jpg
142066.jpg;015680.jpg;054990.jpg
046555.jpg;134455.jpg;125834.jpg
102264.jpg;103201.jpg;159102.jpg
080172.jpg;068565.jpg;081475.jpg
011321.jpg;039890.jpg;085340.jpg
147749.jpg;044826.jpg;110102.jpg
097386.jpg;111529.jpg;146994.jpg
033220.jpg;075236.jpg;032409.jpg
059230.jpg;129509.jpg;146087.jpg
080538.jpg;033030.jpg;123260.jpg
123247.jpg;155434.jpg;191474.jpg
070725.jpg;074610.jpg;067742.jpg
028372.jpg;069444.jpg;071247.jpg
049807.jpg;081185.jpg;101317.jpg
081287.jpg;126145.jpg;178770.jpg
069715.jpg;118550.jpg;034628.jpg
092688.jpg;104911.jpg;146067.jpg
053745.jpg;048026.jpg;107620.jpg
167356.jpg;175754.jpg;033505.jpg
014965.jpg;145157.jpg;120634.jpg
138116.jpg;078946.jpg;176840.jpg
042779.jpg;080933.jpg;102863.jpg
007626.jpg;078068.jpg;015581.jpg
163869.jpg;180048.jpg;133130.jpg
178474.jpg;163584.jpg;025344.jpg
031543.jpg;159480.jpg;130089.jpg
156527.jpg;122440.jpg;144601.jpg
117855.jpg;054047.jpg;060531.jpg
067943.jpg;086473.jpg;110608.jpg
062146.jpg;031330.jpg;003192.jpg
075114.jpg;005367.jpg;112395.jpg
110224.jpg;088516.jpg;159787.jpg
097580.jpg;109853.jpg;116290.jpg
025452.jpg;148201.jpg;019377.jpg
070213.jpg;063880.jpg;097096.jpg
058777.jpg;102502.jpg;146603.jpg
035185.jpg;057297.jpg;158391.jpg
113746.jpg;035831.jpg;059139.jpg
118855.jpg;123788.jpg;156969.jpg
044981.jpg;065581.jpg;045856.jpg
197014.jpg;192854.jpg;114136.jpg
025124.jpg;097417.jpg;115354.jpg
092899.jpg;051916.jpg;174496.jpg
117253.jpg;054326.jpg;164009.jpg
096230.jpg;152546.jpg;186196.jpg
057469.jpg;114599.jpg;020045.jpg
108896.jpg;130873.jpg;127136.jpg
000033.jpg;086231.jpg;101882.jpg
197559.jpg;185910.jpg;161487.jpg
070383.jpg;055028.jpg;031216.jpg
008984.jpg;124367.jpg;085300.jpg
170006.jpg;163517.jpg;039525.jpg
023229.jpg;118182.jpg;188736.jpg
130311.jpg;078252.jpg;154941.jpg
087881.jpg;106145.jpg;128216.jpg
039646.jpg;132988.jpg;060012.jpg
096441.jpg;077070.jpg;042164.jpg
040742.jpg;109855.jpg;056236.jpg
053942.jpg;079536.jpg;021522.jpg
005455.jpg;112431.jpg;166489.jpg
143738.jpg;104528.jpg;189728.jpg
194986.jpg;194257.jpg;140753.jpg
068952.jpg;107925.jpg;194905.jpg
145549.jpg;152266.jpg;141453.jpg
182852.jpg;195460.jpg;116404.jpg
053395.jpg;113766.jpg;186630.jpg
073966.jpg;141252.jpg;167935.jpg
033190.jpg;083618.jpg;118525.jpg
180472.jpg;181387.jpg;035907.jpg
062494.jpg;109147.jpg;116029.jpg
111975.jpg;018522.jpg;005939.jpg
008892.jpg;039634.jpg;037224.jpg
102917.jpg;114995.jpg;118306.jpg
063448.jpg;151129.jpg;095887.jpg
040428.jpg;060153.jpg;065479.jpg
155955.jpg;027195.jpg;108010.jpg
135887.jpg;136209.jpg;027276.jpg
014179.jpg;103093.jpg;097033.jpg
125260.jpg;098558.jpg;053332.jpg
196185.jpg;183652.jpg;173021.jpg
122386.jpg;005720.jpg;041026.jpg
153888.jpg;071127.jpg;103763.jpg
044159.jpg;022022.jpg;180758.jpg
146837.jpg;134226.jpg;037438.jpg
114476.jpg;058752.jpg;133421.jpg
071122.jpg;088709.jpg;011234.jpg
022857.jpg;141506.jpg;004584.jpg
202080.jpg;183927.jpg;155121.jpg
184184.jpg;190407.jpg;034668.jpg
069735.jpg;036811.jpg;128149.jpg
080437.jpg;090176.jpg;157272.jpg
129843.jpg;085152.jpg;037407.jpg
045217.jpg;133543.jpg;067188.jpg
105527.jpg;073266.jpg;027375.jpg
072057.jpg;138745.jpg;177912.jpg
060300.jpg;161168.jpg;067638.jpg
140791.jpg;007503.jpg;169844.jpg
162909.jpg;169591.jpg;056673.jpg
129928.jpg;106980.jpg;143552.jpg
080082.jpg;099460.jpg;194610.jpg
157230.jpg;002582.jpg;184059.jpg
025288.jpg;143333.jpg;040818.jpg
135852.jpg;033880.jpg;145770.jpg
028199.jpg;030705.jpg;105225.jpg
184846.jpg;200499.jpg;110335.jpg
156416.jpg;159341.jpg;110631.jpg
002537.jpg;060914.jpg;121273.jpg
022410.jpg;018504.jpg;170929.jpg
005660.jpg;043551.jpg;151928.jpg
037287.jpg;154138.jpg;108072.jpg
202152.jpg;197132.jpg;114922.jpg
132805.jpg;002377.jpg;037736.jpg
185851.jpg;200981.jpg;019892.jpg
161374.jpg;121201.jpg;120109.jpg
027372.jpg;056266.jpg;033083.jpg
016836.jpg;022938.jpg;035431.jpg
165709.jpg;182503.jpg;063696.jpg
009135.jpg;029492.jpg;075536.jpg
180660.jpg;164543.jpg;184660.jpg
094460.jpg;056675.jpg;058447.jpg
120402.jpg;025921.jpg;137413.jpg
036370.jpg;088484.jpg;132726.jpg
072864.jpg;160378.jpg;052323.jpg
016980.jpg;074130.jpg;108991.jpg
060866.jpg;162110.jpg;044267.jpg
040658.jpg;088684.jpg;007298.jpg
174022.jpg;172750.jpg;077282.jpg
186810.jpg;194973.jpg;031410.jpg
059809.jpg;097343.jpg;115524.jpg
070464.jpg;158903.jpg;146923.jpg
155934.jpg;019345.jpg;194931.jpg
118872.jpg;134121.jpg;083131.jpg
075882.jpg;153492.jpg;014387.jpg
028405.jpg;013778.jpg;019802.jpg
094328.jpg;078348.jpg;126808.jpg
108567.jpg;012644.jpg;003349.jpg
064155.jpg;123239.jpg;180083.jpg
187481.jpg;200884.jpg;107895.jpg
108399.jpg;131048.jpg;073340.jpg
059138.jpg;091965.jpg;020204.jpg
007346.jpg;020029.jpg;197625.jpg
144950.jpg;053400.jpg;056806.jpg
141990.jpg;068080.jpg;050075.jpg
095684.jpg;011991.jpg;047999.jpg
154334.jpg;066037.jpg;134929.jpg
180773.jpg;181522.jpg;069252.jpg
000580.jpg;097885.jpg;008626.jpg
194749.jpg;199882.jpg;108641.jpg
120537.jpg;108070.jpg;186242.jpg
005749.jpg;133774.jpg;054131.jpg
049403.jpg;117065.jpg;174913.jpg
101553.jpg;076639.jpg;019443.jpg
123291.jpg;106519.jpg;035646.jpg
040421.jpg;089426.jpg;058060.jpg
080209.jpg;000841.jpg;012984.jpg
129838.jpg;005717.jpg;096282.jpg
153361.jpg;012639.jpg;135402.jpg
106211.jpg;098954.jpg;001497.jpg
161675.jpg;058482.jpg;019594.jpg
175436.jpg;178276.jpg;066127.jpg
076300.jpg;120697.jpg;036527.jpg
142720.jpg;077425.jpg;137828.jpg
051534.jpg;076510.jpg;035138.jpg
129188.jpg;150182.jpg;159264.jpg
100996.jpg;133269.jpg;016380.jpg
042245.jpg;131709.jpg;194460.jpg
131373.jpg;158515.jpg;115538.jpg
187585.jpg;200883.jpg;178642.jpg
028422.jpg;031211.jpg;082987.jpg
015195.jpg;149152.jpg;093375.jpg
028573.jpg;047433.jpg;053634.jpg
151156.jpg;062990.jpg;174984.jpg
089370.jpg;089257.jpg;171496.jpg
094058.jpg;046224.jpg;190740.jpg
077753.jpg;045302.jpg;181044.jpg
041479.jpg;086500.jpg;081478.jpg
084552.jpg;015894.jpg;169042.jpg
140931.jpg;148938.jpg;076728.jpg
045468.jpg;146640.jpg;049515.jpg
088617.jpg;048790.jpg;117885.jpg
149144.jpg;069323.jpg;190036.jpg
088014.jpg;006108.jpg;108038.jpg
188024.jpg;186428.jpg;014154.jpg
064769.jpg;080255.jpg;129037.jpg
182060.jpg;176045.jpg;166181.jpg
193732.jpg;194188.jpg;188521.jpg
135590.jpg;062838.jpg;001508.jpg
013733.jpg;159543.jpg;143680.jpg
181029.jpg;176131.jpg;136251.jpg
164312.jpg;172861.jpg;104952.jpg
161735.jpg;079022.jpg;136077.jpg
113176.jpg;117463.jpg;139229.jpg
178163.jpg;166497.jpg;116681.jpg
124573.jpg;115668.jpg;139340.jpg
131801.jpg;036445.jpg;106657.jpg
141440.jpg;052546.jpg;058686.jpg
001374.jpg;014567.jpg;005048.jpg
106937.jpg;053044.jpg;043227.jpg
034718.jpg;130802.jpg;178365.jpg
110685.jpg;070589.jpg;006340.jpg
114316.jpg;084331.jpg;008004.jpg
068281.jpg;118474.jpg;005954.jpg
092272.jpg;011122.jpg;035872.jpg
131069.jpg;072870.jpg;091286.jpg
162095.jpg;034264.jpg;047785.jpg
149484.jpg;029942.jpg;034943.jpg
134999.jpg;052317.jpg;021593.jpg
020103.jpg;065167.jpg;151552.jpg
123443.jpg;093393.jpg;039306.jpg
012027.jpg;148200.jpg;027633.jpg
070686.jpg;033110.jpg;094457.jpg
117790.jpg;143369.jpg;152747.jpg
073961.jpg;076444.jpg;044379.jpg
173167.jpg;164479.jpg;025948.jpg
088788.jpg;157466.jpg;120556.jpg
179266.jpg;166814.jpg;138966.jpg
041943.jpg;103235.jpg;018834.jpg
000799.jpg;153659.jpg;055488.jpg
189455.jpg;192736.jpg;172538.jpg
149816.jpg;080491.jpg;062059.jpg
177512.jpg;181836.jpg;045755.jpg
148071.jpg;160745.jpg;013210.jpg
136931.jpg;067415.jpg;174755.jpg
068832.jpg;076100.jpg;003195.jpg
065731.jpg;108176.jpg;060190.jpg
016478.jpg;056243.jpg;126039.jpg
008392.jpg;141315.jpg;169366.jpg
043063.jpg;154712.jpg;138597.jpg
093456.jpg;109694.jpg;005826.jpg
147752.jpg;142941.jpg;077507.jpg
075353.jpg;103847.jpg;084197.jpg
097834.jpg;093510.jpg;169641.jpg
030790.jpg;035031.jpg;016683.jpg
104561.jpg;037914.jpg;069804.jpg
090078.jpg;100196.jpg;068811.jpg
033716.jpg;147557.jpg;191273.jpg
074193.jpg;158975.jpg;174582.jpg
037472.jpg;054725.jpg;021339.jpg
022187.jpg;145717.jpg;018882.jpg
075366.jpg;095051.jpg;154056.jpg
113018.jpg;092253.jpg;071499.jpg
154399.jpg;043031.jpg;046771.jpg
077420.jpg;058596.jpg;194216.jpg
071813.jpg;023590.jpg;076901.jpg
166535.jpg;163698.jpg;037675.jpg
091074.jpg;031244.jpg;028659.jpg
149435.jpg;062852.jpg;004639.jpg
195671.jpg;187446.jpg;032437.jpg
085757.jpg;104331.jpg;001524.jpg
059262.jpg;160748.jpg;176513.jpg
160250.jpg;042245.jpg;014127.jpg
097996.jpg;151512.jpg;075689.jpg
139880.jpg;102010.jpg;086505.jpg
041926.jpg;032206.jpg;110197.jpg
160885.jpg;042913.jpg;193377.jpg
118175.jpg;123155.jpg;142539.jpg
033882.jpg;011725.jpg;142409.jpg
184647.jpg;195756.jpg;063624.jpg
145946.jpg;008849.jpg;024752.jpg
163394.jpg;168608.jpg;115606.jpg
116725.jpg;079135.jpg;033353.jpg
097061.jpg;021516.jpg;049691.jpg
125593.jpg;151110.jpg;008642.jpg
137662.jpg;030990.jpg;075244.jpg
123724.jpg;058920.jpg;018660.jpg
191622.jpg;198215.jpg;084788.jpg
138612.jpg;062822.jpg;141770.jpg
147930.jpg;089352.jpg;025332.jpg
172504.jpg;169351.jpg;036804.jpg
176555.jpg;163125.jpg;064033.jpg
125519.jpg;108800.jpg;105110.jpg
009111.jpg;080307.jpg;010717.jpg
157875.jpg;079718.jpg;178218.jpg
115938.jpg;081202.jpg;170503.jpg
179933.jpg;175869.jpg;077059.jpg
188615.jpg;198665.jpg;082782.jpg
021826.jpg;031706.jpg;094262.jpg
170859.jpg;181600.jpg;027658.jpg
169724.jpg;173234.jpg;198690.jpg
020562.jpg;121223.jpg;039207.jpg
011132.jpg;060129.jpg;120175.jpg
161138.jpg;099604.jpg;038511.jpg
176219.jpg;174324.jpg;177477.jpg
188228.jpg;186208.jpg;003527.jpg
020230.jpg;073866.jpg;133716.jpg
165505.jpg;180613.jpg;162752.jpg
029705.jpg;025622.jpg;185240.jpg
034001.jpg;099130.jpg;039801.jpg
149597.jpg;110209.jpg;040151.jpg
095373.jpg;104327.jpg;106030.jpg
178791.jpg;163117.jpg;147356.jpg
130805.jpg;138235.jpg;060442.jpg
008015.jpg;015745.jpg;165686.jpg
095205.jpg;081271.jpg;066807.jpg
182841.jpg;184134.jpg;040742.jpg
148339.jpg;111437.jpg;101601.jpg
042573.jpg;158285.jpg;099992.jpg
064471.jpg;159420.jpg;188850.jpg
058675.jpg;160550.jpg;095832.jpg
132058.jpg;088517.jpg;175963.jpg
072446.jpg;054848.jpg;181043.jpg
078785.jpg;111555.jpg;011217.jpg
164551.jpg;167638.jpg;075972.jpg
035721.jpg;004805.jpg;088593.jpg
079078.jpg;038041.jpg;176413.jpg
173833.jpg;174536.jpg;063319.jpg
077953.jpg;153739.jpg;013327.jpg
006873.jpg;094466.jpg;109375.jpg
054801.jpg;003781.jpg;166364.jpg
075660.jpg;029509.jpg;029712.jpg
156696.jpg;147828.jpg;065031.jpg
067699.jpg;028945.jpg;171247.jpg
028534.jpg;123066.jpg;158417.jpg
103243.jpg;156227.jpg;025274.jpg
080314.jpg;124566.jpg;032638.jpg
048056.jpg;049982.jpg;037681.jpg
057751.jpg;065286.jpg;008846.jpg
036182.jpg;111739.jpg;000448.jpg
070482.jpg;013960.jpg;011481.jpg
113248.jpg;019192.jpg;193208.jpg
062978.jpg;098489.jpg;090195.jpg
079234.jpg;099759.jpg;151884.jpg
065231.jpg;065635.jpg;201565.jpg
041594.jpg;031274.jpg;031518.jpg
177033.jpg;182613.jpg;082808.jpg
096419.jpg;016727.jpg;129162.jpg
118140.jpg;028453.jpg;006659.jpg
166050.jpg;173240.jpg;052123.jpg
078786.jpg;132851.jpg;147698.jpg
017326.jpg;060958.jpg;147156.jpg
034105.jpg;014932.jpg;107520.jpg
007005.jpg;043242.jpg;201927.jpg
139553.jpg;003146.jpg;052801.jpg
201225.jpg;195629.jpg;100391.jpg
110399.jpg;084338.jpg;065386.jpg
164468.jpg;177885.jpg;069330.jpg
007359.jpg;004754.jpg;120626.jpg
136771.jpg;141829.jpg;175784.jpg
012565.jpg;085092.jpg;193048.jpg
015873.jpg;080944.jpg;138151.jpg
079142.jpg;107360.jpg;070272.jpg
055880.jpg;108212.jpg;092134.jpg
127852.jpg;013823.jpg;177874.jpg
116090.jpg;034914.jpg;055916.jpg
032209.jpg;085246.jpg;140365.jpg
032816.jpg;034995.jpg;053152.jpg
118644.jpg;041411.jpg;166069.jpg
005420.jpg;140124.jpg;188984.jpg
053900.jpg;010926.jpg;080231.jpg
059175.jpg;018335.jpg;114426.jpg
072746.jpg;045614.jpg;099251.jpg
039133.jpg;032654.jpg;076722.jpg
157226.jpg;112267.jpg;184687.jpg
191962.jpg;189478.jpg;201814.jpg
004818.jpg;036376.jpg;188264.jpg
141695.jpg;087052.jpg;061132.jpg
009067.jpg;112102.jpg;144095.jpg
079356.jpg;110034.jpg;142860.jpg
199871.jpg;200721.jpg;172949.jpg
185698.jpg;184835.jpg;201367.jpg
028376.jpg;127637.jpg;164199.jpg
121733.jpg;106940.jpg;084433.jpg
094637.jpg;091896.jpg;021392.jpg
009625.jpg;026115.jpg;177577.jpg
139596.jpg;019259.jpg;159597.jpg
090579.jpg;011479.jpg;001299.jpg
136229.jpg;087106.jpg;060796.jpg
113567.jpg;160557.jpg;038078.jpg
003345.jpg;074633.jpg;098282.jpg
191801.jpg;199008.jpg;124066.jpg
168436.jpg;162954.jpg;183371.jpg
155260.jpg;091698.jpg;018787.jpg
078917.jpg;101856.jpg;033599.jpg
006242.jpg;091012.jpg;091756.jpg
132187.jpg;117962.jpg;114417.jpg
024961.jpg;096596.jpg;078332.jpg
062448.jpg;024202.jpg;011370.jpg
047227.jpg;139158.jpg;033303.jpg
027330.jpg;143206.jpg;115506.jpg
193770.jpg;186418.jpg;135922.jpg
083790.jpg;050283.jpg;126827.jpg
060089.jpg;021399.jpg;119294.jpg
129958.jpg;116442.jpg;159273.jpg
044981.jpg;010092.jpg;011254.jpg
118979.jpg;031693.jpg;049472.jpg
009211.jpg;061336.jpg;128690.jpg
037177.jpg;052142.jpg;077088.jpg
110706.jpg;157425.jpg;121452.jpg
125546.jpg;097011.jpg;112155.jpg
038537.jpg;082265.jpg;060376.jpg
041865.jpg;119915.jpg;074528.jpg
142466.jpg;067242.jpg;152041.jpg
084924.jpg;093162.jpg;064550.jpg
071755.jpg;069769.jpg;121490.jpg
056009.jpg;097889.jpg;199129.jpg
162976.jpg;167782.jpg;065265.jpg
043212.jpg;091691.jpg;164526.jpg
089236.jpg;086036.jpg;083410.jpg
142588.jpg;064247.jpg;112079.jpg
082794.jpg;114077.jpg;029122.jpg
148764.jpg;094959.jpg;121817.jpg
138101.jpg;121464.jpg;144098.jpg
102180.jpg;099855.jpg;045598.jpg
108282.jpg;005644.jpg;167804.jpg
123690.jpg;142396.jpg;181866.jpg
190465.jpg;190979.jpg;136259.jpg
133129.jpg;029957.jpg;149852.jpg
189010.jpg;191496.jpg;015281.jpg
188741.jpg;199303.jpg;057097.jpg
076152.jpg;121738.jpg;043503.jpg
062781.jpg;137700.jpg;041833.jpg
100604.jpg;158928.jpg;158178.jpg
038461.jpg;025934.jpg;005410.jpg
189602.jpg;195600.jpg;013160.jpg
025420.jpg;070478.jpg;188873.jpg
107419.jpg;057114.jpg;175682.jpg
056556.jpg;089901.jpg;122256.jpg
040525.jpg;134706.jpg;159684.jpg
185486.jpg;200269.jpg;048088.jpg
197087.jpg;192910.jpg;183889.jpg
079179.jpg;090065.jpg;104162.jpg
152088.jpg;003922.jpg;145173.jpg
120573.jpg;019682.jpg;114251.jpg
200667.jpg;186577.jpg;196256.jpg
056430.jpg;072146.jpg;055957.jpg
040621.jpg;033927.jpg;013702.jpg
195961.jpg;190157.jpg;109489.jpg
138481.jpg;004757.jpg;145166.jpg
024575.jpg;040190.jpg;058704.jpg
022836.jpg;024901.jpg;183933.jpg
029101.jpg;114816.jpg;043279.jpg
070205.jpg;127727.jpg;038804.jpg
137962.jpg;012019.jpg;190852.jpg
159584.jpg;021105.jpg;033997.jpg
056361.jpg;121571.jpg;088741.jpg
169333.jpg;165477.jpg;198630.jpg
033588.jpg;089635.jpg;090452.jpg
086118.jpg;139239.jpg;018289.jpg
009202.jpg;039428.jpg;063884.jpg
037421.jpg;116332.jpg;074940.jpg
069232.jpg;065835.jpg;160912.jpg
025043.jpg;117049.jpg;095155.jpg
030048.jpg;034741.jpg;100456.jpg
110381.jpg;000243.jpg;011254.jpg
028399.jpg;098503.jpg;149980.jpg
194829.jpg;196120.jpg;015485.jpg
029774.jpg;007622.jpg;167648.jpg
069287.jpg;085715.jpg;180552.jpg
075692.jpg;110151.jpg;180162.jpg
118603.jpg;012673.jpg;162356.jpg
115918.jpg;029599.jpg;028638.jpg
012383.jpg;066231.jpg;121289.jpg
119334.jpg;079776.jpg;124766.jpg
022053.jpg;121079.jpg;096839.jpg
057226.jpg;116223.jpg;050788.jpg
000016.jpg;144280.jpg;017065.jpg
007087.jpg;061658.jpg;112173.jpg
036592.jpg;135905.jpg;092198.jpg
018026.jpg;094778.jpg;023881.jpg
074666.jpg;105165.jpg;108976.jpg
134500.jpg;020586.jpg;003440.jpg
095195.jpg;043386.jpg;158559.jpg
000788.jpg;080190.jpg;194761.jpg
022894.jpg;026852.jpg;081929.jpg
048523.jpg;097585.jpg;075580.jpg
113948.jpg;002981.jpg;100915.jpg
157363.jpg;002007.jpg;200090.jpg
101610.jpg;054608.jpg;104542.jpg
187009.jpg;190505.jpg;113858.jpg
161015.jpg;052169.jpg;132537.jpg
110854.jpg;019833.jpg;010803.jpg
038207.jpg;030763.jpg;194022.jpg
004683.jpg;104637.jpg;072445.jpg
124226.jpg;090108.jpg;004262.jpg
179874.jpg;172065.jpg;132621.jpg
053716.jpg;128230.jpg;072897.jpg
103683.jpg;120377.jpg;189291.jpg
044075.jpg;088190.jpg;025159.jpg
039853.jpg;049685.jpg;170460.jpg
023978.jpg;161795.jpg;115053.jpg
135640.jpg;072484.jpg;030420.jpg
129527.jpg;090024.jpg;196442.jpg
025516.jpg;055125.jpg;055489.jpg
173155.jpg;172892.jpg;062080.jpg
187934.jpg;188066.jpg;166850.jpg
041316.jpg;149638.jpg;013991.jpg
151887.jpg;060607.jpg;105194.jpg
112856.jpg;029476.jpg;023453.jpg
083619.jpg;076500.jpg;114353.jpg
138707.jpg;018791.jpg;084860.jpg
128231.jpg;155843.jpg;176604.jpg
124640.jpg;139182.jpg;176748.jpg
063406.jpg;029783.jpg;034816.jpg
046637.jpg;022906.jpg;086024.jpg
176370.jpg;175573.jpg;061925.jpg
100942.jpg;152849.jpg;091355.jpg
154186.jpg;007542.jpg;066475.jpg
044010.jpg;052999.jpg;087313.jpg
180818.jpg;165696.jpg;090658.jpg
181669.jpg;182176.jpg;166085.jpg
162897.jpg;179949.jpg;166148.jpg
038383.jpg;116795.jpg;155483.jpg
101123.jpg;155740.jpg;056138.jpg
101081.jpg;161708.jpg;192847.jpg
061018.jpg;103381.jpg;161750.jpg
060058.jpg;037481.jpg;080941.jpg
166329.jpg;168592.jpg;056407.jpg
011381.jpg;103310.jpg;185714.jpg
193667.jpg;202490.jpg;148505.jpg
178795.jpg;180897.jpg;195938.jpg
132560.jpg;141901.jpg;169199.jpg
056640.jpg;067528.jpg;114138.jpg
102810.jpg;087125.jpg;059135.jpg
009601.jpg;153999.jpg;002556.jpg
122712.jpg;045858.jpg;095271.jpg
024175.jpg;161764.jpg;006718.jpg
150866.jpg;142373.jpg;072577.jpg
060187.jpg;057628.jpg;026480.jpg
017818.jpg;132705.jpg;060692.jpg
164992.jpg;170920.jpg;074276.jpg
104506.jpg;134773.jpg;141360.jpg
027132.jpg;021362.jpg;179159.jpg
034422.jpg;073731.jpg;094159.jpg
128863.jpg;095471.jpg;067691.jpg
118351.jpg;048853.jpg;051684.jpg
110352.jpg;045830.jpg;161216.jpg
046243.jpg;078847.jpg;030385.jpg
150399.jpg;051710.jpg;199329.jpg
120728.jpg;041733.jpg;010565.jpg
174265.jpg;167327.jpg;141181.jpg
153094.jpg;065389.jpg;112055.jpg
117745.jpg;071593.jpg;141099.jpg
020585.jpg;035210.jpg;105766.jpg
148624.jpg;085861.jpg;087928.jpg
134977.jpg;154380.jpg;012072.jpg
168442.jpg;165656.jpg;197113.jpg
115566.jpg;153188.jpg;174226.jpg
164583.jpg;163014.jpg;062541.jpg
041024.jpg;033312.jpg;199124.jpg
106018.jpg;111907.jpg;082206.jpg
162147.jpg;061011.jpg;117475.jpg
141043.jpg;073601.jpg;022425.jpg
202114.jpg;199593.jpg;151118.jpg
149630.jpg;115756.jpg;200747.jpg
171731.jpg;170826.jpg;109769.jpg
108296.jpg;043131.jpg;072529.jpg
002438.jpg;012165.jpg;082336.jpg
136086.jpg;057316.jpg;072655.jpg
182632.jpg;181740.jpg;031075.jpg
202210.jpg;201672.jpg;063618.jpg
195184.jpg;183167.jpg;068511.jpg
027540.jpg;131204.jpg;041677.jpg
054912.jpg;070424.jpg;119077.jpg
072474.jpg;054927.jpg;175958.jpg
118661.jpg;115424.jpg;126446.jpg
008489.jpg;016731.jpg;137492.jpg
047889.jpg;161133.jpg;153270.jpg
137589.jpg;038676.jpg;005798.jpg
096130.jpg;050038.jpg;175569.jpg
006357.jpg;091900.jpg;019623.jpg
196468.jpg;194542.jpg;061546.jpg
118848.jpg;047888.jpg;023477.jpg
077285.jpg;092342.jpg;126525.jpg
164126.jpg;167324.jpg;044139.jpg
001632.jpg;037794.jpg;159661.jpg
101085.jpg;030688.jpg;092251.jpg
066966.jpg;016936.jpg;142303.jpg
137960.jpg;047221.jpg;149703.jpg
015874.jpg;027197.jpg;091572.jpg
124987.jpg;091660.jpg;034087.jpg
069233.jpg;066415.jpg;055190.jpg
041819.jpg;106987.jpg;096049.jpg
170745.jpg;164626.jpg;163229.jpg
063475.jpg;148659.jpg;004258.jpg
156193.jpg;082194.jpg;167540.jpg
124524.jpg;157772.jpg;054930.jpg
164594.jpg;173771.jpg;158122.jpg
193002.jpg;201848.jpg;036132.jpg
026122.jpg;046197.jpg;000889.jpg
077641.jpg;108985.jpg;082118.jpg
141290.jpg;125573.jpg;038865.jpg
136770.jpg;158511.jpg;064594.jpg
184360.jpg;197801.jpg;179095.jpg
054981.jpg;074611.jpg;081168.jpg
051102.jpg;054695.jpg;056204.jpg
038081.jpg;039019.jpg;087165.jpg
083014.jpg;016556.jpg;144042.jpg
102354.jpg;010559.jpg;059461.jpg
169882.jpg;167659.jpg;102126.jpg
114447.jpg;089889.jpg;033202.jpg
014960.jpg;112971.jpg;161648.jpg
166461.jpg;177343.jpg;179847.jpg
165157.jpg;165957.jpg;120473.jpg
085608.jpg;087548.jpg;129181.jpg
149332.jpg;005572.jpg;053079.jpg
143709.jpg;063337.jpg;006157.jpg
145935.jpg;147865.jpg;023497.jpg
141073.jpg;086668.jpg;162562.jpg
051365.jpg;055971.jpg;090379.jpg
194756.jpg;202229.jpg;070481.jpg
024307.jpg;130558.jpg;071788.jpg
164976.jpg;181887.jpg;000645.jpg
016843.jpg;097700.jpg;156836.jpg
173969.jpg;167233.jpg;031995.jpg
029574.jpg;079395.jpg;046544.jpg
122981.jpg;098767.jpg;004962.jpg
028020.jpg;096758.jpg;078940.jpg
000275.jpg;124898.jpg;036451.jpg
104239.jpg;001106.jpg;026875.jpg
170448.jpg;176644.jpg;097675.jpg
177478.jpg;164530.jpg;094864.jpg
032839.jpg;065686.jpg;124468.jpg
182703.jpg;200177.jpg;005926.jpg
144547.jpg;130286.jpg;088171.jpg
122608.jpg;131703.jpg;039971.jpg
051187.jpg;090664.jpg;044362.jpg
047225.jpg;021538.jpg;169627.jpg
138045.jpg;016869.jpg;115380.jpg
092828.jpg;058409.jpg;047574.jpg
024253.jpg;013491.jpg;039024.jpg
173806.jpg;171211.jpg;048481.jpg
025830.jpg;034263.jpg;152129.jpg
070903.jpg;003348.jpg;142736.jpg
004175.jpg;011900.jpg;175636.jpg
002119.jpg;062621.jpg;148032.jpg
195201.jpg;187898.jpg;179880.jpg
141047.jpg;078186.jpg;060220.jpg
016763.jpg;141921.jpg;054012.jpg
050463.jpg;006322.jpg;102606.jpg
149723.jpg;133546.jpg;148968.jpg
153215.jpg;050133.jpg;201263.jpg
112022.jpg;081691.jpg;178311.jpg
026483.jpg;069541.jpg;026500.jpg
038942.jpg;132036.jpg;083728.jpg
005574.jpg;123773.jpg;095536.jpg
161065.jpg;154254.jpg;133082.jpg
019371.jpg;038464.jpg;037208.jpg
127983.jpg;048074.jpg;160540.jpg
078472.jpg;068826.jpg;016759.jpg
188124.jpg;185800.jpg;193025.jpg
018542.jpg;160874.jpg;022007.jpg
040923.jpg;096101.jpg;178623.jpg
188364.jpg;199396.jpg;079895.jpg
149019.jpg;056869.jpg;079689.jpg
091077.jpg;027830.jpg;142434.jpg
036029.jpg;067899.jpg;002810.jpg
052744.jpg;043014.jpg;182582.jpg
180627.jpg;166541.jpg;112242.jpg
045587.jpg;121152.jpg;021541.jpg
033325.jpg;084400.jpg;069297.jpg
154756.jpg;021819.jpg;076084.jpg
097975.jpg;031971.jpg;016378.jpg
082973.jpg;027893.jpg;001797.jpg
025031.jpg;136809.jpg;089361.jpg
102480.jpg;038335.jpg;191731.jpg
177874.jpg;173409.jpg;016498.jpg
043687.jpg;108557.jpg;107876.jpg
035709.jpg;001907.jpg;066856.jpg
067713.jpg;147052.jpg;182754.jpg
199637.jpg;187646.jpg;013951.jpg
168159.jpg;168638.jpg;121182.jpg
025652.jpg;142117.jpg;074869.jpg
140802.jpg;052284.jpg;148195.jpg
111259.jpg;075045.jpg;169148.jpg
050320.jpg;121490.jpg;141609.jpg
008382.jpg;091524.jpg;002000.jpg
070682.jpg;123429.jpg;048411.jpg
027049.jpg;075223.jpg;050798.jpg
075863.jpg;135657.jpg;161724.jpg
194348.jpg;188930.jpg;017420.jpg
048849.jpg;118278.jpg;188618.jpg
182374.jpg;164085.jpg;162566.jpg
037864.jpg;035971.jpg;196405.jpg
104076.jpg;096307.jpg;178714.jpg
033688.jpg;014238.jpg;035746.jpg
039680.jpg;049227.jpg;162511.jpg
068774.jpg;118197.jpg;049946.jpg
016458.jpg;033937.jpg;021339.jpg
202021.jpg;201072.jpg;051599.jpg
119917.jpg;022720.jpg;185617.jpg
015704.jpg;141400.jpg;044810.jpg
189675.jpg;191978.jpg;037895.jpg
004517.jpg;026595.jpg;176201.jpg
126745.jpg;152476.jpg;127219.jpg
003883.jpg;126340.jpg;199197.jpg
202253.jpg;199805.jpg;173336.jpg
118826.jpg;093891.jpg;166519.jpg
122681.jpg;008099.jpg;183823.jpg
100565.jpg;088041.jpg;086072.jpg
121720.jpg;071257.jpg;156621.jpg
118259.jpg;157960.jpg;149838.jpg
146557.jpg;145138.jpg;110164.jpg
011754.jpg;160196.jpg;060205.jpg
189210.jpg;187187.jpg;027919.jpg
151814.jpg;160971.jpg;055249.jpg
006145.jpg;008292.jpg;038904.jpg
146896.jpg;017872.jpg;187747.jpg
054149.jpg;060849.jpg;085584.jpg
151681.jpg;146701.jpg;075795.jpg
152811.jpg;094834.jpg;201964.jpg
056827.jpg;137234.jpg;167908.jpg
093601.jpg;095039.jpg;176104.jpg
179324.jpg;174840.jpg;156491.jpg
146311.jpg;092337.jpg;071635.jpg
165546.jpg;176302.jpg;089781.jpg
176386.jpg;178960.jpg;018595.jpg
073482.jpg;016790.jpg;190727.jpg
053800.jpg;021217.jpg;040579.jpg
164590.jpg;168631.jpg;100800.jpg
198795.jpg;197340.jpg;004800.jpg
070153.jpg;008075.jpg;174767.jpg
078803.jpg;048562.jpg;134873.jpg
066453.jpg;005849.jpg;077537.jpg
028744.jpg;149596.jpg;044043.jpg
098929.jpg;027145.jpg;053641.jpg
178875.jpg;167202.jpg;088564.jpg
015052.jpg;055323.jpg;187511.jpg
069522.jpg;143740.jpg;177987.jpg
151218.jpg;028189.jpg;134354.jpg
076923.jpg;101749.jpg;158597.jpg
180056.jpg;173056.jpg;154779.jpg
015318.jpg;139367.jpg;193330.jpg
147575.jpg;054624.jpg;128691.jpg
181358.jpg;174365.jpg;040566.jpg
049669.jpg;128917.jpg;097280.jpg
018553.jpg;042442.jpg;017180.jpg
076224.jpg;112837.jpg;128710.jpg
067588.jpg;055782.jpg;148736.jpg
070237.jpg;135199.jpg;164356.jpg
183153.jpg;200847.jpg;140097.jpg
144389.jpg;043244.jpg;151475.jpg
159210.jpg;075120.jpg;100264.jpg
042109.jpg;009645.jpg;095359.jpg
110965.jpg;045231.jpg;079758.jpg
119027.jpg;005517.jpg;165826.jpg
084775.jpg;138850.jpg;072764.jpg
034313.jpg;138104.jpg;115738.jpg
044027.jpg;036850.jpg;042852.jpg
156375.jpg;085842.jpg;182291.jpg
062115.jpg;105824.jpg;198757.jpg
144508.jpg;157744.jpg;175268.jpg
114550.jpg;025550.jpg;142463.jpg
065230.jpg;004533.jpg;025635.jpg
024953.jpg;132727.jpg;164134.jpg
138437.jpg;137952.jpg;166283.jpg
030769.jpg;016920.jpg;082358.jpg
170305.jpg;169994.jpg;101739.jpg
088011.jpg;065531.jpg;035195.jpg
108562.jpg;024947.jpg;083379.jpg
049796.jpg;157614.jpg;086027.jpg
102148.jpg;151461.jpg;144040.jpg
146298.jpg;001602.jpg;153924.jpg
191006.jpg;191007.jpg;086245.jpg
142951.jpg;150363.jpg;122495.jpg
165564.jpg;175089.jpg;161579.jpg
004780.jpg;085203.jpg;184457.jpg
053068.jpg;145706.jpg;055533.jpg
098496.jpg;004753.jpg;129338.jpg
024108.jpg;009851.jpg;146789.jpg
181643.jpg;168383.jpg;158433.jpg
155084.jpg;042465.jpg;020909.jpg
193768.jpg;202144.jpg;004581.jpg
053596.jpg;095447.jpg;013143.jpg
172288.jpg;178094.jpg;000571.jpg
051944.jpg;042248.jpg;165091.jpg
117446.jpg;043737.jpg;165862.jpg
080980.jpg;098259.jpg;102122.jpg
004915.jpg;146647.jpg;131304.jpg
134149.jpg;122361.jpg;150634.jpg
089706.jpg;006444.jpg;145432.jpg
180033.jpg;180607.jpg;052050.jpg
129197.jpg;070714.jpg;182008.jpg
149569.jpg;072513.jpg;051248.jpg
185453.jpg;196975.jpg;020305.jpg
146387.jpg;113829.jpg;084975.jpg
130342.jpg;055395.jpg;123822.jpg
064275.jpg;048760.jpg;145379.jpg
019651.jpg;020705.jpg;090552.jpg
053275.jpg;073569.jpg;127020.jpg
177423.jpg;182195.jpg;199600.jpg
015631.jpg;038783.jpg;187128.jpg
002739.jpg;029446.jpg;014144.jpg
144762.jpg;138382.jpg;091414.jpg
117395.jpg;028876.jpg;045425.jpg
000666.jpg;077790.jpg;096388.jpg
100591.jpg;076691.jpg;030938.jpg
075607.jpg;112520.jpg;069138.jpg
152655.jpg;024101.jpg;037508.jpg
147679.jpg;086167.jpg;132744.jpg
020242.jpg;142193.jpg;129573.jpg
088825.jpg;087651.jpg;202081.jpg
074116.jpg;068027.jpg;054526.jpg
041289.jpg;082433.jpg;122259.jpg
188391.jpg;194814.jpg;028553.jpg
098997.jpg;022523.jpg;108307.jpg
136221.jpg;065316.jpg;142579.jpg
116498.jpg;029829.jpg;024043.jpg
010576.jpg;041884.jpg;029717.jpg
126369.jpg;128555.jpg;113254.jpg
164572.jpg;173733.jpg;120726.jpg
142495.jpg;160934.jpg;156831.jpg
112349.jpg;064902.jpg;143542.jpg
025975.jpg;067996.jpg;091537.jpg
006272.jpg;061845.jpg;035268.jpg
125978.jpg;064615.jpg;028710.jpg
025534.jpg;129971.jpg;200486.jpg
120920.jpg;123120.jpg;104710.jpg
167663.jpg;181140.jpg;065720.jpg
100730.jpg;060684.jpg;130320.jpg
186732.jpg;182993.jpg;068590.jpg
059621.jpg;051184.jpg;173622.jpg
009298.jpg;139366.jpg;165021.jpg
161287.jpg;031040.jpg;106795.jpg
028256.jpg;072283.jpg;004276.jpg
143244.jpg;118735.jpg;033298.jpg
004506.jpg;112544.jpg;176712.jpg
043902.jpg;004061.jpg;097982.jpg
189130.jpg;197252.jpg;079268.jpg
112894.jpg;137104.jpg;067091.jpg
100957.jpg;117020.jpg;041933.jpg
022179.jpg;068982.jpg;043059.jpg
013094.jpg;156908.jpg;158331.jpg
159092.jpg;143174.jpg;098171.jpg
017135.jpg;070747.jpg;161826.jpg
145126.jpg;043070.jpg;178669.jpg
006307.jpg;035159.jpg;027431.jpg
013743.jpg;129570.jpg;170299.jpg
079806.jpg;003375.jpg;188765.jpg
052596.jpg;047155.jpg;120952.jpg
193086.jpg;200390.jpg;040729.jpg
050439.jpg;027137.jpg;047369.jpg
176732.jpg;167524.jpg;046478.jpg
184979.jpg;198546.jpg;169860.jpg
140890.jpg;112241.jpg;119860.jpg
045925.jpg;157726.jpg;188816.jpg
146463.jpg;064137.jpg;150106.jpg
154467.jpg;141302.jpg;113381.jpg
068128.jpg;041822.jpg;089586.jpg
167153.jpg;167877.jpg;195133.jpg
097918.jpg;133097.jpg;043678.jpg
160386.jpg;126095.jpg;103133.jpg
048246.jpg;139958.jpg;099556.jpg
074647.jpg;011169.jpg;066028.jpg
053107.jpg;113031.jpg;048262.jpg
059019.jpg;024153.jpg;068965.jpg
115279.jpg;068285.jpg;027765.jpg
128472.jpg;057461.jpg;124180.jpg
159346.jpg;043300.jpg;135689.jpg
004850.jpg;097724.jpg;024330.jpg
078900.jpg;017748.jpg;077667.jpg
112016.jpg;058567.jpg;175559.jpg
201007.jpg;190478.jpg;007190.jpg
041493.jpg;000324.jpg;189260.jpg
059118.jpg;107940.jpg;025878.jpg
115354.jpg;058417.jpg;146803.jpg
040428.jpg;076712.jpg;065479.jpg
098078.jpg;049759.jpg;072463.jpg
163215.jpg;168644.jpg;047737.jpg
108533.jpg;132047.jpg;191847.jpg
031478.jpg;052999.jpg;032859.jpg
010013.jpg;107166.jpg;097284.jpg
082205.jpg;006561.jpg;096037.jpg
044473.jpg;079148.jpg;047790.jpg
080113.jpg;105829.jpg;156719.jpg
081580.jpg;101848.jpg;171445.jpg
082450.jpg;071412.jpg;048831.jpg
168866.jpg;178391.jpg;069877.jpg
104137.jpg;160824.jpg;195435.jpg
139719.jpg;149138.jpg;141780.jpg
153177.jpg;146709.jpg;152577.jpg
189354.jpg;183046.jpg;021149.jpg
173067.jpg;168813.jpg;040381.jpg
063610.jpg;050960.jpg;180954.jpg
149995.jpg;015656.jpg;141275.jpg
156161.jpg;076468.jpg;197309.jpg
147756.jpg;064189.jpg;027148.jpg
171687.jpg;176853.jpg;076684.jpg
014534.jpg;106959.jpg;201444.jpg
109455.jpg;096673.jpg;034075.jpg
012759.jpg;027278.jpg;168067.jpg
041549.jpg;060516.jpg;129241.jpg
025274.jpg;049499.jpg;194764.jpg
178623.jpg;181856.jpg;013880.jpg
188483.jpg;201370.jpg;144076.jpg
042337.jpg;147352.jpg;011531.jpg
045223.jpg;046592.jpg;023404.jpg
173600.jpg;170072.jpg;075177.jpg
100438.jpg;080455.jpg;139907.jpg
046531.jpg;066946.jpg;186856.jpg
144303.jpg;083987.jpg;067992.jpg
200689.jpg;199511.jpg;065026.jpg
141774.jpg;049144.jpg;012035.jpg
057489.jpg;039635.jpg;014598.jpg
098355.jpg;066963.jpg;052761.jpg
151482.jpg;065183.jpg;178146.jpg
174068.jpg;177305.jpg;051022.jpg
171661.jpg;177190.jpg;035545.jpg
164729.jpg;172267.jpg;075390.jpg
115000.jpg;089085.jpg;106345.jpg
056037.jpg;014614.jpg;196311.jpg
092372.jpg;075455.jpg;083808.jpg
081135.jpg;017377.jpg;067702.jpg
008512.jpg;155019.jpg;112952.jpg
054461.jpg;131013.jpg;152535.jpg
183156.jpg;189592.jpg;078775.jpg
036513.jpg;018788.jpg;060840.jpg
007387.jpg;018768.jpg;092265.jpg
193848.jpg;184123.jpg;152605.jpg
015184.jpg;107539.jpg;181751.jpg
078616.jpg;153752.jpg;024566.jpg
075373.jpg;074288.jpg;047519.jpg
045932.jpg;154987.jpg;022277.jpg
133110.jpg;084013.jpg;142390.jpg
122692.jpg;075016.jpg;121886.jpg
069717.jpg;137006.jpg;041920.jpg
010838.jpg;076704.jpg;055534.jpg
061060.jpg;057757.jpg;090350.jpg
153972.jpg;009916.jpg;060607.jpg
063890.jpg;146438.jpg;147975.jpg
045934.jpg;162304.jpg;069403.jpg
177148.jpg;172733.jpg;186513.jpg
066956.jpg;032602.jpg;057763.jpg
148873.jpg;015762.jpg;101594.jpg
096514.jpg;086536.jpg;091212.jpg
128212.jpg;028056.jpg;006370.jpg
141204.jpg;014944.jpg;022280.jpg
186405.jpg;191243.jpg;058318.jpg
045846.jpg;158451.jpg;148478.jpg
049639.jpg;148801.jpg;060742.jpg
063989.jpg;003825.jpg;199760.jpg
092229.jpg;013587.jpg;006387.jpg
108511.jpg;082153.jpg;141775.jpg
138627.jpg;061936.jpg;068430.jpg
004023.jpg;044195.jpg;026258.jpg
187822.jpg;192660.jpg;005834.jpg
122828.jpg;161922.jpg;055086.jpg
119473.jpg;024788.jpg;123879.jpg
078034.jpg;129960.jpg;064548.jpg
019676.jpg;092119.jpg;159281.jpg
138318.jpg;162728.jpg;187328.jpg
151816.jpg;100132.jpg;200964.jpg
014548.jpg;102810.jpg;169876.jpg
190462.jpg;182719.jpg;007679.jpg
071882.jpg;042370.jpg;190632.jpg
192208.jpg;199101.jpg;187973.jpg
079077.jpg;103544.jpg;133295.jpg
043730.jpg;102288.jpg;100294.jpg
135190.jpg;130533.jpg;083720.jpg
166066.jpg;180514.jpg;158611.jpg
071997.jpg;041286.jpg;197394.jpg
003773.jpg;019921.jpg;171259.jpg
004654.jpg;068468.jpg;073032.jpg
151248.jpg;162440.jpg;195457.jpg
164698.jpg;165370.jpg;015379.jpg
131780.jpg;000608.jpg;146434.jpg
082497.jpg;060759.jpg;172350.jpg
058525.jpg;003634.jpg;037700.jpg
121225.jpg;151661.jpg;056042.jpg
146496.jpg;033229.jpg;019005.jpg
086311.jpg;091686.jpg;155119.jpg
096803.jpg;149887.jpg;106014.jpg
140098.jpg;084315.jpg;122331.jpg
036093.jpg;112494.jpg;002296.jpg
108481.jpg;035654.jpg;073727.jpg
150228.jpg;130228.jpg;143811.jpg
157178.jpg;147797.jpg;090872.jpg
161969.jpg;017673.jpg;189922.jpg
145978.jpg;105564.jpg;044194.jpg
128342.jpg;064588.jpg;099430.jpg
170842.jpg;169041.jpg;034762.jpg
100064.jpg;027576.jpg;065066.jpg
036749.jpg;077548.jpg;155062.jpg
101977.jpg;156867.jpg;062883.jpg
144416.jpg;042357.jpg;039388.jpg
024201.jpg;030189.jpg;094810.jpg
124927.jpg;047789.jpg;063969.jpg
069184.jpg;091492.jpg;184180.jpg
082793.jpg;135204.jpg;097658.jpg
177706.jpg;179006.jpg;033984.jpg
198962.jpg;185482.jpg;055777.jpg
021228.jpg;027389.jpg;097855.jpg
196600.jpg;199413.jpg;017688.jpg
010685.jpg;020404.jpg;030364.jpg
126482.jpg;071828.jpg;197990.jpg
032119.jpg;104388.jpg;045985.jpg
010149.jpg;058343.jpg;098459.jpg
033031.jpg;115809.jpg;093574.jpg
058894.jpg;127721.jpg;179691.jpg
060180.jpg;103901.jpg;068443.jpg
051605.jpg;074597.jpg;006204.jpg
086168.jpg;116379.jpg;100000.jpg
136616.jpg;091811.jpg;189438.jpg
157691.jpg;085907.jpg;160621.jpg
135469.jpg;015773.jpg;070040.jpg
171064.jpg;176749.jpg;109025.jpg
196009.jpg;201351.jpg;172967.jpg
082312.jpg;152853.jpg;079962.jpg
057651.jpg;018067.jpg;175257.jpg
059627.jpg;037590.jpg;178366.jpg
107646.jpg;153174.jpg;042057.jpg
116965.jpg;140425.jpg;110858.jpg
042574.jpg;117345.jpg;014521.jpg
062753.jpg;161806.jpg;058378.jpg
080926.jpg;042196.jpg;155894.jpg
077623.jpg;078678.jpg;014200.jpg
195405.jpg;202380.jpg;011633.jpg
165562.jpg;163253.jpg;063244.jpg
114121.jpg;056526.jpg;133673.jpg
170724.jpg;175846.jpg;146571.jpg
120899.jpg;158488.jpg;012591.jpg
136710.jpg;160943.jpg;167678.jpg
190935.jpg;188726.jpg;186177.jpg
083817.jpg;058877.jpg;030880.jpg
025468.jpg;039220.jpg;009799.jpg
151389.jpg;072314.jpg;162270.jpg
061769.jpg;143512.jpg;006765.jpg
087769.jpg;058228.jpg;076980.jpg
077812.jpg;109400.jpg;072498.jpg
065434.jpg;024585.jpg;030593.jpg
153130.jpg;044826.jpg;183919.jpg
044348.jpg;058858.jpg;151311.jpg
105437.jpg;002187.jpg;090888.jpg
067931.jpg;036602.jpg;062610.jpg
143849.jpg;043993.jpg;103843.jpg
066063.jpg;118769.jpg;102850.jpg
043575.jpg;102329.jpg;170287.jpg
103115.jpg;160236.jpg;096824.jpg
057642.jpg;101901.jpg;069477.jpg
136871.jpg;121294.jpg;110195.jpg
141549.jpg;122663.jpg;164070.jpg
090305.jpg;056840.jpg;167455.jpg
118298.jpg;091893.jpg;141001.jpg
109662.jpg;033209.jpg;096984.jpg
021904.jpg;038554.jpg;000890.jpg
066007.jpg;118714.jpg;195719.jpg
138845.jpg;013185.jpg;041866.jpg
194305.jpg;184360.jpg;100743.jpg
138763.jpg;098719.jpg;119800.jpg
138736.jpg;149285.jpg;003756.jpg
070233.jpg;097961.jpg;161986.jpg
056548.jpg;148197.jpg;029171.jpg
010783.jpg;035443.jpg;034275.jpg
022221.jpg;151159.jpg;198587.jpg
152218.jpg;104243.jpg;189916.jpg
145891.jpg;033241.jpg;087752.jpg
096560.jpg;047046.jpg;143354.jpg
072044.jpg;030140.jpg;112484.jpg
168142.jpg;163893.jpg;069893.jpg
197829.jpg;195106.jpg;096754.jpg
116145.jpg;077402.jpg;034611.jpg
116810.jpg;153196.jpg;188658.jpg
041667.jpg;161940.jpg;140102.jpg
179698.jpg;170461.jpg;188259.jpg
050585.jpg;083540.jpg;099544.jpg
070196.jpg;131735.jpg;065555.jpg
107195.jpg;091565.jpg;119665.jpg
103458.jpg;106507.jpg;101729.jpg
083231.jpg;027659.jpg;092281.jpg
051166.jpg;099511.jpg;018175.jpg
154047.jpg;095292.jpg;129550.jpg
033642.jpg;140350.jpg;092091.jpg
021118.jpg;114230.jpg;082548.jpg
144506.jpg;112288.jpg;081994.jpg
082111.jpg;052863.jpg;088510.jpg
090843.jpg;086156.jpg;161851.jpg
006868.jpg;151630.jpg;197821.jpg
053186.jpg;066453.jpg;061932.jpg
021290.jpg;160352.jpg;120749.jpg
118180.jpg;053455.jpg;188283.jpg
054010.jpg;064656.jpg;111436.jpg
024819.jpg;141555.jpg;047546.jpg
095023.jpg;123055.jpg;178520.jpg
058956.jpg;051734.jpg;072406.jpg
100203.jpg;145134.jpg;139058.jpg
005868.jpg;030008.jpg;125361.jpg
096541.jpg;144987.jpg;097265.jpg
132748.jpg;114252.jpg;090652.jpg
185070.jpg;190166.jpg;007948.jpg
015866.jpg;145554.jpg;142151.jpg
025759.jpg;046233.jpg;186933.jpg
078448.jpg;069296.jpg;002424.jpg
083164.jpg;104249.jpg;088151.jpg
176012.jpg;175620.jpg;095026.jpg
071706.jpg;053356.jpg;085986.jpg
185706.jpg;188790.jpg;130914.jpg
179524.jpg;174224.jpg;192113.jpg
153282.jpg;159971.jpg;010852.jpg
195803.jpg;184353.jpg;076907.jpg
046098.jpg;138814.jpg;196318.jpg
134906.jpg;139492.jpg;011803.jpg
156207.jpg;087246.jpg;173812.jpg
004322.jpg;068503.jpg;121658.jpg
087057.jpg;021201.jpg;108586.jpg
110905.jpg;008208.jpg;085792.jpg
189520.jpg;193474.jpg;138397.jpg
057554.jpg;096986.jpg;019792.jpg
043602.jpg;050374.jpg;004400.jpg
140132.jpg;015675.jpg;116134.jpg
181922.jpg;173638.jpg;052384.jpg
137295.jpg;057836.jpg;130642.jpg
154421.jpg;040740.jpg;032031.jpg
133210.jpg;078898.jpg;106700.jpg
130035.jpg;044694.jpg;055182.jpg
098820.jpg;030785.jpg;135032.jpg
072755.jpg;033213.jpg;052702.jpg
090893.jpg;138414.jpg;043121.jpg
165912.jpg;175563.jpg;046187.jpg
035034.jpg;109243.jpg;084989.jpg
192940.jpg;183485.jpg;074127.jpg
048744.jpg;068914.jpg;077498.jpg
156362.jpg;152094.jpg;082353.jpg
133425.jpg;047312.jpg;159498.jpg
093742.jpg;149788.jpg;125324.jpg
159899.jpg;048777.jpg;159018.jpg
184498.jpg;200738.jpg;050346.jpg
036285.jpg;156331.jpg;103026.jpg
070854.jpg;047232.jpg;095266.jpg
129026.jpg;037593.jpg;003376.jpg
104820.jpg;055307.jpg;142773.jpg
006816.jpg;119324.jpg;096428.jpg
174425.jpg;180281.jpg;094416.jpg
161682.jpg;091951.jpg;065127.jpg
160375.jpg;008207.jpg;132977.jpg
066872.jpg;079923.jpg;054275.jpg
151386.jpg;078737.jpg;104098.jpg
078728.jpg;074525.jpg;174838.jpg
038138.jpg;116831.jpg;196471.jpg
081786.jpg;098907.jpg;200619.jpg
060752.jpg;096744.jpg;012659.jpg
195180.jpg;200991.jpg;053011.jpg
144942.jpg;100078.jpg;007564.jpg
198107.jpg;199375.jpg;159047.jpg
059796.jpg;146425.jpg;097124.jpg
046684.jpg;127621.jpg;107856.jpg
058092.jpg;082655.jpg;059013.jpg
007226.jpg;050325.jpg;152610.jpg
015909.jpg;082914.jpg;079094.jpg
142972.jpg;070560.jpg;051817.jpg
117262.jpg;038272.jpg;079001.jpg
092735.jpg;145692.jpg;023652.jpg
031182.jpg;077768.jpg;174758.jpg
036739.jpg;151834.jpg;132008.jpg
077158.jpg;006569.jpg;195853.jpg
020227.jpg;026941.jpg;003321.jpg
083352.jpg;128744.jpg;065323.jpg
039479.jpg;058362.jpg;155005.jpg
113908.jpg;064634.jpg;044662.jpg
178879.jpg;173872.jpg;042470.jpg
045001.jpg;075014.jpg;200261.jpg
164510.jpg;167451.jpg;188662.jpg
068145.jpg;157920.jpg;035948.jpg
121748.jpg;069665.jpg;075261.jpg
171801.jpg;174468.jpg;023857.jpg
042503.jpg;156848.jpg;173415.jpg
075994.jpg;034464.jpg;127618.jpg
000814.jpg;005052.jpg;068973.jpg
052074.jpg;137796.jpg;088979.jpg
003917.jpg;042880.jpg;182633.jpg
009040.jpg;008859.jpg;033110.jpg
087441.jpg;049002.jpg;077403.jpg
168844.jpg;170683.jpg;141949.jpg
055728.jpg;039472.jpg;118742.jpg
198500.jpg;186942.jpg;125449.jpg
003865.jpg;063714.jpg;143532.jpg
052599.jpg;158654.jpg;061762.jpg
105806.jpg;019381.jpg;122939.jpg
049716.jpg;133158.jpg;051047.jpg
181068.jpg;166128.jpg;081817.jpg
154829.jpg;085740.jpg;037939.jpg
081467.jpg;081040.jpg;041233.jpg
149101.jpg;039057.jpg;057464.jpg
171895.jpg;179513.jpg;145729.jpg
009911.jpg;039776.jpg;047268.jpg
195950.jpg;200676.jpg;162459.jpg
044521.jpg;086267.jpg;176026.jpg
160627.jpg;153605.jpg;002831.jpg
050966.jpg;075497.jpg;112659.jpg
168609.jpg;178543.jpg;009991.jpg
078810.jpg;055284.jpg;182975.jpg
151984.jpg;038657.jpg;103612.jpg
106743.jpg;029447.jpg;121461.jpg
005854.jpg;058231.jpg;029485.jpg
065543.jpg;132697.jpg;174207.jpg
201308.jpg;184562.jpg;086965.jpg
029020.jpg;056693.jpg;047871.jpg
142505.jpg;151324.jpg;030393.jpg
004650.jpg;053386.jpg;090467.jpg
041887.jpg;085449.jpg;047537.jpg
021550.jpg;019318.jpg;145692.jpg
071813.jpg;008421.jpg;145586.jpg
065148.jpg;152769.jpg;066753.jpg
125313.jpg;066778.jpg;114962.jpg
165334.jpg;167691.jpg;045126.jpg
143467.jpg;076863.jpg;140121.jpg
123417.jpg;154318.jpg;094202.jpg
073621.jpg;131899.jpg;097564.jpg
163606.jpg;171212.jpg;074595.jpg
044017.jpg;039037.jpg;113466.jpg
044658.jpg;099225.jpg;036832.jpg
104394.jpg;155046.jpg;007178.jpg
176683.jpg;175462.jpg;176808.jpg
093254.jpg;059451.jpg;179543.jpg
194310.jpg;186605.jpg;070564.jpg
135832.jpg;072722.jpg;175074.jpg
200683.jpg;193837.jpg;157947.jpg
078724.jpg;147717.jpg;110989.jpg
087401.jpg;020973.jpg;111518.jpg
105428.jpg;110972.jpg;119248.jpg
080787.jpg;021883.jpg;003489.jpg
078396.jpg;067156.jpg;089220.jpg
157508.jpg;113663.jpg;045011.jpg
042057.jpg;048177.jpg;180500.jpg
092331.jpg;039637.jpg;061605.jpg
050822.jpg;023994.jpg;200310.jpg
179237.jpg;162816.jpg;136014.jpg
099718.jpg;155183.jpg;046416.jpg
120815.jpg;083343.jpg;053518.jpg
105797.jpg;146769.jpg;109141.jpg
187739.jpg;200397.jpg;156685.jpg
069284.jpg;029132.jpg;049785.jpg
024960.jpg;041855.jpg;028443.jpg
192289.jpg;194255.jpg;161968.jpg
099598.jpg;037429.jpg;144101.jpg
131096.jpg;002895.jpg;140641.jpg
063555.jpg;128421.jpg;086311.jpg
188090.jpg;197207.jpg;024770.jpg
134913.jpg;156971.jpg;016212.jpg
069511.jpg;011974.jpg;150986.jpg
011903.jpg;099614.jpg;076156.jpg
100657.jpg;085220.jpg;173134.jpg
067277.jpg;079764.jpg;009707.jpg
111415.jpg;041404.jpg;148693.jpg
103553.jpg;063799.jpg;166455.jpg
044276.jpg;087596.jpg;067166.jpg
140354.jpg;091406.jpg;160405.jpg
036606.jpg;143948.jpg;131617.jpg
166544.jpg;179640.jpg;079326.jpg
074978.jpg;130762.jpg;109822.jpg
067680.jpg;001218.jpg;001862.jpg
006155.jpg;062451.jpg;047384.jpg
157826.jpg;137347.jpg;018718.jpg
092698.jpg;104547.jpg;078481.jpg
069339.jpg;062546.jpg;006867.jpg
152694.jpg;150267.jpg;201414.jpg
032367.jpg;023379.jpg;181817.jpg
179582.jpg;176813.jpg;045065.jpg
154190.jpg;095380.jpg;158148.jpg
029304.jpg;098837.jpg;138949.jpg
076867.jpg;121816.jpg;041784.jpg
134414.jpg;139337.jpg;001897.jpg
043660.jpg;040006.jpg;169868.jpg
173272.jpg;174724.jpg;035582.jpg
089819.jpg;052885.jpg;105435.jpg
107623.jpg;134309.jpg;094345.jpg
163463.jpg;170210.jpg;137883.jpg
074680.jpg;058274.jpg;056021.jpg
033325.jpg;040260.jpg;069430.jpg
121417.jpg;146210.jpg;169755.jpg
122019.jpg;035613.jpg;182268.jpg
062651.jpg;005960.jpg;122365.jpg
031883.jpg;001638.jpg;050107.jpg
096785.jpg;119117.jpg;136057.jpg
140804.jpg;102832.jpg;100528.jpg
006616.jpg;046081.jpg;127982.jpg
036213.jpg;116383.jpg;014762.jpg
158712.jpg;105061.jpg;004838.jpg
025968.jpg;126369.jpg;181598.jpg
131307.jpg;061369.jpg;042400.jpg
181037.jpg;169318.jpg;172478.jpg
091727.jpg;157147.jpg;117802.jpg
080984.jpg;021774.jpg;003135.jpg
020212.jpg;005163.jpg;048298.jpg
100955.jpg;140923.jpg;166443.jpg
003755.jpg;105692.jpg;060819.jpg
140273.jpg;052670.jpg;139059.jpg
042933.jpg;093763.jpg;156050.jpg
192576.jpg;192384.jpg;116298.jpg
003614.jpg;124408.jpg;054983.jpg
095744.jpg;037320.jpg;153921.jpg
112014.jpg;101336.jpg;142613.jpg
166437.jpg;181229.jpg;109993.jpg
118032.jpg;048292.jpg;000044.jpg
180132.jpg;180282.jpg;014565.jpg
073510.jpg;001748.jpg;130823.jpg
118733.jpg;115135.jpg;052277.jpg
014036.jpg;109406.jpg;199859.jpg
038319.jpg;060071.jpg;161992.jpg
022671.jpg;061118.jpg;036455.jpg
033827.jpg;124421.jpg;124742.jpg
168154.jpg;168698.jpg;169169.jpg
108326.jpg;081614.jpg;046682.jpg
103434.jpg;090537.jpg;044934.jpg
187695.jpg;199858.jpg;071827.jpg
067592.jpg;100802.jpg;085457.jpg
027256.jpg;013263.jpg;004252.jpg
202427.jpg;198524.jpg;067092.jpg
075293.jpg;030469.jpg;075522.jpg
112271.jpg;003776.jpg;056475.jpg
081871.jpg;099185.jpg;123868.jpg
004918.jpg;137056.jpg;125987.jpg
000569.jpg;147910.jpg;106256.jpg
130082.jpg;113571.jpg;192823.jpg
049983.jpg;119206.jpg;146997.jpg
030462.jpg;126539.jpg;181012.jpg
197610.jpg;186349.jpg;111108.jpg
160921.jpg;127135.jpg;175627.jpg
016098.jpg;022134.jpg;166661.jpg
152008.jpg;040897.jpg;001486.jpg
159857.jpg;026471.jpg;013910.jpg
168133.jpg;167717.jpg;115536.jpg
031958.jpg;159142.jpg;056543.jpg
156061.jpg;135251.jpg;180570.jpg
020742.jpg;019993.jpg;016028.jpg
151366.jpg;156362.jpg;068012.jpg
102853.jpg;032629.jpg;014979.jpg
125616.jpg;013581.jpg;151024.jpg
136945.jpg;057623.jpg;073714.jpg
169878.jpg;180050.jpg;074518.jpg
169517.jpg;178510.jpg;158617.jpg
041166.jpg;152700.jpg;071743.jpg
044979.jpg;085622.jpg;177422.jpg
091567.jpg;131040.jpg;124651.jpg
152060.jpg;124090.jpg;191837.jpg
105236.jpg;060350.jpg;096547.jpg
133643.jpg;047211.jpg;131680.jpg
083532.jpg;099096.jpg;158192.jpg
028439.jpg;072180.jpg;024037.jpg
020784.jpg;088903.jpg;088359.jpg
081245.jpg;070503.jpg;051392.jpg
076233.jpg;063486.jpg;128444.jpg
065079.jpg;134157.jpg;195097.jpg
176116.jpg;179284.jpg;121276.jpg
168507.jpg;175364.jpg;013574.jpg
109729.jpg;104601.jpg;121722.jpg
086788.jpg;060311.jpg;194254.jpg
059364.jpg;086603.jpg;150451.jpg
098515.jpg;057902.jpg;060108.jpg
144931.jpg;075239.jpg;099148.jpg
035768.jpg;020761.jpg;011022.jpg
047566.jpg;142441.jpg;020161.jpg
017843.jpg;061330.jpg;152157.jpg
076295.jpg;138723.jpg;004790.jpg
027503.jpg;080773.jpg;022381.jpg
178036.jpg;162898.jpg;117294.jpg
008322.jpg;094809.jpg;149458.jpg
180410.jpg;167683.jpg;197967.jpg
036962.jpg;029943.jpg;202401.jpg
092054.jpg;048178.jpg;202181.jpg
168604.jpg;172020.jpg;129786.jpg
201054.jpg;195848.jpg;128057.jpg
103670.jpg;019355.jpg;095453.jpg
001861.jpg;005301.jpg;091030.jpg
018509.jpg;103652.jpg;087060.jpg
153254.jpg;102188.jpg;034427.jpg
003627.jpg;112545.jpg;075698.jpg
094939.jpg;105099.jpg;051224.jpg
076870.jpg;058397.jpg;033229.jpg
185792.jpg;201852.jpg;037572.jpg
163783.jpg;180884.jpg;112335.jpg
059813.jpg;113180.jpg;018231.jpg
034805.jpg;047875.jpg;046338.jpg
160667.jpg;062259.jpg;132908.jpg
149988.jpg;016888.jpg;151059.jpg
111914.jpg;086794.jpg;070251.jpg
189449.jpg;196137.jpg;048331.jpg
031395.jpg;151100.jpg;015986.jpg
113032.jpg;106158.jpg;179170.jpg
165150.jpg;180904.jpg;107213.jpg
035253.jpg;121800.jpg;044941.jpg
155031.jpg;056599.jpg;130808.jpg
167544.jpg;166700.jpg;004779.jpg
068337.jpg;142778.jpg;089453.jpg
141501.jpg;082903.jpg;075947.jpg
176094.jpg;182048.jpg;032474.jpg
101205.jpg;007346.jpg;178117.jpg
060454.jpg;021503.jpg;129481.jpg
160437.jpg;001727.jpg;126671.jpg
020461.jpg;114319.jpg;126707.jpg
053527.jpg;135054.jpg;008323.jpg
141617.jpg;048452.jpg;162373.jpg
077370.jpg;020734.jpg;118639.jpg
137213.jpg;136717.jpg;134611.jpg
031125.jpg;061668.jpg;050791.jpg
074899.jpg;154874.jpg;127099.jpg
181891.jpg;174634.jpg;006445.jpg
026092.jpg;014616.jpg;147718.jpg
029802.jpg;108846.jpg;008880.jpg
065783.jpg;150909.jpg;097325.jpg
031117.jpg;007801.jpg;086246.jpg
145749.jpg;047997.jpg;180087.jpg
133528.jpg;104579.jpg;031647.jpg
169817.jpg;175955.jpg;140051.jpg
107832.jpg;127212.jpg;149423.jpg
112289.jpg;155361.jpg;113153.jpg
087050.jpg;155269.jpg;088218.jpg
002175.jpg;102378.jpg;164081.jpg
032394.jpg;158647.jpg;131266.jpg
063916.jpg;102862.jpg;164829.jpg
175909.jpg;181992.jpg;111068.jpg
020181.jpg;136753.jpg;123247.jpg
169002.jpg;178308.jpg;101108.jpg
195456.jpg;185080.jpg;008382.jpg
140861.jpg;080876.jpg;034949.jpg
066812.jpg;138271.jpg;018494.jpg
048334.jpg;150199.jpg;139367.jpg
147480.jpg;097682.jpg;167496.jpg
040400.jpg;039135.jpg;006506.jpg
180340.jpg;177481.jpg;173428.jpg
126799.jpg;009134.jpg;164168.jpg
084078.jpg;123275.jpg;166444.jpg
102086.jpg;071532.jpg;132051.jpg
165484.jpg;177174.jpg;044079.jpg
148370.jpg;135476.jpg;168084.jpg
116677.jpg;055004.jpg;062864.jpg
159355.jpg;010359.jpg;177895.jpg
122264.jpg;141591.jpg;005678.jpg
007007.jpg;109810.jpg;182967.jpg
060569.jpg;043880.jpg;113012.jpg
072510.jpg;076828.jpg;040466.jpg
199104.jpg;193308.jpg;165151.jpg
030469.jpg;008388.jpg;035555.jpg
134382.jpg;051387.jpg;004313.jpg
017059.jpg;021818.jpg;070399.jpg
122496.jpg;064919.jpg;125922.jpg
198134.jpg;200835.jpg;113971.jpg
056002.jpg;087442.jpg;167388.jpg
184314.jpg;195402.jpg;200577.jpg
154779.jpg;081018.jpg;197018.jpg
062683.jpg;039022.jpg;187986.jpg
085340.jpg;121369.jpg;121216.jpg
133120.jpg;136607.jpg;068501.jpg
028197.jpg;147521.jpg;182303.jpg
193306.jpg;190376.jpg;184264.jpg
143985.jpg;099361.jpg;064103.jpg
020256.jpg;082148.jpg;061585.jpg
163117.jpg;167630.jpg;001053.jpg
148970.jpg;002156.jpg;039554.jpg
087266.jpg;040921.jpg;052221.jpg
026596.jpg;014880.jpg;184387.jpg
166436.jpg;173574.jpg;106417.jpg
009144.jpg;018497.jpg;135878.jpg
180870.jpg;169628.jpg;011209.jpg
201612.jpg;192940.jpg;054268.jpg
141386.jpg;158796.jpg;099982.jpg
078313.jpg;028948.jpg;032446.jpg
087132.jpg;025051.jpg;048661.jpg
137149.jpg;159130.jpg;094734.jpg
015523.jpg;142580.jpg;133484.jpg
013517.jpg;014544.jpg;161640.jpg
190817.jpg;193531.jpg;097622.jpg
102954.jpg;014210.jpg;058027.jpg
052645.jpg;139081.jpg;132491.jpg
107769.jpg;131907.jpg;039379.jpg
057110.jpg;010542.jpg;021240.jpg
020691.jpg;136469.jpg;123830.jpg
107667.jpg;073305.jpg;080119.jpg
169013.jpg;170332.jpg;027460.jpg
016794.jpg;032372.jpg;129801.jpg
199826.jpg;199356.jpg;045527.jpg
046350.jpg;004115.jpg;128935.jpg
196961.jpg;189740.jpg;194161.jpg
170509.jpg;175212.jpg;186959.jpg
076988.jpg;129648.jpg;030738.jpg
054509.jpg;110436.jpg;182909.jpg
101995.jpg;015107.jpg;141998.jpg
057691.jpg;142448.jpg;164038.jpg
064956.jpg;133733.jpg;182846.jpg
111586.jpg;015813.jpg;147756.jpg
153656.jpg;047925.jpg;077268.jpg
025064.jpg;063199.jpg;126669.jpg
158496.jpg;132316.jpg;129910.jpg
167805.jpg;177488.jpg;134820.jpg
029606.jpg;054102.jpg;158791.jpg
035463.jpg;073235.jpg;184977.jpg
070855.jpg;069440.jpg;161518.jpg
199680.jpg;193548.jpg;086256.jpg
201193.jpg;200822.jpg;119279.jpg
003547.jpg;038478.jpg;158115.jpg
170631.jpg;179211.jpg;140293.jpg
121142.jpg;047724.jpg;079655.jpg
150198.jpg;073078.jpg;051927.jpg
029447.jpg;081069.jpg;060723.jpg
161696.jpg;002213.jpg;037829.jpg
090689.jpg;064498.jpg;034986.jpg
023044.jpg;113046.jpg;132383.jpg
151609.jpg;132846.jpg;135019.jpg
009630.jpg;160224.jpg;053214.jpg
112977.jpg;047642.jpg;033320.jpg
148214.jpg;090456.jpg;078991.jpg
010169.jpg;044340.jpg;190108.jpg
022574.jpg;079125.jpg;095852.jpg
160477.jpg;039082.jpg;198991.jpg
165525.jpg;177919.jpg;163266.jpg
108835.jpg;093442.jpg;175006.jpg
045138.jpg;151307.jpg;033029.jpg
045208.jpg;142599.jpg;082532.jpg
065332.jpg;118854.jpg;079784.jpg
094093.jpg;103967.jpg;164366.jpg
113666.jpg;127799.jpg;125227.jpg
157904.jpg;047191.jpg;180960.jpg
114872.jpg;107993.jpg;111255.jpg
058559.jpg;044267.jpg;195763.jpg
195931.jpg;202151.jpg;132683.jpg
141358.jpg;132259.jpg;153902.jpg
076659.jpg;073749.jpg;067419.jpg
026893.jpg;060465.jpg;124865.jpg
199471.jpg;200817.jpg;111132.jpg
153558.jpg;050896.jpg;066208.jpg
170655.jpg;173033.jpg;122777.jpg
191461.jpg;191321.jpg;029507.jpg
087680.jpg;007230.jpg;164539.jpg
053620.jpg;031387.jpg;056861.jpg
084254.jpg;003893.jpg;053871.jpg
163161.jpg;179789.jpg;165430.jpg
048775.jpg;159505.jpg;132636.jpg
100896.jpg;105766.jpg;148074.jpg
191270.jpg;189758.jpg;058443.jpg
174844.jpg;165491.jpg;065512.jpg
090863.jpg;042296.jpg;123579.jpg
157987.jpg;129011.jpg;078666.jpg
179259.jpg;168211.jpg;092101.jpg
029949.jpg;081109.jpg;049263.jpg
185949.jpg;194128.jpg;091597.jpg
059424.jpg;021074.jpg;152778.jpg
170529.jpg;181731.jpg;033504.jpg
196543.jpg;189145.jpg;023646.jpg
022348.jpg;111715.jpg;184248.jpg
066701.jpg;080726.jpg;119676.jpg
165552.jpg;166131.jpg;048223.jpg
117705.jpg;035484.jpg;128230.jpg
039047.jpg;135331.jpg;099089.jpg
193380.jpg;196261.jpg;187390.jpg
166003.jpg;164989.jpg;133800.jpg
111571.jpg;005595.jpg;016337.jpg
112821.jpg;076815.jpg;166494.jpg
018429.jpg;101988.jpg;077490.jpg
008515.jpg;149941.jpg;111207.jpg
069444.jpg;018462.jpg;142215.jpg
105370.jpg;053727.jpg;141272.jpg
186408.jpg;186090.jpg;131999.jpg
087260.jpg;079240.jpg;084897.jpg
021363.jpg;028177.jpg;098669.jpg
048722.jpg;062479.jpg;176275.jpg
014457.jpg;062209.jpg;174330.jpg
060314.jpg;043696.jpg;124279.jpg
081722.jpg;103402.jpg;126420.jpg
116456.jpg;065467.jpg;096795.jpg
182625.jpg;170084.jpg;170405.jpg
004675.jpg;069144.jpg;059372.jpg
033656.jpg;029298.jpg;156353.jpg
178610.jpg;182053.jpg;023005.jpg
076335.jpg;147824.jpg;087448.jpg
107103.jpg;023475.jpg;076491.jpg
003083.jpg;115294.jpg;087967.jpg
012481.jpg;079802.jpg;177134.jpg
062180.jpg;127469.jpg;161111.jpg
065059.jpg;142854.jpg;120888.jpg
174449.jpg;177513.jpg;077693.jpg
116457.jpg;063156.jpg;172737.jpg
179650.jpg;171855.jpg;053760.jpg
163231.jpg;171521.jpg;033256.jpg
014179.jpg;008971.jpg;086743.jpg
173307.jpg;175283.jpg;190771.jpg
022162.jpg;136071.jpg;053431.jpg
134877.jpg;077905.jpg;150765.jpg
032220.jpg;022471.jpg;195135.jpg
150860.jpg;012766.jpg;015439.jpg
151701.jpg;005051.jpg;143211.jpg
114766.jpg;136745.jpg;039584.jpg
061745.jpg;037364.jpg;173089.jpg
078651.jpg;061227.jpg;002973.jpg
158393.jpg;007688.jpg;133004.jpg
194263.jpg;193535.jpg;013149.jpg
159888.jpg;037156.jpg;138674.jpg
006772.jpg;064934.jpg;173980.jpg
180531.jpg;172131.jpg;069043.jpg
049402.jpg;092060.jpg;021322.jpg
010560.jpg;067504.jpg;187008.jpg
112867.jpg;036922.jpg;094333.jpg
166674.jpg;174063.jpg;083907.jpg
131500.jpg;009386.jpg;067647.jpg
164906.jpg;180196.jpg;111063.jpg
092094.jpg;135513.jpg;098761.jpg
050447.jpg;059657.jpg;054283.jpg
031109.jpg;073184.jpg;006338.jpg
060556.jpg;001484.jpg;076107.jpg
139377.jpg;145110.jpg;094182.jpg
015732.jpg;038550.jpg;193747.jpg
103189.jpg;059000.jpg;091202.jpg
136318.jpg;049199.jpg;068778.jpg
017607.jpg;064602.jpg;016611.jpg
092949.jpg;065547.jpg;163143.jpg
051006.jpg;078003.jpg;004463.jpg
036878.jpg;022467.jpg;188615.jpg
139663.jpg;147199.jpg;169802.jpg
102412.jpg;091051.jpg;137562.jpg
045928.jpg;126768.jpg;067288.jpg
019637.jpg;024967.jpg;134916.jpg
065534.jpg;148327.jpg;026098.jpg
032802.jpg;142494.jpg;179496.jpg
149756.jpg;078985.jpg;133389.jpg
012928.jpg;015189.jpg;179996.jpg
194134.jpg;190248.jpg;183836.jpg
183821.jpg;190000.jpg;099761.jpg
156135.jpg;071001.jpg;062934.jpg
044705.jpg;102138.jpg;011957.jpg
073753.jpg;158031.jpg;115603.jpg
012556.jpg;137294.jpg;119155.jpg
060487.jpg;048792.jpg;182838.jpg
168923.jpg;162937.jpg;174276.jpg
079847.jpg;021920.jpg;052449.jpg
054246.jpg;136418.jpg;114762.jpg
011859.jpg;040724.jpg;169298.jpg
198464.jpg;199965.jpg;018111.jpg
127635.jpg;030249.jpg;188819.jpg
043203.jpg;158168.jpg;061954.jpg
153226.jpg;140604.jpg;132612.jpg
096571.jpg;126709.jpg;073990.jpg
021526.jpg;063172.jpg;188290.jpg
034393.jpg;016319.jpg;175330.jpg
031727.jpg;017353.jpg;015035.jpg
036209.jpg;067285.jpg;034365.jpg
196801.jpg;194467.jpg;103446.jpg
103498.jpg;046667.jpg;076772.jpg
107621.jpg;124924.jpg;098047.jpg
192042.jpg;183496.jpg;173869.jpg
133022.jpg;118165.jpg;044307.jpg
040407.jpg;100889.jpg;139894.jpg
143451.jpg;021927.jpg;148023.jpg
157123.jpg;000232.jpg;072151.jpg
090987.jpg;078514.jpg;141593.jpg
181978.jpg;173291.jpg;136124.jpg
137390.jpg;012576.jpg;074137.jpg
004697.jpg;120278.jpg;041184.jpg
185360.jpg;186366.jpg;125645.jpg
113817.jpg;012552.jpg;064476.jpg
148485.jpg;007593.jpg;164095.jpg
000883.jpg;071455.jpg;197456.jpg
118776.jpg;077484.jpg;073923.jpg
021072.jpg;074626.jpg;092994.jpg
152058.jpg;153107.jpg;186967.jpg
172340.jpg;167655.jpg;038343.jpg
015155.jpg;113956.jpg;028391.jpg
192181.jpg;196305.jpg;037705.jpg
018438.jpg;004059.jpg;175913.jpg
184588.jpg;184026.jpg;099207.jpg
092902.jpg;093467.jpg;054200.jpg
128451.jpg;079632.jpg;199217.jpg
134435.jpg;101135.jpg;084629.jpg
110810.jpg;018628.jpg;045011.jpg
045139.jpg;077565.jpg;053709.jpg
036111.jpg;068818.jpg;001043.jpg
137614.jpg;089345.jpg;000140.jpg
029615.jpg;020403.jpg;028759.jpg
170541.jpg;172450.jpg;152372.jpg
004586.jpg;035285.jpg;169620.jpg
163604.jpg;178819.jpg;021726.jpg
194342.jpg;185926.jpg;130455.jpg
187898.jpg;200521.jpg;190364.jpg
103784.jpg;018215.jpg;092101.jpg
133652.jpg;067651.jpg;195338.jpg
191733.jpg;187709.jpg;111161.jpg
033563.jpg;019998.jpg;119141.jpg
009296.jpg;096225.jpg;156622.jpg
088039.jpg;042089.jpg;077656.jpg
116975.jpg;100366.jpg;123979.jpg
107249.jpg;136839.jpg;155508.jpg
126902.jpg;067808.jpg;106974.jpg
128552.jpg;008962.jpg;009048.jpg
024394.jpg;140623.jpg;129023.jpg
109134.jpg;136970.jpg;008200.jpg
056428.jpg;149889.jpg;074580.jpg
110680.jpg;102775.jpg;060667.jpg
141262.jpg;025200.jpg;081444.jpg
176000.jpg;168468.jpg;160041.jpg
048614.jpg;060778.jpg;079934.jpg
058247.jpg;019119.jpg;149491.jpg
145140.jpg;098608.jpg;008748.jpg
062689.jpg;024648.jpg;173294.jpg
201377.jpg;200709.jpg;028061.jpg
144178.jpg;058675.jpg;176969.jpg
104661.jpg;157733.jpg;047305.jpg
168353.jpg;179578.jpg;111724.jpg
129449.jpg;030762.jpg;102326.jpg
120677.jpg;035102.jpg;072282.jpg
089476.jpg;071808.jpg;078055.jpg
199014.jpg;187995.jpg;005515.jpg
054256.jpg;071688.jpg;195313.jpg
136093.jpg;139299.jpg;155068.jpg
077811.jpg;035584.jpg;154806.jpg
182712.jpg;198087.jpg;092043.jpg
136390.jpg;118678.jpg;026233.jpg
083686.jpg;097076.jpg;066187.jpg
014157.jpg;159532.jpg;031046.jpg
075721.jpg;007722.jpg;057367.jpg
081295.jpg;125389.jpg;133539.jpg
079703.jpg;004870.jpg;056034.jpg
113699.jpg;053027.jpg;130024.jpg
045642.jpg;108939.jpg;004582.jpg
022961.jpg;010678.jpg;027772.jpg
035801.jpg;055596.jpg;097080.jpg
042772.jpg;031942.jpg;139069.jpg
029593.jpg;108811.jpg;145611.jpg
018599.jpg;039816.jpg;073342.jpg
193401.jpg;197645.jpg;196952.jpg
170147.jpg;175116.jpg;044055.jpg
130250.jpg;067147.jpg;192309.jpg
082758.jpg;049891.jpg;156036.jpg
090855.jpg;118977.jpg;020286.jpg
176283.jpg;164543.jpg;052172.jpg
161469.jpg;090471.jpg;053055.jpg
141048.jpg;023586.jpg;087476.jpg
138992.jpg;138551.jpg;134848.jpg
043609.jpg;035196.jpg;186756.jpg
168926.jpg;165140.jpg;175914.jpg
174874.jpg;170993.jpg;086216.jpg
151701.jpg;138583.jpg;047381.jpg
146661.jpg;131191.jpg;175783.jpg
021923.jpg;010710.jpg;070803.jpg
049274.jpg;006171.jpg;136055.jpg
077740.jpg;056159.jpg;188825.jpg
091268.jpg;137201.jpg;095053.jpg
025302.jpg;070704.jpg;012429.jpg
135291.jpg;146328.jpg;199740.jpg
140546.jpg;123886.jpg;184385.jpg
033200.jpg;059263.jpg;099944.jpg